1413393890105760512.000000000 0.03131 0.00705 0.18942 0.02734 0.81907 0.02250 0.57260
1413393890205760512.000000000 0.05043 0.02653 0.24780 0.01868 0.81494 0.01646 0.57901
1413393890305760256.000000000 0.07124 0.04946 0.28681 0.01136 0.81256 0.01077 0.58266
1413393890405760512.000000000 0.09289 0.07399 0.30504 0.00608 0.81200 0.00657 0.58359
1413393890505760512.000000000 0.11511 0.09923 0.30681 0.00081 0.80548 0.00276 0.59262
1413393890605760512.000000000 0.13503 0.12511 0.30838 -0.00181 0.79319 0.00116 0.60898
1413393890705760512.000000000 0.14865 0.14898 0.30704 0.00029 0.79472 0.00275 0.60697
1413393890805760256.000000000 0.15517 0.17211 0.30707 0.00242 0.80228 0.00454 0.59693
1413393890905760512.000000000 0.15952 0.19738 0.31316 0.00409 0.80778 0.00535 0.58945
1413393891005760512.000000000 0.15966 0.22084 0.31954 0.00558 0.81055 0.00655 0.58560
1413393891105760512.000000000 0.16211 0.24791 0.33324 0.00607 0.81097 0.00756 0.58500
1413393891205760512.000000000 0.16223 0.27386 0.34784 0.00423 0.81071 0.00740 0.58539
1413393891305760256.000000000 0.16481 0.30286 0.35619 0.00291 0.80446 0.00757 0.59396
1413393891405760512.000000000 0.16357 0.33167 0.35305 -0.00023 0.77273 0.00750 0.63469
1413393891505760512.000000000 0.14891 0.36177 0.34203 -0.00526 0.73809 0.00668 0.67465
1413393891605760512.000000000 0.11137 0.39264 0.33019 -0.00482 0.72524 0.00848 0.68843
1413393891705760512.000000000 0.04673 0.42625 0.32284 -0.00472 0.72491 0.00866 0.68877
1413393891805760256.000000000 -0.04344 0.45796 0.32208 -0.00365 0.72777 0.00915 0.68575
1413393891905760512.000000000 -0.16183 0.48556 0.32440 -0.00162 0.74080 0.00925 0.67166
1413393892005760512.000000000 -0.30037 0.51949 0.33438 0.00014 0.76980 0.00813 0.63824
1413393892105760512.000000000 -0.45462 0.54809 0.35021 0.00222 0.79559 0.00763 0.60579
1413393892205760512.000000000 -0.61135 0.57836 0.37031 0.00504 0.80930 0.00749 0.58733
1413393892305760256.000000000 -0.76671 0.61010 0.38651 0.00793 0.81416 0.00656 0.58055
1413393892405760512.000000000 -0.91496 0.63995 0.39264 0.00967 0.81850 0.00514 0.57440
1413393892505760512.000000000 -1.05711 0.66963 0.38787 0.01220 0.82088 0.00429 0.57096
1413393892605760512.000000000 -1.19270 0.70101 0.37151 0.01300 0.82471 0.00258 0.56540
1413393892705760512.000000000 -1.32084 0.73408 0.34863 0.01522 0.83464 0.00210 0.55058
1413393892805760256.000000000 -1.43970 0.77036 0.32467 0.01695 0.84966 0.00240 0.52706
1413393892905760512.000000000 -1.54276 0.81074 0.30553 0.01810 0.86217 0.00186 0.50630
1413393893005760512.000000000 -1.62334 0.85310 0.29186 0.01896 0.87131 0.00341 0.49036
1413393893105760512.000000000 -1.67753 0.89751 0.28504 0.01814 0.87401 0.00488 0.48554
1413393893205760512.000000000 -1.69986 0.94377 0.28803 0.01717 0.86923 0.00676 0.49406
1413393893305760256.000000000 -1.68319 0.98652 0.30125 0.01352 0.86340 0.00497 0.50432
1413393893405760512.000000000 -1.65155 1.03022 0.31579 0.00418 0.85957 -0.00279 0.51099
1413393893505760512.000000000 -1.60641 1.07432 0.33000 -0.00531 0.85731 -0.00921 0.51468
1413393893605760512.000000000 -1.54530 1.11488 0.34586 -0.01313 0.85494 -0.01340 0.51838
1413393893705760512.000000000 -1.46927 1.15178 0.36036 -0.02130 0.85449 -0.01839 0.51870
1413393893805760256.000000000 -1.37796 1.18200 0.37827 -0.02567 0.85051 -0.02107 0.52490
1413393893905760512.000000000 -1.27401 1.20619 0.39969 -0.02424 0.84032 -0.02027 0.54117
1413393894005760512.000000000 -1.16045 1.22419 0.42253 -0.02176 0.82895 -0.01864 0.55859
1413393894105760512.000000000 -1.04161 1.23593 0.44528 -0.02082 0.82332 -0.01689 0.56695
1413393894205760512.000000000 -0.91882 1.24337 0.46872 -0.02319 0.82201 -0.01748 0.56873
1413393894305760256.000000000 -0.79336 1.24399 0.49136 -0.02541 0.82136 -0.01952 0.56951
1413393894405760512.000000000 -0.66641 1.23898 0.50342 -0.02456 0.82099 -0.01884 0.57011
1413393894505760512.000000000 -0.53687 1.22919 0.49737 -0.02104 0.81992 -0.01581 0.57188
1413393894605760512.000000000 -0.40470 1.21455 0.48004 -0.01551 0.81826 -0.01241 0.57450
1413393894705760512.000000000 -0.27059 1.19541 0.45874 -0.01166 0.81613 -0.00987 0.57767
1413393894805760256.000000000 -0.13699 1.17282 0.43902 -0.01154 0.81531 -0.00815 0.57885
1413393894905760512.000000000 -0.00501 1.14781 0.42292 -0.01118 0.81250 -0.00624 0.58282
1413393895005760512.000000000 0.12538 1.12147 0.41178 -0.00990 0.80598 -0.00390 0.59185
1413393895105760512.000000000 0.25517 1.09451 0.40308 -0.00902 0.80146 -0.00160 0.59798
1413393895205760512.000000000 0.38031 1.06618 0.39579 -0.00843 0.80408 0.00020 0.59446
1413393895305760256.000000000 0.50108 1.03745 0.38971 -0.00801 0.80462 0.00115 0.59374
1413393895405760512.000000000 0.61479 1.00930 0.37842 -0.00732 0.80131 0.00163 0.59820
1413393895505760512.000000000 0.72294 0.97971 0.35705 -0.00475 0.79959 0.00006 0.60053
1413393895605760512.000000000 0.82932 0.94789 0.33336 -0.00109 0.80025 -0.00880 0.59960
1413393895705760512.000000000 0.93093 0.91465 0.31550 0.01066 0.79808 -0.01820 0.60218
1413393895805760256.000000000 1.02716 0.88029 0.30143 0.02331 0.79460 -0.03399 0.60573
1413393895905760512.000000000 1.11696 0.84437 0.29170 0.04200 0.79190 -0.05540 0.60668
1413393896005760512.000000000 1.19636 0.80803 0.28474 0.06409 0.79096 -0.08247 0.60289
1413393896105760512.000000000 1.26899 0.77311 0.27823 0.09182 0.78766 -0.11326 0.59861
1413393896205760512.000000000 1.33393 0.74157 0.27532 0.11928 0.77974 -0.14580 0.59709
1413393896305760256.000000000 1.38920 0.71527 0.27566 0.15018 0.76530 -0.17707 0.60034
1413393896405760512.000000000 1.43730 0.69580 0.27879 0.17656 0.74940 -0.21251 0.60172
1413393896505760512.000000000 1.47233 0.68628 0.28595 0.18862 0.73394 -0.25765 0.59947
1413393896605760512.000000000 1.49330 0.68317 0.29499 0.19737 0.72367 -0.30530 0.58664
1413393896705760512.000000000 1.50681 0.68028 0.30661 0.20608 0.71348 -0.34930 0.57138
1413393896805760256.000000000 1.51279 0.67455 0.32008 0.21148 0.70080 -0.39212 0.55714
1413393896905760512.000000000 1.50955 0.66353 0.33411 0.21492 0.69065 -0.43364 0.53738
1413393897005760512.000000000 1.49477 0.64329 0.34887 0.22318 0.69197 -0.46539 0.50477
1413393897105760512.000000000 1.47347 0.60649 0.35942 0.24602 0.70701 -0.47650 0.46104
1413393897205760512.000000000 1.45801 0.55444 0.36802 0.28195 0.71843 -0.46660 0.43203
1413393897305760256.000000000 1.44598 0.49019 0.37680 0.32837 0.71851 -0.44090 0.42605
1413393897405760512.000000000 1.45345 0.42045 0.38603 0.35505 0.70980 -0.42410 0.43619
1413393897505760512.000000000 1.48261 0.34999 0.39326 0.35231 0.69825 -0.42468 0.45604
1413393897605760512.000000000 1.52056 0.28441 0.39774 0.34246 0.69244 -0.42902 0.46817
1413393897705760512.000000000 1.56893 0.22155 0.40141 0.33288 0.69309 -0.43191 0.47145
1413393897805760256.000000000 1.62492 0.15942 0.40644 0.32954 0.69589 -0.43063 0.47085
1413393897905760512.000000000 1.68143 0.10074 0.41509 0.33385 0.69634 -0.43047 0.46729
1413393898005760512.000000000 1.74347 0.04459 0.42648 0.34741 0.69388 -0.43283 0.45880
1413393898105760512.000000000 1.81606 -0.01205 0.43841 0.37136 0.68292 -0.43693 0.45255
1413393898205760512.000000000 1.89676 -0.06219 0.45377 0.39632 0.65424 -0.44550 0.46522
1413393898305760256.000000000 1.98150 -0.09922 0.47684 0.41600 0.61835 -0.45376 0.48855
1413393898405760512.000000000 2.07539 -0.12191 0.49987 0.42372 0.58064 -0.46213 0.51938
1413393898505760512.000000000 2.16427 -0.11997 0.52155 0.42142 0.54803 -0.46981 0.54895
1413393898605760512.000000000 2.24305 -0.09360 0.52795 0.38878 0.55281 -0.49883 0.54260
1413393898705760512.000000000 2.30760 -0.04612 0.52327 0.34891 0.57678 -0.53354 0.51080
1413393898805760256.000000000 2.35538 0.01250 0.51024 0.30757 0.60755 -0.56675 0.46376
1413393898905760512.000000000 2.38480 0.06522 0.50104 0.27466 0.63318 -0.59279 0.41503
1413393899005760512.000000000 2.40083 0.09456 0.50311 0.26019 0.65354 -0.60519 0.37274
1413393899105760512.000000000 2.41166 0.08631 0.51984 0.28300 0.66712 -0.59352 0.35014
1413393899205760512.000000000 2.42645 0.04026 0.55458 0.34201 0.65386 -0.55914 0.37797
1413393899305760256.000000000 2.44937 -0.02034 0.59837 0.40292 0.61521 -0.51718 0.43784
1413393899405760512.000000000 2.47716 -0.07348 0.64113 0.44262 0.57207 -0.48136 0.49509
1413393899505760512.000000000 2.50472 -0.10293 0.68272 0.45932 0.53473 -0.45687 0.54255
1413393899605760512.000000000 2.52665 -0.09709 0.72159 0.45824 0.50668 -0.44379 0.57994
1413393899705760512.000000000 2.53690 -0.05083 0.74951 0.43042 0.50883 -0.45565 0.59010
1413393899805760256.000000000 2.53379 0.02615 0.76411 0.37964 0.54185 -0.49245 0.56548
1413393899905760512.000000000 2.51313 0.12445 0.76969 0.31714 0.58232 -0.53713 0.52137
1413393900005760512.000000000 2.47455 0.22815 0.76927 0.25943 0.61925 -0.57809 0.46373
1413393900105760512.000000000 2.41794 0.31666 0.76924 0.23247 0.63927 -0.60132 0.41917
1413393900205760512.000000000 2.34700 0.37617 0.76716 0.23548 0.65556 -0.60624 0.38376
1413393900305760256.000000000 2.26865 0.40095 0.76259 0.26344 0.67093 -0.59341 0.35820
1413393900405760512.000000000 2.19646 0.39586 0.75685 0.31017 0.67267 -0.56857 0.35782
1413393900505760512.000000000 2.12774 0.36082 0.74896 0.35813 0.66029 -0.53566 0.38578
1413393900605760512.000000000 2.07435 0.31818 0.73361 0.40531 0.62985 -0.50317 0.43108
1413393900705760512.000000000 2.02845 0.28117 0.70792 0.44090 0.59192 -0.47362 0.48055
1413393900805760256.000000000 1.98693 0.26470 0.67202 0.45327 0.56302 -0.45895 0.51664
1413393900905760512.000000000 1.94553 0.27622 0.63437 0.43762 0.55473 -0.46825 0.53057
1413393901005760512.000000000 1.89920 0.31716 0.59572 0.39842 0.56823 -0.49780 0.52017
1413393901105760512.000000000 1.84528 0.37628 0.56058 0.35840 0.59340 -0.52792 0.49063
1413393901205760512.000000000 1.78253 0.44065 0.53030 0.33137 0.62915 -0.54863 0.43974
1413393901305760256.000000000 1.71716 0.49381 0.50853 0.31986 0.65608 -0.55685 0.39645
1413393901405760512.000000000 1.65623 0.52803 0.49502 0.31439 0.67044 -0.56067 0.37055
1413393901505760512.000000000 1.60529 0.53900 0.48473 0.31204 0.67920 -0.56288 0.35282
1413393901605760512.000000000 1.56130 0.52445 0.48010 0.31882 0.68527 -0.55795 0.34271
1413393901705760512.000000000 1.53095 0.48163 0.48347 0.34902 0.68157 -0.53665 0.35448
1413393901805760256.000000000 1.51809 0.41727 0.49228 0.38105 0.66516 -0.51373 0.38529
1413393901905760512.000000000 1.51922 0.34766 0.49842 0.39149 0.64810 -0.50733 0.41149
1413393902005760512.000000000 1.53254 0.28013 0.50361 0.38955 0.64128 -0.51075 0.41971
1413393902105760512.000000000 1.55217 0.21201 0.50991 0.38680 0.63984 -0.51407 0.42038
1413393902205760512.000000000 1.57585 0.14245 0.51880 0.38810 0.63986 -0.51337 0.42001
1413393902305760256.000000000 1.61090 0.07288 0.52657 0.38957 0.63966 -0.51303 0.41938
1413393902405760512.000000000 1.64860 -0.00251 0.53072 0.39195 0.63882 -0.51155 0.42023
1413393902505760512.000000000 1.69672 -0.07288 0.52835 0.39678 0.63570 -0.50808 0.42463
1413393902605760512.000000000 1.74853 -0.14432 0.52866 0.39681 0.63493 -0.50805 0.42577
1413393902705760512.000000000 1.81072 -0.21344 0.54014 0.39561 0.63548 -0.50958 0.42424
1413393902805760256.000000000 1.88444 -0.27905 0.56340 0.38732 0.63460 -0.51631 0.42507
1413393902905760512.000000000 1.96261 -0.34822 0.59306 0.36451 0.63145 -0.53333 0.42891
1413393903005760512.000000000 2.04310 -0.41990 0.62503 0.34047 0.62907 -0.55095 0.42989
1413393903105760512.000000000 2.12164 -0.50007 0.65970 0.33279 0.62585 -0.55748 0.43218
1413393903205760512.000000000 2.19505 -0.58731 0.69616 0.34541 0.62266 -0.54986 0.43663
1413393903305760256.000000000 2.26401 -0.68118 0.72920 0.36156 0.61776 -0.54413 0.43769
1413393903405760512.000000000 2.32700 -0.77598 0.75431 0.37668 0.60792 -0.54945 0.43204
1413393903505760512.000000000 2.38567 -0.86972 0.76185 0.38845 0.58815 -0.56660 0.42679
1413393903605760512.000000000 2.44126 -0.96133 0.75137 -0.40156 -0.56022 0.58525 -0.42707
1413393903705760512.000000000 2.49056 -1.04694 0.73896 -0.41475 -0.52994 0.60118 -0.43096
1413393903805760256.000000000 2.53405 -1.13014 0.72825 -0.42193 -0.50606 0.61729 -0.42992
1413393903905760512.000000000 2.56855 -1.20557 0.72009 -0.41730 -0.48854 0.63518 -0.42864
1413393904005760512.000000000 2.59317 -1.27570 0.71772 -0.41412 -0.47552 0.64736 -0.42814
1413393904105760512.000000000 2.60152 -1.33559 0.71386 -0.41614 -0.47173 0.65225 -0.42292
1413393904205760512.000000000 2.60077 -1.39233 0.70332 -0.42089 -0.47727 0.65296 -0.41074
1413393904305760256.000000000 2.58754 -1.44274 0.69462 -0.42609 -0.48341 0.65142 -0.40052
1413393904405760512.000000000 2.56540 -1.49102 0.70381 -0.43007 -0.48439 0.65023 -0.39699
1413393904505760512.000000000 2.53018 -1.53474 0.73155 -0.43505 -0.48071 0.65264 -0.39205
1413393904605760512.000000000 2.48684 -1.57799 0.76833 -0.44573 -0.48100 0.65731 -0.37136
1413393904705760512.000000000 2.43804 -1.61711 0.79702 -0.45103 -0.48797 0.66989 -0.33122
1413393904805760256.000000000 2.38911 -1.65829 0.81593 -0.45401 -0.48595 0.68584 -0.29555
1413393904905760512.000000000 2.34145 -1.70605 0.82957 -0.46423 -0.47326 0.69742 -0.27226
1413393905005760512.000000000 2.29586 -1.76602 0.83817 -0.48988 -0.44825 0.69942 -0.26438
1413393905105760512.000000000 2.25443 -1.83427 0.83680 0.51466 0.42001 -0.70124 0.25880
1413393905205760512.000000000 2.21878 -1.90619 0.81972 0.53042 0.38989 -0.70883 0.25341
1413393905305760256.000000000 2.18983 -1.97712 0.79287 0.53945 0.35839 -0.72029 0.24847
1413393905405760512.000000000 2.16586 -2.04891 0.76690 0.54456 0.32948 -0.73285 0.24049
1413393905505760512.000000000 2.14577 -2.12023 0.74489 0.54899 0.30190 -0.74491 0.22931
1413393905605760512.000000000 2.12944 -2.18751 0.72486 0.54668 0.27008 -0.76092 0.22181
1413393905705760512.000000000 2.11424 -2.24873 0.70828 0.54566 0.23643 -0.77452 0.21560
1413393905805760256.000000000 2.09669 -2.30166 0.69596 0.54605 0.20138 -0.78526 0.21131
1413393905905760512.000000000 2.07416 -2.34491 0.68528 0.53473 0.16985 -0.80175 0.20595
1413393906005760512.000000000 2.04095 -2.37819 0.68075 0.52294 0.14598 -0.81744 0.19241
1413393906105760512.000000000 1.99390 -2.40159 0.68456 0.52573 0.13884 -0.82402 0.15915
1413393906205760512.000000000 1.93548 -2.42009 0.68710 0.54396 0.13675 -0.81861 0.12363
1413393906305760256.000000000 1.87216 -2.43651 0.68230 0.56785 0.13271 -0.80673 0.09553
1413393906405760512.000000000 1.80693 -2.45505 0.66494 0.58162 0.12483 -0.80009 0.07737
1413393906505760512.000000000 1.74873 -2.47317 0.63469 0.59024 0.11250 -0.79653 0.06709
1413393906605760512.000000000 1.69576 -2.49310 0.59167 0.59428 0.09377 -0.79601 0.06649
1413393906705760512.000000000 1.64921 -2.51139 0.53990 0.59473 0.06790 -0.79738 0.07663
1413393906805760256.000000000 1.60794 -2.52542 0.48986 0.59576 0.04471 -0.79663 0.09189
1413393906905760512.000000000 1.57044 -2.53174 0.44355 0.60093 0.03448 -0.79295 0.09444
1413393907005760512.000000000 1.53491 -2.53003 0.39935 0.60626 0.03236 -0.78939 0.09093
1413393907105760512.000000000 1.50408 -2.52051 0.35632 0.60639 0.04416 -0.79070 0.07168
1413393907205760512.000000000 1.48007 -2.50527 0.31385 0.60364 0.05661 -0.79354 0.05207
1413393907305760256.000000000 1.46290 -2.48882 0.27438 0.60131 0.07691 -0.79501 0.02160
1413393907405760512.000000000 1.45203 -2.47912 0.23896 0.59854 0.09171 -0.79582 -0.00277
1413393907505760512.000000000 1.44629 -2.48234 0.21322 0.59372 0.08379 -0.80027 0.00752
1413393907605760512.000000000 1.44405 -2.49636 0.20677 0.59328 0.06640 -0.80161 0.03212
1413393907705760512.000000000 1.44488 -2.51301 0.20367 0.58901 0.05631 -0.80485 0.04593
1413393907805760256.000000000 1.44661 -2.52888 0.18752 0.58789 0.05182 -0.80559 0.05212
1413393907905760512.000000000 1.45177 -2.54242 0.15134 0.59276 0.04846 -0.80197 0.05594
1413393908005760512.000000000 1.45816 -2.55369 0.09844 0.59854 0.05084 -0.79790 0.05026
1413393908105760512.000000000 1.46987 -2.56365 0.04651 0.59904 0.05484 -0.79773 0.04216
1413393908205760512.000000000 1.48782 -2.57349 0.00259 0.59193 0.05694 -0.80315 0.03646
1413393908305760256.000000000 1.52040 -2.58342 -0.02804 0.59447 0.05692 -0.80134 0.03485
1413393908405760512.000000000 1.55487 -2.59497 -0.05046 0.60406 0.05437 -0.79426 0.03609
1413393908505760512.000000000 1.58580 -2.60819 -0.07416 0.60094 0.05158 -0.79676 0.03735
1413393908605760512.000000000 1.62141 -2.62190 -0.09690 0.59384 0.04843 -0.80219 0.03857
1413393908705760512.000000000 1.65946 -2.63509 -0.11955 0.58568 0.03309 -0.80788 0.05662
1413393908805760256.000000000 1.70185 -2.64237 -0.13391 0.58732 0.01099 -0.80486 0.08441
1413393908905760512.000000000 1.74395 -2.63541 -0.12501 0.60141 0.00891 -0.79454 0.08331
1413393909005760512.000000000 1.78628 -2.61628 -0.10765 0.60228 0.02604 -0.79591 0.05576
1413393909105760512.000000000 1.83161 -2.59289 -0.08262 0.59727 0.03939 -0.80045 0.03165
1413393909205760512.000000000 1.87942 -2.57122 -0.05536 0.59422 0.04425 -0.80288 0.01825
1413393909305760256.000000000 1.93012 -2.55334 -0.03486 0.59612 0.04456 -0.80157 0.01135
1413393909405760512.000000000 1.98477 -2.53890 -0.02520 0.59634 0.04345 -0.80154 0.00615
1413393909505760512.000000000 2.04146 -2.52704 -0.02799 0.59513 0.04073 -0.80258 0.00500
1413393909605760512.000000000 2.10427 -2.52018 -0.04221 0.58702 0.03812 -0.80867 0.00352
1413393909705760512.000000000 2.16468 -2.51664 -0.06923 0.56949 0.03502 -0.82125 0.00018
1413393909805760256.000000000 2.22299 -2.51737 -0.10329 0.55198 0.03064 -0.83328 -0.00350
1413393909905760512.000000000 2.27326 -2.52306 -0.14474 0.53841 0.02609 -0.84224 -0.00749
1413393910005760512.000000000 2.31487 -2.53455 -0.19337 0.52890 0.02177 -0.84833 -0.01129
1413393910105760512.000000000 2.34334 -2.55262 -0.23890 0.52061 0.01636 -0.85355 -0.01253
1413393910205760512.000000000 2.35132 -2.57695 -0.26880 0.51410 0.00981 -0.85760 -0.01166
1413393910305760256.000000000 2.33460 -2.60624 -0.27983 0.50811 0.00538 -0.86119 -0.01191
1413393910405760512.000000000 2.28687 -2.63830 -0.27406 -0.49447 0.00485 0.86917 0.00336
1413393910505760512.000000000 2.22795 -2.67011 -0.25913 -0.48576 0.01609 0.87388 -0.01103
1413393910605760512.000000000 2.12780 -2.69274 -0.24407 -0.48536 0.01784 0.87389 -0.02056
1413393910705760512.000000000 2.02587 -2.71347 -0.24293 -0.49776 0.01531 0.86672 -0.02809
1413393910805760256.000000000 1.90980 -2.73031 -0.25258 0.51370 -0.00918 -0.85726 0.03373
1413393910905760512.000000000 1.78061 -2.74411 -0.27067 0.52890 0.00252 -0.84792 0.03605
1413393911005760512.000000000 1.64191 -2.75415 -0.29583 0.55106 0.01665 -0.83344 0.03786
1413393911105760512.000000000 1.49745 -2.76169 -0.32825 0.56703 0.02959 -0.82202 0.04345
1413393911205760512.000000000 1.35345 -2.76769 -0.36209 0.57522 0.04062 -0.81557 0.04818
1413393911305760256.000000000 1.21080 -2.77176 -0.39653 0.58042 0.04826 -0.81133 0.05022
1413393911405760512.000000000 1.07042 -2.77487 -0.42642 0.59670 0.05400 -0.79927 0.04698
1413393911505760512.000000000 0.93867 -2.77805 -0.45155 0.61160 0.05768 -0.78796 0.04171
1413393911605760512.000000000 0.81942 -2.78202 -0.46877 0.61833 0.05842 -0.78294 0.03561
1413393911705760512.000000000 0.71486 -2.78864 -0.46937 0.62545 0.05718 -0.77756 0.03081
1413393911805760256.000000000 0.62918 -2.79728 -0.45849 0.61195 0.05411 -0.78860 0.02650
1413393911905760512.000000000 0.56079 -2.80908 -0.43183 0.58949 0.04569 -0.80592 0.03016
1413393912005760512.000000000 0.49341 -2.82351 -0.39430 0.55714 0.02768 -0.82860 0.04744
1413393912105760512.000000000 0.41059 -2.83442 -0.34146 0.52549 0.01482 -0.84875 0.05718
1413393912205760512.000000000 0.31445 -2.84041 -0.27969 0.50474 0.00682 -0.86121 0.05917
1413393912305760256.000000000 0.20131 -2.84093 -0.21576 -0.49602 -0.00257 0.86643 -0.05700
1413393912405760512.000000000 0.07085 -2.83520 -0.14871 0.50520 -0.00021 -0.86128 0.05452
1413393912505760512.000000000 -0.08106 -2.82331 -0.07836 0.53248 -0.00059 -0.84489 0.05120
1413393912605760512.000000000 -0.24008 -2.80581 -0.01740 0.55438 0.00030 -0.83076 0.05008
1413393912705760512.000000000 -0.40303 -2.78414 0.02974 0.57124 0.00572 -0.81948 0.04592
1413393912805760256.000000000 -0.56665 -2.75890 0.06473 0.58544 0.01127 -0.80969 0.03923
1413393912905760512.000000000 -0.72734 -2.72938 0.08800 0.59363 0.01006 -0.80417 0.02858
1413393913005760512.000000000 -0.88091 -2.69727 0.09834 0.59561 -0.00388 -0.80299 0.02085
1413393913105760512.000000000 -1.02719 -2.66196 0.10079 0.59794 -0.02923 -0.80081 0.01803
1413393913205760512.000000000 -1.16533 -2.62135 0.09584 0.60591 -0.06106 -0.79307 0.01385
1413393913305760256.000000000 -1.29396 -2.57420 0.08404 0.60815 -0.09617 -0.78795 0.00627
1413393913405760512.000000000 -1.41235 -2.51752 0.06517 0.60418 -0.13174 -0.78585 -0.00651
1413393913505760512.000000000 -1.52106 -2.44896 0.05057 0.60512 -0.16942 -0.77759 -0.02203
1413393913605760512.000000000 -1.61732 -2.36682 0.04390 0.61063 -0.20229 -0.76411 -0.04853
1413393913705760512.000000000 -1.69938 -2.27273 0.04611 0.61621 -0.23098 -0.74857 -0.08108
1413393913805760256.000000000 -1.76510 -2.16907 0.05851 0.61850 -0.25981 -0.73317 -0.11141
1413393913905760512.000000000 -1.81304 -2.06026 0.07432 0.61566 -0.28899 -0.72009 -0.13755
1413393914005760512.000000000 -1.83903 -1.95008 0.09310 0.60924 -0.31238 -0.70862 -0.17061
1413393914105760512.000000000 -1.84797 -1.84055 0.11492 0.60021 -0.33083 -0.69681 -0.21153
1413393914205760512.000000000 -1.83906 -1.73605 0.13564 0.57239 -0.35141 -0.69721 -0.25056
1413393914305760256.000000000 -1.81817 -1.63975 0.15610 0.54229 -0.37798 -0.69708 -0.27773
1413393914405760512.000000000 -1.78943 -1.55170 0.17830 0.51893 -0.40594 -0.69057 -0.29840
1413393914505760512.000000000 -1.75791 -1.46995 0.20234 0.50216 -0.43745 -0.67904 -0.30883
1413393914605760512.000000000 -1.72238 -1.39397 0.23086 -0.49490 0.46570 0.66110 0.31803
1413393914705760512.000000000 -1.68501 -1.31685 0.25425 -0.48778 0.49197 0.64310 0.32627
1413393914805760256.000000000 -1.64470 -1.24219 0.28147 -0.47977 0.52027 0.62477 0.32986
1413393914905760512.000000000 -1.59856 -1.16722 0.31015 -0.46494 0.54255 0.61268 0.33778
1413393915005760512.000000000 -1.54799 -1.08947 0.34012 -0.44159 0.55328 0.61342 0.35014
1413393915105760512.000000000 -1.49633 -1.00687 0.37104 -0.42374 0.55920 0.61584 0.35844
1413393915205760512.000000000 -1.44627 -0.91773 0.40101 -0.41242 0.56277 0.61780 0.36267
1413393915305760256.000000000 -1.39968 -0.82211 0.42494 -0.40894 0.56201 0.61858 0.36643
1413393915405760512.000000000 -1.35675 -0.72187 0.43929 -0.41311 0.54752 0.62342 0.37539
1413393915505760512.000000000 -1.32026 -0.61901 0.45071 -0.41900 0.52239 0.63191 0.39017
1413393915605760512.000000000 -1.29372 -0.51559 0.46082 -0.42825 0.50692 0.63643 0.39318
1413393915705760512.000000000 -1.27577 -0.41762 0.47056 -0.43693 0.49981 0.63874 0.38897
1413393915805760256.000000000 -1.26619 -0.32406 0.48015 -0.44018 0.49146 0.64288 0.38912
1413393915905760512.000000000 -1.26465 -0.23532 0.48932 -0.43920 0.48573 0.64839 0.38828
1413393916005760512.000000000 -1.27206 -0.15189 0.49918 -0.44015 0.47926 0.65091 0.39101
1413393916105760512.000000000 -1.28677 -0.07349 0.51252 -0.44076 0.47258 0.65243 0.39589
1413393916205760512.000000000 -1.31351 -0.00245 0.52572 -0.44200 0.46892 0.65053 0.40194
1413393916305760256.000000000 -1.34729 0.06389 0.53920 -0.44886 0.48116 0.63870 0.39884
1413393916405760512.000000000 -1.38583 0.12769 0.55531 -0.44729 0.50274 0.62518 0.39539
1413393916505760512.000000000 -1.42718 0.18466 0.57570 -0.43846 0.52706 0.60909 0.39871
1413393916605760512.000000000 -1.46930 0.23580 0.59788 -0.42097 0.55399 0.59112 0.40801
1413393916705760512.000000000 -1.51158 0.27892 0.62080 -0.39726 0.58576 0.57045 0.41673
1413393916805760256.000000000 -1.55437 0.31819 0.64165 -0.37526 0.61514 0.54431 0.42954
1413393916905760512.000000000 -1.59733 0.36063 0.66214 -0.35827 0.63976 0.51166 0.44784
1413393917005760512.000000000 -1.64009 0.40435 0.68426 -0.35001 0.66509 0.47058 0.46228
1413393917105760512.000000000 -1.68116 0.44759 0.70838 -0.34311 0.68849 0.42691 0.47540
1413393917205760512.000000000 -1.71744 0.48897 0.73501 -0.32925 0.70880 0.38687 0.48941
1413393917305760256.000000000 -1.74821 0.52358 0.76079 -0.30928 0.73156 0.35202 0.49522
1413393917405760512.000000000 -1.77191 0.55248 0.78342 -0.28485 0.75445 0.31791 0.49860
1413393917505760512.000000000 -1.78640 0.57669 0.79796 -0.25689 0.77516 0.28189 0.50365
1413393917605760512.000000000 -1.79146 0.59458 0.80259 -0.22545 0.79431 0.24426 0.50851
1413393917705760512.000000000 -1.78506 0.60736 0.79865 -0.18609 0.80785 0.20961 0.51847
1413393917805760256.000000000 -1.77065 0.61570 0.78952 -0.14887 0.81110 0.17252 0.53870
1413393917905760512.000000000 -1.75092 0.62145 0.78181 -0.12132 0.81145 0.12855 0.55705
1413393918005760512.000000000 -1.72922 0.62414 0.77395 -0.09854 0.81498 0.08289 0.56501
1413393918105760512.000000000 -1.70631 0.62143 0.76822 -0.07723 0.81810 0.03794 0.56861
1413393918205760512.000000000 -1.68110 0.61421 0.76320 -0.05742 0.82212 -0.00640 0.56637
1413393918305760256.000000000 -1.65279 0.59906 0.76017 -0.03463 0.82393 -0.04773 0.56361
1413393918405760512.000000000 -1.62084 0.57362 0.75957 -0.01054 0.82304 -0.08827 0.56099
1413393918505760512.000000000 -1.58515 0.53750 0.76063 0.01643 0.82031 -0.12905 0.55693
1413393918605760512.000000000 -1.54649 0.48996 0.76510 0.04485 0.81310 -0.17211 0.55429
1413393918705760512.000000000 -1.50937 0.42772 0.77295 0.07772 0.79769 -0.21566 0.55781
1413393918805760256.000000000 -1.47456 0.35622 0.78050 0.10550 0.77765 -0.26712 0.55927
1413393918905760512.000000000 -1.44372 0.27326 0.78883 0.13808 0.74792 -0.31937 0.56529
1413393919005760512.000000000 -1.42443 0.18199 0.79741 0.18600 0.71676 -0.36194 0.56627
1413393919105760512.000000000 -1.41704 0.08692 0.80575 0.23479 0.68614 -0.40189 0.55907
1413393919205760512.000000000 -1.42154 -0.00717 0.81343 0.27583 0.65338 -0.44191 0.54929
1413393919305760256.000000000 -1.43865 -0.09626 0.82178 0.31464 0.61445 -0.47702 0.54397
1413393919405760512.000000000 -1.46771 -0.17560 0.82413 0.34522 0.57330 -0.50776 0.54252
1413393919505760512.000000000 -1.50954 -0.24383 0.81485 0.35900 0.54329 -0.53930 0.53396
1413393919605760512.000000000 -1.56558 -0.30036 0.79773 -0.36794 -0.52129 0.56794 -0.51992
1413393919705760512.000000000 -1.63749 -0.34579 0.77429 -0.38382 -0.50511 0.58415 -0.50627
1413393919805760256.000000000 -1.72362 -0.38020 0.74813 -0.41406 -0.49926 0.58125 -0.49137
1413393919905760512.000000000 -1.82099 -0.39893 0.71457 -0.44424 -0.50275 0.57039 -0.47387
1413393920005760512.000000000 -1.92299 -0.39864 0.66833 -0.45737 -0.51322 0.56558 -0.45557
1413393920105760512.000000000 -2.02078 -0.38297 0.61163 -0.45810 -0.52228 0.56540 -0.44462
1413393920205760512.000000000 -2.11525 -0.35715 0.54661 -0.45513 -0.53011 0.56566 -0.43802
1413393920305760256.000000000 -2.20694 -0.31832 0.47820 -0.45172 -0.53568 0.56538 -0.43513
1413393920405760512.000000000 -2.29577 -0.26661 0.41179 -0.44527 -0.54407 0.56745 -0.42863
1413393920505760512.000000000 -2.38136 -0.20775 0.34796 -0.43282 -0.55594 0.57375 -0.41762
1413393920605760512.000000000 -2.46387 -0.14574 0.28915 -0.42496 -0.56476 0.57617 -0.41046
1413393920705760512.000000000 -2.54221 -0.08358 0.23368 -0.42163 -0.57085 0.57543 -0.40649
1413393920805760256.000000000 -2.61557 -0.02161 0.18104 0.42008 0.57435 -0.57364 0.40570
1413393920905760512.000000000 -2.68386 0.04035 0.12983 0.41887 0.58043 -0.57262 0.39969
1413393921005760512.000000000 -2.74702 0.10086 0.07871 0.41109 0.58979 -0.57687 0.38777
1413393921105760512.000000000 -2.80207 0.15702 0.02921 0.39999 0.60085 -0.58312 0.37277
1413393921205760512.000000000 -2.85028 0.20321 -0.01533 0.39486 0.60756 -0.58601 0.36269
1413393921305760256.000000000 -2.88966 0.23648 -0.05533 0.39290 0.61040 -0.58719 0.35811
1413393921405760512.000000000 -2.92242 0.25655 -0.09121 0.39082 0.60886 -0.58850 0.36086
1413393921505760512.000000000 -2.94807 0.26278 -0.12022 0.39881 0.60018 -0.58349 0.37451
1413393921605760512.000000000 -2.96852 0.26013 -0.14684 0.41136 0.58960 -0.57564 0.38960
1413393921705760512.000000000 -2.98426 0.25288 -0.17924 0.41767 0.58342 -0.57210 0.39733
1413393921805760256.000000000 -2.99529 0.24509 -0.22335 0.42259 0.57895 -0.56981 0.40193
1413393921905760512.000000000 -3.00203 0.23648 -0.27469 0.43107 0.57195 -0.56493 0.40976
1413393922005760512.000000000 -3.00489 0.23061 -0.32816 0.44029 0.56447 -0.55920 0.41811
1413393922105760512.000000000 -3.00359 0.22984 -0.38425 0.43687 0.56669 -0.56365 0.41269
1413393922205760512.000000000 -2.99813 0.23285 -0.44223 0.42201 0.57693 -0.57654 0.39580
1413393922305760256.000000000 -2.98898 0.23534 -0.50096 -0.40339 -0.58799 0.59173 -0.37603
1413393922405760512.000000000 -2.97638 0.22999 -0.55683 -0.38702 -0.59572 0.60440 -0.36060
1413393922505760512.000000000 -2.96141 0.21085 -0.60700 -0.37417 -0.59037 0.61511 -0.36484
1413393922605760512.000000000 -2.94605 0.17542 -0.65019 -0.37212 -0.57393 0.61885 -0.38620
1413393922705760512.000000000 -2.93563 0.12730 -0.68901 -0.37325 -0.56080 0.61889 -0.40393
1413393922805760256.000000000 -2.93241 0.07033 -0.72619 -0.37380 -0.55800 0.61763 -0.40920
1413393922905760512.000000000 -2.93732 0.00655 -0.75997 -0.37450 -0.56692 0.61670 -0.39754
1413393923005760512.000000000 -2.94812 -0.06516 -0.78152 -0.37991 -0.58124 0.61300 -0.37691
1413393923105760512.000000000 -2.96000 -0.14862 -0.78803 -0.38602 -0.59135 0.60945 -0.36035
1413393923205760512.000000000 -2.96882 -0.24721 -0.78225 -0.38883 -0.59583 0.60849 -0.35149
1413393923305760256.000000000 -2.97440 -0.35879 -0.76859 -0.39055 -0.59091 0.60882 -0.35725
1413393923405760512.000000000 -2.97633 -0.48330 -0.75361 -0.38007 -0.57614 0.61350 -0.38370
1413393923505760512.000000000 -2.97931 -0.61732 -0.73728 -0.36568 -0.56813 0.60846 -0.41628
1413393923605760512.000000000 -2.98907 -0.75661 -0.71949 -0.35263 -0.57470 0.58924 -0.44515
1413393923705760512.000000000 -3.00757 -0.89827 -0.70032 0.34611 0.60128 -0.55546 0.45841
1413393923805760256.000000000 -3.03277 -1.04048 -0.68332 0.33471 0.63874 -0.51772 0.46039
1413393923905760512.000000000 -3.06137 -1.18290 -0.66730 0.31782 0.67142 -0.48082 0.46583
1413393924005760512.000000000 -3.09123 -1.32513 -0.65198 0.29552 0.69877 -0.44779 0.47316
1413393924105760512.000000000 -3.11987 -1.46958 -0.63696 0.27695 0.72356 -0.41528 0.47676
1413393924205760512.000000000 -3.14317 -1.61712 -0.61967 0.27535 0.74715 -0.37328 0.47604
1413393924305760256.000000000 -3.15682 -1.76371 -0.60090 0.28444 0.76605 -0.32562 0.47564
1413393924405760512.000000000 -3.15651 -1.90424 -0.58158 0.29576 0.77990 -0.28469 0.47249
1413393924505760512.000000000 -3.13748 -2.03445 -0.56015 0.30947 0.78837 -0.25251 0.46790
1413393924605760512.000000000 -3.09697 -2.14425 -0.53294 0.32212 0.78908 -0.22831 0.47060
1413393924705760512.000000000 -3.03297 -2.22998 -0.49757 0.33762 0.78258 -0.20822 0.47983
1413393924805760256.000000000 -2.94245 -2.28492 -0.44851 0.34849 0.77447 -0.20010 0.48858
1413393924905760512.000000000 -2.82559 -2.30726 -0.38524 0.33229 0.77049 -0.22102 0.49707
1413393925005760512.000000000 -2.68626 -2.30139 -0.30464 0.29105 0.77026 -0.25815 0.50532
1413393925105760512.000000000 -2.53368 -2.27660 -0.20909 0.25149 0.77045 -0.28383 0.51245
1413393925205760512.000000000 -2.37185 -2.24391 -0.10561 0.20604 0.77409 -0.30068 0.51762
1413393925305760256.000000000 -2.20560 -2.21346 -0.00074 0.16253 0.78145 -0.30428 0.51993
1413393925405760512.000000000 -2.03823 -2.19288 0.10599 0.14487 0.78903 -0.28999 0.52187
1413393925505760512.000000000 -1.87121 -2.18391 0.21459 0.14242 0.79089 -0.27207 0.52932
1413393925605760512.000000000 -1.70370 -2.18556 0.31933 0.13939 0.79124 -0.25998 0.53565
1413393925705760512.000000000 -1.53441 -2.19556 0.40823 0.13825 0.79191 -0.25082 0.53931
1413393925805760256.000000000 -1.36412 -2.21257 0.46789 0.14023 0.79101 -0.24336 0.54352
1413393925905760512.000000000 -1.19505 -2.23219 0.49972 0.14434 0.78731 -0.23734 0.55043
1413393926005760512.000000000 -1.02778 -2.25404 0.51093 0.14880 0.77821 -0.23267 0.56401
1413393926105760512.000000000 -0.86594 -2.27589 0.51173 0.15016 0.76437 -0.23109 0.58292
1413393926205760512.000000000 -0.71190 -2.29816 0.50933 0.14792 0.75730 -0.23294 0.59191
1413393926305760256.000000000 -0.57019 -2.31952 0.50991 0.14401 0.75828 -0.23741 0.58984
1413393926405760512.000000000 -0.43851 -2.34313 0.50661 0.13965 0.76594 -0.24005 0.57984
1413393926505760512.000000000 -0.31798 -2.36847 0.50547 0.13762 0.76760 -0.23381 0.58068
1413393926605760512.000000000 -0.20999 -2.39342 0.48745 0.13786 0.76579 -0.21932 0.58861
1413393926705760512.000000000 -0.10838 -2.41870 0.45968 0.13467 0.76793 -0.20077 0.59316
1413393926805760256.000000000 -0.01629 -2.44075 0.44191 0.12408 0.77375 -0.18252 0.59380
1413393926905760512.000000000 0.06753 -2.46076 0.43988 0.10863 0.78402 -0.16339 0.58891
1413393927005760512.000000000 0.14588 -2.47849 0.45459 0.09005 0.79758 -0.14724 0.57800
1413393927105760512.000000000 0.21917 -2.49607 0.48447 0.06935 0.80969 -0.13952 0.56579
1413393927205760512.000000000 0.29490 -2.51932 0.52049 0.04775 0.81514 -0.13835 0.56047
1413393927305760256.000000000 0.37007 -2.55017 0.55712 0.03041 0.82287 -0.13779 0.55044
1413393927405760512.000000000 0.44614 -2.59066 0.59639 0.02958 0.83225 -0.12311 0.53975
1413393927505760512.000000000 0.53037 -2.64017 0.63994 0.04685 0.83344 -0.09480 0.54240
1413393927605760512.000000000 0.62216 -2.69148 0.68702 0.06529 0.83159 -0.06476 0.54772
1413393927705760512.000000000 0.72097 -2.73713 0.73768 0.07948 0.82532 -0.03253 0.55810
1413393927805760256.000000000 0.82272 -2.77087 0.79268 0.09432 0.81477 -0.00268 0.57205
1413393927905760512.000000000 0.92582 -2.78802 0.85101 0.09820 0.80605 0.01272 0.58350
1413393928005760512.000000000 1.02504 -2.78576 0.90860 0.09836 0.80090 0.01918 0.59035
1413393928105760512.000000000 1.12217 -2.76610 0.95787 0.10081 0.79741 0.02326 0.59450
1413393928205760512.000000000 1.21582 -2.72862 0.99863 0.10161 0.79582 0.02369 0.59648
1413393928305760256.000000000 1.30544 -2.67362 1.02971 0.08718 0.80057 0.01148 0.59275
1413393928405760512.000000000 1.39222 -2.60424 1.05381 0.05729 0.80063 -0.01140 0.59631
1413393928505760512.000000000 1.47271 -2.52745 1.06764 0.03312 0.79758 -0.03095 0.60151
1413393928605760512.000000000 1.54784 -2.44924 1.07438 0.02058 0.78789 -0.04267 0.61400
1413393928705760512.000000000 1.61251 -2.37202 1.07979 0.01773 0.78044 -0.04816 0.62312
1413393928805760256.000000000 1.66477 -2.29653 1.08676 0.02698 0.77959 -0.04688 0.62395
1413393928905760512.000000000 1.70378 -2.22197 1.09597 0.04463 0.78010 -0.04164 0.62267
1413393929005760512.000000000 1.73035 -2.14636 1.10699 0.06756 0.78087 -0.04171 0.61963
1413393929105760512.000000000 1.74766 -2.06613 1.12027 0.08716 0.78208 -0.05369 0.61471
1413393929205760512.000000000 1.75465 -1.97807 1.13696 0.10611 0.78298 -0.07227 0.60866
1413393929305760256.000000000 1.75438 -1.88310 1.15476 0.11981 0.78527 -0.10161 0.59889
1413393929405760512.000000000 1.74969 -1.78120 1.17468 0.12948 0.78558 -0.13903 0.58888
1413393929505760512.000000000 1.73987 -1.67434 1.19731 0.14437 0.78333 -0.17551 0.57858
1413393929605760512.000000000 1.72599 -1.56468 1.22221 0.16377 0.77930 -0.21027 0.56715
1413393929705760512.000000000 1.71115 -1.45384 1.24921 0.18601 0.77244 -0.24286 0.55655
1413393929805760256.000000000 1.69721 -1.34256 1.27786 0.20234 0.76241 -0.27830 0.54803
1413393929905760512.000000000 1.68330 -1.23158 1.30651 0.20627 0.74707 -0.32032 0.54474
1413393930005760512.000000000 1.66939 -1.12371 1.33485 0.20796 0.73002 -0.36006 0.54238
1413393930105760512.000000000 1.65021 -1.02313 1.35792 0.21304 0.71478 -0.39298 0.53784
1413393930205760512.000000000 1.62525 -0.93041 1.37293 0.22156 0.70340 -0.41358 0.53394
1413393930305760256.000000000 1.59370 -0.84602 1.37891 0.23399 0.69912 -0.42117 0.52830
1413393930405760512.000000000 1.55606 -0.76862 1.37581 0.25775 0.70448 -0.41315 0.51631
1413393930505760512.000000000 1.51667 -0.69507 1.35857 0.27633 0.71087 -0.40337 0.50557
1413393930605760512.000000000 1.47890 -0.62294 1.31899 0.27895 0.71015 -0.40097 0.50704
1413393930705760512.000000000 1.44357 -0.55328 1.25655 0.27318 0.70467 -0.40216 0.51680
1413393930805760256.000000000 1.40816 -0.48544 1.18574 0.26811 0.69909 -0.40126 0.52761
1413393930905760512.000000000 1.36868 -0.42037 1.12021 0.26471 0.69806 -0.39899 0.53239
1413393931005760512.000000000 1.32399 -0.35783 1.06920 0.26186 0.70195 -0.39557 0.53125
1413393931105760512.000000000 1.27487 -0.29670 1.03711 0.25923 0.70516 -0.39332 0.52995
1413393931205760512.000000000 1.22262 -0.23656 1.01981 0.25453 0.70948 -0.39393 0.52600
1413393931305760256.000000000 1.16891 -0.17902 1.00672 0.24653 0.71269 -0.39627 0.52371
1413393931405760512.000000000 1.11415 -0.12536 0.98256 0.23635 0.71374 -0.40060 0.52367
1413393931505760512.000000000 1.05616 -0.07750 0.94948 0.22696 0.71273 -0.40506 0.52577
1413393931605760512.000000000 0.99167 -0.03341 0.90531 0.22086 0.71300 -0.40689 0.52658
1413393931705760512.000000000 0.92433 -0.00022 0.85404 0.21906 0.71311 -0.40606 0.52783
1413393931805760256.000000000 0.85340 0.02384 0.79689 0.21899 0.71425 -0.40374 0.52810
1413393931905760512.000000000 0.77809 0.03841 0.73768 0.21965 0.71583 -0.40150 0.52739
1413393932005760512.000000000 0.69780 0.04560 0.68291 0.22209 0.71736 -0.39836 0.52667
1413393932105760512.000000000 0.61311 0.04549 0.63410 0.22716 0.72162 -0.39346 0.52236
1413393932205760512.000000000 0.52529 0.03779 0.58940 0.23721 0.72761 -0.38579 0.51525
1413393932305760256.000000000 0.43859 0.02390 0.54936 0.24989 0.73356 -0.37645 0.50767
1413393932405760512.000000000 0.35572 0.00619 0.51268 0.25872 0.73735 -0.37087 0.50183
1413393932505760512.000000000 0.27776 -0.01387 0.47784 0.26478 0.73947 -0.36827 0.49744
1413393932605760512.000000000 0.20479 -0.03398 0.44586 0.27070 0.73801 -0.36590 0.49817
1413393932705760512.000000000 0.13808 -0.05315 0.41720 0.27531 0.73399 -0.36489 0.50231
1413393932805760256.000000000 0.07845 -0.07122 0.39230 0.27896 0.72996 -0.36507 0.50603
1413393932905760512.000000000 0.02091 -0.08533 0.37164 0.28486 0.72832 -0.36335 0.50633
1413393933005760512.000000000 -0.02674 -0.09796 0.35695 0.29391 0.71882 -0.35800 0.51842
1413393933105760512.000000000 -0.07016 -0.10263 0.34598 0.30105 0.70836 -0.35037 0.53370
1413393933205760512.000000000 -0.11026 -0.09827 0.33709 0.30029 0.70124 -0.34961 0.54393
1413393933305760256.000000000 -0.15071 -0.08449 0.33193 0.28666 0.69550 -0.35820 0.55299
1413393933405760512.000000000 -0.19531 -0.06278 0.33030 0.26807 0.69092 -0.37032 0.56002
1413393933505760512.000000000 -0.24877 -0.03868 0.32950 0.24308 0.69230 -0.38719 0.55832
1413393933605760512.000000000 -0.30994 -0.01489 0.32628 0.22274 0.69656 -0.40144 0.55140
1413393933705760512.000000000 -0.37933 0.00281 0.31855 0.22231 0.70327 -0.40306 0.54179
1413393933805760256.000000000 -0.45554 0.01511 0.30477 0.23882 0.71299 -0.39348 0.52894
1413393933905760512.000000000 -0.53351 0.02477 0.28301 0.25009 0.71957 -0.38620 0.52011
1413393934005760512.000000000 -0.60899 0.03216 0.26194 0.26529 0.71735 -0.37541 0.52354
1413393934105760512.000000000 -0.68270 0.04142 0.25344 0.28177 0.71006 -0.36273 0.53370
1413393934205760512.000000000 -0.75655 0.05747 0.25600 0.28899 0.70832 -0.35597 0.53671
1413393934305760256.000000000 -0.83025 0.08146 0.26017 0.28118 0.71006 -0.35868 0.53675
1413393934405760512.000000000 -0.90295 0.10856 0.25428 0.26315 0.71430 -0.36918 0.53314
1413393934505760512.000000000 -0.97652 0.13838 0.23502 0.24713 0.71700 -0.37898 0.53029
1413393934605760512.000000000 -1.05144 0.16752 0.20524 0.23365 0.71730 -0.38734 0.52996
1413393934705760512.000000000 -1.13155 0.19140 0.16767 0.22087 0.71434 -0.39541 0.53347
1413393934805760256.000000000 -1.21585 0.20937 0.12094 0.19738 0.71345 -0.40383 0.53754
1413393934905760512.000000000 -1.30510 0.21805 0.06715 0.17271 0.72248 -0.40179 0.53550
1413393935005760512.000000000 -1.39894 0.21416 0.00819 0.16590 0.74568 -0.37664 0.52400
1413393935105760512.000000000 -1.49154 0.19883 -0.05390 0.17384 0.77466 -0.33064 0.51026
1413393935205760512.000000000 -1.57963 0.17612 -0.10847 0.17001 0.79725 -0.28468 0.50442
1413393935305760256.000000000 -1.65459 0.14620 -0.14688 0.15385 0.81307 -0.24371 0.50582
1413393935405760512.000000000 -1.71640 0.11129 -0.17061 0.13330 0.82311 -0.20547 0.51234
1413393935505760512.000000000 -1.76633 0.07441 -0.17941 0.11845 0.82906 -0.16242 0.52177
1413393935605760512.000000000 -1.80105 0.03741 -0.17562 0.10715 0.83477 -0.11869 0.52687
1413393935705760512.000000000 -1.81998 0.00268 -0.16503 0.10610 0.83920 -0.07888 0.52750
1413393935805760256.000000000 -1.82511 -0.02335 -0.15293 0.11353 0.84002 -0.04112 0.52895
1413393935905760512.000000000 -1.81613 -0.03434 -0.13977 0.11576 0.83802 -0.00691 0.53318
1413393936005760512.000000000 -1.79520 -0.02515 -0.12690 0.07984 0.83681 0.00339 0.54163
1413393936105760512.000000000 -1.76550 0.00141 -0.11203 0.03223 0.83440 0.01296 0.55006
1413393936205760512.000000000 -1.72774 0.03823 -0.09505 -0.02009 0.83098 0.02626 0.55531
1413393936305760256.000000000 -1.68189 0.07562 -0.07634 -0.06832 0.82837 0.04723 0.55399
1413393936405760512.000000000 -1.63034 0.10946 -0.05756 -0.10859 0.82488 0.07672 0.54945
1413393936505760512.000000000 -1.57360 0.13723 -0.03594 -0.13544 0.81647 0.11570 0.54922
1413393936605760512.000000000 -1.51274 0.15887 -0.01077 -0.15419 0.80025 0.15756 0.55768
1413393936705760512.000000000 -1.45017 0.17565 0.01675 -0.17358 0.77947 0.19281 0.57020
1413393936805760256.000000000 -1.39102 0.18788 0.04523 -0.19196 0.76205 0.22322 0.57672
1413393936905760512.000000000 -1.33716 0.19521 0.07560 -0.20844 0.74579 0.25405 0.57949
1413393937005760512.000000000 -1.29143 0.19729 0.10816 -0.22369 0.72857 0.28783 0.57991
1413393937105760512.000000000 -1.25736 0.19441 0.14340 -0.23935 0.71078 0.32257 0.57745
1413393937205760512.000000000 -1.23646 0.18665 0.18111 -0.25855 0.69382 0.35350 0.57167
1413393937305760256.000000000 -1.22896 0.17338 0.22145 -0.27811 0.67902 0.38079 0.56267
1413393937405760512.000000000 -1.23556 0.15382 0.26329 -0.29352 0.66855 0.40323 0.55163
1413393937505760512.000000000 -1.24978 0.12694 0.29814 -0.29933 0.67038 0.42149 0.53229
1413393937605760512.000000000 -1.26925 0.09651 0.31375 -0.30503 0.67973 0.43075 0.50929
1413393937705760512.000000000 -1.28978 0.06528 0.31092 -0.30993 0.68999 0.43449 0.48895
1413393937805760256.000000000 -1.30967 0.03269 0.30416 -0.30809 0.70071 0.43859 0.47088
1413393937905760512.000000000 -1.32666 0.00419 0.30330 -0.30619 0.70581 0.44008 0.46304
1413393938005760512.000000000 -1.33977 -0.01856 0.30875 -0.30258 0.69882 0.44214 0.47394
1413393938105760512.000000000 -1.35190 -0.03546 0.31793 -0.29400 0.68586 0.44809 0.49232
1413393938205760512.000000000 -1.36889 -0.04601 0.33185 -0.28441 0.66359 0.46024 0.51667
1413393938305760256.000000000 -1.39856 -0.05412 0.34777 -0.28494 0.64424 0.47169 0.53034
1413393938405760512.000000000 -1.44401 -0.06057 0.36557 -0.30618 0.63587 0.47602 0.52471
1413393938505760512.000000000 -1.50329 -0.06811 0.38492 -0.33969 0.63401 0.47775 0.50437
1413393938605760512.000000000 -1.57077 -0.08048 0.40364 -0.36589 0.62903 0.48645 0.48354
1413393938705760512.000000000 -1.64043 -0.09708 0.41119 -0.38579 0.62342 0.49908 0.46197
1413393938805760256.000000000 -1.70942 -0.11981 0.40789 -0.40357 0.61155 0.51180 0.44855
1413393938905760512.000000000 -1.77778 -0.14947 0.40200 -0.41565 0.59301 0.52718 0.44458
1413393939005760512.000000000 -1.84501 -0.18578 0.39893 -0.42370 0.57704 0.54475 0.43675
1413393939105760512.000000000 -1.91087 -0.22863 0.40449 -0.43962 0.55559 0.55424 0.43689
1413393939205760512.000000000 -1.97544 -0.28035 0.41395 -0.45773 0.53371 0.56078 0.43721
1413393939305760256.000000000 -2.03769 -0.34358 0.41603 -0.44991 0.53447 0.58159 0.41673
1413393939405760512.000000000 -2.09753 -0.41458 0.40976 -0.42268 0.55388 0.60950 0.37824
1413393939505760512.000000000 -2.15611 -0.48244 0.39398 -0.39370 0.58305 0.63001 0.32885
1413393939605760512.000000000 -2.21195 -0.53509 0.37132 -0.37126 0.60798 0.63991 0.28816
1413393939705760512.000000000 -2.26206 -0.56192 0.34451 -0.35105 0.62123 0.64751 0.26752
1413393939805760256.000000000 -2.30575 -0.55348 0.31998 -0.34931 0.61265 0.64905 0.28525
1413393939905760512.000000000 -2.34581 -0.51128 0.30321 -0.39126 0.58600 0.62378 0.33825
1413393940005760512.000000000 -2.38435 -0.45764 0.29356 -0.44920 0.54933 0.58154 0.39782
1413393940105760512.000000000 -2.41940 -0.41203 0.28589 0.50109 -0.51890 -0.53787 -0.43628
1413393940205760512.000000000 -2.44753 -0.39119 0.27718 0.53513 -0.50061 -0.50765 -0.45313
1413393940305760256.000000000 -2.46581 -0.40059 0.26539 0.53842 -0.50296 -0.50564 -0.44884
1413393940405760512.000000000 -2.47551 -0.44212 0.25250 0.50090 -0.52846 -0.53870 -0.42384
1413393940505760512.000000000 -2.47865 -0.50649 0.23770 -0.44671 0.56719 0.57927 0.37842
1413393940605760512.000000000 -2.47444 -0.57152 0.22582 -0.40136 0.60614 0.60513 0.32453
1413393940705760512.000000000 -2.46299 -0.61830 0.22397 -0.37946 0.63293 0.61072 0.28710
1413393940805760256.000000000 -2.43433 -0.63161 0.23502 -0.38080 0.64972 0.60080 0.26813
1413393940905760512.000000000 -2.39258 -0.60979 0.25879 -0.39779 0.63379 0.59043 0.30245
1413393941005760512.000000000 -2.34039 -0.56475 0.29076 -0.42620 0.60085 0.57468 0.35647
1413393941105760512.000000000 -2.28189 -0.51695 0.32607 -0.46507 0.56314 0.54758 0.40834
1413393941205760512.000000000 -2.21911 -0.48067 0.36051 -0.49413 0.53298 0.52579 0.44194
1413393941305760256.000000000 -2.15223 -0.46440 0.38835 -0.49494 0.52678 0.52783 0.44601
1413393941405760512.000000000 -2.08172 -0.46839 0.40848 -0.46943 0.54491 0.55351 0.41991
1413393941505760512.000000000 -2.00825 -0.48490 0.42414 -0.43160 0.57010 0.58546 0.38203
1413393941605760512.000000000 -1.93417 -0.50223 0.44031 -0.39413 0.59171 0.61264 0.34526
1413393941705760512.000000000 -1.85990 -0.50662 0.45805 -0.36841 0.60475 0.62837 0.32203
1413393941805760256.000000000 -1.78545 -0.49033 0.46995 -0.34956 0.61355 0.63554 0.31217
1413393941905760512.000000000 -1.71190 -0.44900 0.47842 -0.35716 0.60950 0.62748 0.32745
1413393942005760512.000000000 -1.63881 -0.38696 0.48852 -0.38951 0.59151 0.60438 0.36485
1413393942105760512.000000000 -1.56481 -0.31608 0.50283 -0.43217 0.56281 0.57129 0.41243
1413393942205760512.000000000 -1.49467 -0.24951 0.51628 -0.46414 0.53622 0.54238 0.45041
1413393942305760256.000000000 -1.42687 -0.20131 0.52931 -0.47789 0.52078 0.52752 0.47130
1413393942405760512.000000000 -1.36129 -0.17803 0.54326 -0.47565 0.51975 0.52792 0.47425
1413393942505760512.000000000 -1.29766 -0.17930 0.55555 -0.45539 0.53447 0.54469 0.45856
1413393942605760512.000000000 -1.23901 -0.19709 0.56419 -0.42125 0.56003 0.57153 0.42693
1413393942705760512.000000000 -1.18522 -0.22181 0.56670 -0.38579 0.58528 0.59639 0.39108
1413393942805760256.000000000 -1.13621 -0.24025 0.56365 -0.35873 0.60171 0.61408 0.36353
1413393942905760512.000000000 -1.09173 -0.24548 0.55105 -0.34239 0.60989 0.62478 0.34706
1413393943005760512.000000000 -1.05126 -0.23320 0.53178 -0.33972 0.61094 0.62761 0.34270
1413393943105760512.000000000 -1.01202 -0.19530 0.51772 -0.36880 0.59227 0.61316 0.37046
1413393943205760512.000000000 -0.97724 -0.14070 0.51084 -0.41217 0.56362 0.58674 0.41011
1413393943305760256.000000000 -0.94425 -0.08928 0.50422 -0.44886 0.53692 0.55986 0.44363
1413393943405760512.000000000 -0.91429 -0.05134 0.49914 -0.47559 0.51766 0.53908 0.46393
1413393943505760512.000000000 -0.88648 -0.03332 0.49334 -0.47935 0.51463 0.53588 0.46714
1413393943605760512.000000000 -0.86158 -0.03773 0.48263 -0.45124 0.53442 0.55715 0.44763
1413393943705760512.000000000 -0.84003 -0.05657 0.47142 -0.41146 0.56230 0.58523 0.41476
1413393943805760256.000000000 -0.82271 -0.07658 0.46236 -0.37549 0.58762 0.60685 0.38137
1413393943905760512.000000000 -0.80327 -0.08419 0.46005 -0.35117 0.60591 0.61375 0.36451
1413393944005760512.000000000 -0.78825 -0.07243 0.46914 -0.34683 0.61424 0.60364 0.37154
1413393944105760512.000000000 -0.77563 -0.04346 0.48376 -0.36615 0.61640 0.57445 0.39496
1413393944205760512.000000000 -0.76318 -0.00575 0.50186 -0.39839 0.61804 0.53186 0.42006
1413393944305760256.000000000 -0.74591 0.02927 0.52325 -0.42491 0.61250 0.49012 0.45176
1413393944405760512.000000000 -0.72607 0.05426 0.54286 -0.43545 0.60711 0.45868 0.48106
1413393944505760512.000000000 -0.70457 0.06261 0.55938 -0.42720 0.61005 0.44611 0.49631
1413393944605760512.000000000 -0.68270 0.05131 0.57191 -0.39048 0.62744 0.46035 0.49186
1413393944705760512.000000000 -0.66257 0.02859 0.58199 -0.34976 0.65469 0.48082 0.46676
1413393944805760256.000000000 -0.64542 0.00657 0.59469 -0.31659 0.67907 0.49669 0.43811
1413393944905760512.000000000 -0.62868 -0.00522 0.61173 -0.29540 0.69520 0.50547 0.41705
1413393945005760512.000000000 -0.60957 0.00046 0.63530 -0.28839 0.70369 0.50383 0.40964
1413393945105760512.000000000 -0.58605 0.02649 0.66773 -0.30240 0.69123 0.48624 0.44083
1413393945205760512.000000000 -0.55973 0.06076 0.69675 -0.32562 0.66734 0.45528 0.49128
1413393945305760256.000000000 -0.53645 0.09009 0.71327 -0.34364 0.64496 0.42018 0.53795
1413393945405760512.000000000 -0.51955 0.10745 0.71199 -0.34310 0.64112 0.39375 0.56233
1413393945505760512.000000000 -0.51219 0.10994 0.69242 -0.32956 0.66010 0.37627 0.56042
1413393945605760512.000000000 -0.51252 0.09849 0.66242 -0.30402 0.69169 0.36696 0.54266
1413393945705760512.000000000 -0.51847 0.07663 0.63430 -0.27151 0.72134 0.36064 0.52526
1413393945805760256.000000000 -0.52568 0.05219 0.60890 -0.23676 0.75093 0.35358 0.50500
1413393945905760512.000000000 -0.53031 0.03304 0.58890 -0.20579 0.77486 0.34255 0.48980
1413393946005760512.000000000 -0.52831 0.02577 0.57931 -0.19438 0.77606 0.32009 0.50744
1413393946105760512.000000000 -0.52224 0.02756 0.57644 -0.19316 0.75964 0.29142 0.54837
1413393946205760512.000000000 -0.51891 0.03226 0.57543 -0.19293 0.73812 0.25936 0.59220
1413393946305760256.000000000 -0.52692 0.03301 0.57002 -0.18360 0.73106 0.23040 0.61544
1413393946405760512.000000000 -0.54649 0.02992 0.56073 -0.17324 0.74782 0.20047 0.60874
1413393946505760512.000000000 -0.57616 0.01817 0.54837 -0.15755 0.77480 0.17102 0.58789
1413393946605760512.000000000 -0.61055 -0.00018 0.53723 -0.12940 0.80542 0.14630 0.55960
1413393946705760512.000000000 -0.64107 -0.02199 0.52832 -0.09059 0.83395 0.12416 0.53000
1413393946805760256.000000000 -0.66024 -0.04080 0.52768 -0.05242 0.84933 0.09975 0.51570
1413393946905760512.000000000 -0.66367 -0.05132 0.53680 -0.02463 0.84647 0.07127 0.52707
1413393947005760512.000000000 -0.65678 -0.05726 0.55197 -0.00652 0.82072 0.04149 0.56978
1413393947105760512.000000000 -0.64864 -0.06048 0.55920 0.01008 0.78972 0.01212 0.61327
1413393947205760512.000000000 -0.64742 -0.05956 0.54852 0.02816 0.77444 -0.01815 0.63176
1413393947305760256.000000000 -0.65906 -0.05388 0.52283 0.04739 0.77134 -0.04845 0.63281
1413393947405760512.000000000 -0.68329 -0.04477 0.48616 0.06336 0.77087 -0.08230 0.62847
1413393947505760512.000000000 -0.71788 -0.03334 0.43786 0.06265 0.77704 -0.12842 0.61302
1413393947605760512.000000000 -0.76033 -0.02356 0.38944 0.06048 0.78141 -0.17571 0.59570
1413393947705760512.000000000 -0.81001 -0.02295 0.34381 0.06465 0.79066 -0.21787 0.56852
1413393947805760256.000000000 -0.86058 -0.03396 0.30552 0.09349 0.80257 -0.24264 0.53691
1413393947905760512.000000000 -0.90674 -0.05704 0.27733 0.13567 0.80540 -0.25532 0.51744
1413393948005760512.000000000 -0.94314 -0.08770 0.25875 0.18243 0.79492 -0.25832 0.51778
1413393948105760512.000000000 -0.96723 -0.11827 0.24464 0.22750 0.77879 -0.25498 0.52604
1413393948205760512.000000000 -0.98169 -0.14130 0.23379 0.25078 0.76021 -0.26310 0.53849
1413393948305760256.000000000 -0.99101 -0.15314 0.22518 0.25962 0.73808 -0.27727 0.55764
1413393948405760512.000000000 -1.00215 -0.15287 0.21937 0.26644 0.71373 -0.29069 0.57887
1413393948505760512.000000000 -1.01755 -0.13971 0.21461 0.27161 0.69846 -0.30513 0.58761
1413393948605760512.000000000 -1.03952 -0.11486 0.20625 0.26826 0.70361 -0.32669 0.57117
1413393948705760512.000000000 -1.06741 -0.08112 0.19701 0.26365 0.72320 -0.35139 0.53291
1413393948805760256.000000000 -1.09511 -0.04487 0.18831 0.26015 0.73858 -0.37651 0.49504
1413393948905760512.000000000 -1.11716 -0.01412 0.18570 0.25703 0.74225 -0.40297 0.46970
1413393949005760512.000000000 -1.13386 0.00962 0.19108 0.26718 0.72926 -0.42340 0.46640
1413393949105760512.000000000 -1.14589 0.02393 0.20254 0.29453 0.70580 -0.43306 0.47703
1413393949205760512.000000000 -1.15566 0.03571 0.21924 0.32542 0.67844 -0.43905 0.49098
1413393949305760256.000000000 -1.16354 0.05067 0.23671 0.35351 0.65093 -0.44446 0.50376
1413393949405760512.000000000 -1.17150 0.07458 0.25493 0.37722 0.62373 -0.45076 0.51526
1413393949505760512.000000000 -1.18106 0.11189 0.27037 0.38613 0.60031 -0.46448 0.52420
1413393949605760512.000000000 -1.19445 0.16326 0.27745 0.36658 0.59596 -0.49403 0.51613
1413393949705760512.000000000 -1.21537 0.22486 0.28231 0.33971 0.59639 -0.52242 0.50596
1413393949805760256.000000000 -1.24807 0.28946 0.28915 0.31423 0.58906 -0.55033 0.50140
1413393949905760512.000000000 -1.29750 0.35123 0.29887 -0.29161 -0.57513 0.57685 -0.50144
1413393950005760512.000000000 -1.36892 0.40418 0.31310 -0.27876 -0.56739 0.59373 -0.49785
1413393950105760512.000000000 -1.46592 0.44585 0.33455 -0.29936 -0.58478 0.58755 -0.47245
1413393950205760512.000000000 -1.57997 0.47888 0.35867 0.32460 0.61319 -0.57447 0.43431
1413393950305760256.000000000 -1.69987 0.50142 0.38447 0.34405 0.63589 -0.56204 0.40172
1413393950405760512.000000000 -1.81645 0.51165 0.40503 0.34599 0.64253 -0.56229 0.38894
1413393950505760512.000000000 -1.92623 0.50794 0.41868 0.34771 0.63878 -0.56381 0.39137
1413393950605760512.000000000 -2.02986 0.48849 0.42412 0.35711 0.62794 -0.56066 0.40475
1413393950705760512.000000000 -2.13043 0.45950 0.42155 0.37130 0.61476 -0.55353 0.42169
1413393950805760256.000000000 -2.22761 0.42642 0.40764 0.38289 0.60740 -0.54745 0.42984
1413393950905760512.000000000 -2.32083 0.39187 0.37950 0.39139 0.60568 -0.54302 0.43023
1413393951005760512.000000000 -2.40770 0.35660 0.34387 0.40365 0.61250 -0.53599 0.41788
1413393951105760512.000000000 -2.48411 0.32055 0.30909 0.40587 0.61635 -0.53589 0.41013
1413393951205760512.000000000 -2.55005 0.28148 0.27862 0.40131 0.61172 -0.54056 0.41538
1413393951305760256.000000000 -2.60835 0.24028 0.25259 0.39820 0.60664 -0.54511 0.41985
1413393951405760512.000000000 -2.66343 0.20076 0.23214 0.39551 0.60493 -0.55025 0.41815
1413393951505760512.000000000 -2.71372 0.16070 0.21272 0.39148 0.60822 -0.55617 0.40926
1413393951605760512.000000000 -2.75946 0.11897 0.18755 0.39001 0.61078 -0.55996 0.40161
1413393951705760512.000000000 -2.79820 0.07102 0.15492 0.39509 0.60921 -0.55924 0.40003
1413393951805760256.000000000 -2.83237 0.02234 0.11860 0.40193 0.60525 -0.55786 0.40116
1413393951905760512.000000000 -2.85950 -0.02956 0.08365 0.40604 0.59877 -0.55919 0.40485
1413393952005760512.000000000 -2.87989 -0.08391 0.05230 0.40870 0.59346 -0.56180 0.40638
1413393952105760512.000000000 -2.89437 -0.13963 0.02795 0.41078 0.58813 -0.56450 0.40828
1413393952205760512.000000000 -2.90431 -0.19530 0.01503 0.41237 0.58366 -0.56728 0.40926
1413393952305760256.000000000 -2.90971 -0.24919 0.01480 0.41117 0.57956 -0.57044 0.41189
1413393952405760512.000000000 -2.91053 -0.30051 0.02426 0.40808 0.58149 -0.56744 0.41635
1413393952505760512.000000000 -2.90799 -0.35222 0.03501 0.40515 0.59045 -0.55736 0.42020
1413393952605760512.000000000 -2.90240 -0.40205 0.04658 0.39964 0.60321 -0.54401 0.42483
1413393952705760512.000000000 -2.89322 -0.45111 0.05805 0.39087 0.61701 -0.52930 0.43169
1413393952805760256.000000000 -2.88040 -0.49818 0.06851 0.37964 0.62927 -0.51619 0.43981
1413393952905760512.000000000 -2.86557 -0.54335 0.07931 0.36691 0.63594 -0.50923 0.44905
1413393953005760512.000000000 -2.84938 -0.58736 0.09171 0.35064 0.63730 -0.50927 0.45994
1413393953105760512.000000000 -2.83465 -0.63315 0.10400 0.33783 0.63735 -0.51063 0.46789
1413393953205760512.000000000 -2.82309 -0.68046 0.10303 0.32980 0.63687 -0.51190 0.47285
1413393953305760256.000000000 -2.81549 -0.73081 0.08653 0.32207 0.63408 -0.51495 0.47858
1413393953405760512.000000000 -2.81440 -0.78366 0.07371 0.31899 0.62832 -0.51669 0.48631
1413393953505760512.000000000 -2.82305 -0.83984 0.07549 0.32574 0.62412 -0.51297 0.49115
1413393953605760512.000000000 -2.84084 -0.89267 0.09038 0.34690 0.62580 -0.50115 0.48671
1413393953705760512.000000000 -2.86305 -0.94262 0.10969 0.36674 0.62805 -0.48980 0.48078
1413393953805760256.000000000 -2.88549 -0.98740 0.12340 0.37858 0.62772 -0.48263 0.47928
1413393953905760512.000000000 -2.90619 -1.02295 0.12553 0.38038 0.62964 -0.47607 0.48189
1413393954005760512.000000000 -2.92550 -1.04931 0.11753 0.37080 0.64102 -0.47282 0.47753
1413393954105760512.000000000 -2.94204 -1.06959 0.10994 0.35381 0.65708 -0.47105 0.47030
1413393954205760512.000000000 -2.95531 -1.08680 0.10348 0.33204 0.67743 -0.46959 0.45862
1413393954305760256.000000000 -2.96396 -1.10683 0.10346 0.30876 0.69753 -0.46416 0.45020
1413393954405760512.000000000 -2.96652 -1.13399 0.10837 0.28878 0.71545 -0.45181 0.44789
1413393954505760512.000000000 -2.96176 -1.17023 0.11640 0.27235 0.73158 -0.43252 0.45115
1413393954605760512.000000000 -2.94848 -1.21470 0.12707 0.25643 0.74668 -0.41142 0.45546
1413393954705760512.000000000 -2.92665 -1.26990 0.13859 0.24435 0.75834 -0.39185 0.46008
1413393954805760256.000000000 -2.89659 -1.33585 0.15019 0.23479 0.76680 -0.37840 0.46228
1413393954905760512.000000000 -2.85707 -1.41114 0.16148 0.22938 0.77255 -0.36875 0.46322
1413393955005760512.000000000 -2.80801 -1.49592 0.17521 0.23101 0.77124 -0.35954 0.47176
1413393955105760512.000000000 -2.74847 -1.58723 0.19164 0.23711 0.76444 -0.34614 0.48949
1413393955205760512.000000000 -2.68076 -1.68103 0.20595 0.23706 0.75923 -0.33449 0.50546
1413393955305760256.000000000 -2.60724 -1.77454 0.21943 0.22521 0.75566 -0.32838 0.52003
1413393955405760512.000000000 -2.53132 -1.86758 0.23283 0.21260 0.75806 -0.31683 0.52894
1413393955505760512.000000000 -2.45355 -1.95992 0.24983 0.20359 0.75939 -0.29220 0.54452
1413393955605760512.000000000 -2.37732 -2.04831 0.26459 0.19533 0.75975 -0.25627 0.56475
1413393955705760512.000000000 -2.30480 -2.13079 0.26861 0.19426 0.76583 -0.21328 0.57469
1413393955805760256.000000000 -2.23758 -2.20492 0.26173 0.20282 0.77695 -0.17212 0.57060
1413393955905760512.000000000 -2.17322 -2.26532 0.24402 0.20082 0.79143 -0.14855 0.55789
1413393956005760512.000000000 -2.10477 -2.30970 0.22593 0.16925 0.80296 -0.15177 0.55098
1413393956105760512.000000000 -2.03005 -2.34392 0.21332 0.13543 0.80791 -0.15731 0.55154
1413393956205760512.000000000 -1.94915 -2.37457 0.20561 0.10860 0.81040 -0.15283 0.55507
1413393956305760256.000000000 -1.86444 -2.40318 0.20395 0.09274 0.80603 -0.13369 0.56907
1413393956405760512.000000000 -1.77990 -2.42767 0.20645 0.07830 0.79903 -0.10695 0.58650
1413393956505760512.000000000 -1.69812 -2.44788 0.20829 0.06097 0.79547 -0.07729 0.59795
1413393956605760512.000000000 -1.62084 -2.46317 0.20853 0.03741 0.79981 -0.04800 0.59716
1413393956705760512.000000000 -1.54764 -2.47477 0.20704 0.01197 0.80885 -0.01736 0.58763
1413393956805760256.000000000 -1.47844 -2.48384 0.20446 -0.01347 0.81760 0.01255 0.57549
1413393956905760512.000000000 -1.41062 -2.49127 0.20482 -0.04264 0.82066 0.03843 0.56852
1413393957005760512.000000000 -1.34035 -2.49901 0.20471 -0.07013 0.82003 0.06385 0.56441
1413393957105760512.000000000 -1.27383 -2.50672 0.20786 -0.09126 0.81795 0.09509 0.55999
1413393957205760512.000000000 -1.20207 -2.51396 0.21200 -0.10989 0.81286 0.13141 0.55670
1413393957305760256.000000000 -1.12720 -2.52121 0.21651 -0.13203 0.80604 0.16882 0.55170
1413393957405760512.000000000 -1.05008 -2.52878 0.22210 -0.15478 0.79663 0.20483 0.54724
1413393957505760512.000000000 -0.97193 -2.53717 0.22751 -0.17726 0.78369 0.23728 0.54599
1413393957605760512.000000000 -0.89356 -2.54527 0.22249 -0.20009 0.76933 0.26684 0.54487
1413393957705760512.000000000 -0.82074 -2.55391 0.20689 -0.22596 0.74912 0.29462 0.54860
1413393957805760256.000000000 -0.75405 -2.56335 0.17907 -0.24626 0.72814 0.32594 0.55039
1413393957905760512.000000000 -0.69582 -2.57533 0.14380 -0.25460 0.71026 0.36222 0.54727
1413393958005760512.000000000 -0.64791 -2.59042 0.11033 -0.25300 0.69764 0.39835 0.53909
1413393958105760512.000000000 -0.61068 -2.60469 0.08956 -0.25290 0.69248 0.42276 0.52706
1413393958205760512.000000000 -0.57803 -2.61124 0.08647 -0.25973 0.69075 0.43413 0.51666
1413393958305760256.000000000 -0.54993 -2.60818 0.09824 -0.27493 0.69280 0.43327 0.50666
1413393958405760512.000000000 -0.52804 -2.59940 0.11671 -0.29040 0.69978 0.42652 0.49402
1413393958505760512.000000000 -0.51005 -2.58932 0.12796 -0.29528 0.70690 0.42414 0.48292
1413393958605760512.000000000 -0.49103 -2.57949 0.12766 -0.29187 0.71590 0.42587 0.47003
1413393958705760512.000000000 -0.46883 -2.56123 0.11367 -0.28609 0.72262 0.42773 0.46154
1413393958805760256.000000000 -0.44483 -2.54684 0.09530 -0.28739 0.71971 0.42451 0.46820
1413393958905760512.000000000 -0.41962 -2.53071 0.07033 -0.29111 0.71198 0.41914 0.48235
1413393959005760512.000000000 -0.39274 -2.51030 0.03613 -0.29695 0.70737 0.41169 0.49189
1413393959105760512.000000000 -0.36641 -2.48772 -0.00492 -0.31215 0.70622 0.39716 0.49607
1413393959205760512.000000000 -0.33716 -2.46720 -0.04301 -0.32345 0.70211 0.38605 0.50337
1413393959305760256.000000000 -0.30618 -2.45090 -0.07858 -0.31698 0.69887 0.38760 0.51075
1413393959405760512.000000000 -0.27436 -2.43548 -0.11373 -0.30599 0.70162 0.39344 0.50922
1413393959505760512.000000000 -0.24235 -2.42049 -0.14503 -0.29880 0.70256 0.39676 0.50963
1413393959605760512.000000000 -0.21174 -2.40678 -0.16914 -0.30141 0.69414 0.39403 0.52159
1413393959705760512.000000000 -0.18737 -2.39914 -0.18554 -0.31202 0.67638 0.38525 0.54473
1413393959805760256.000000000 -0.17192 -2.40201 -0.20183 -0.31397 0.67077 0.38256 0.55239
1413393959905760512.000000000 -0.16439 -2.41529 -0.22068 -0.30216 0.68665 0.39043 0.53364
1413393960005760512.000000000 -0.16390 -2.43667 -0.23586 -0.28891 0.70189 0.39919 0.51432
1413393960105760512.000000000 -0.16826 -2.45809 -0.24471 -0.27895 0.71306 0.40537 0.49941
1413393960205760512.000000000 -0.17419 -2.47643 -0.25061 -0.26962 0.72384 0.41097 0.48421
1413393960305760256.000000000 -0.17884 -2.48799 -0.25675 -0.26074 0.73453 0.41656 0.46793
1413393960405760512.000000000 -0.18133 -2.48969 -0.25536 -0.26412 0.73091 0.41694 0.47135
1413393960505760512.000000000 -0.18140 -2.47959 -0.25350 -0.27742 0.71644 0.41893 0.48400
1413393960605760512.000000000 -0.18186 -2.46209 -0.26993 -0.29268 0.70093 0.43010 0.48791
1413393960705760512.000000000 -0.18572 -2.44231 -0.30744 -0.30969 0.68468 0.44843 0.48396
1413393960805760256.000000000 -0.19249 -2.42127 -0.36554 -0.32504 0.67008 0.47113 0.47263
1413393960905760512.000000000 -0.20009 -2.39935 -0.43326 -0.33017 0.66554 0.49498 0.45060
1413393961005760512.000000000 -0.20655 -2.37241 -0.49261 -0.33676 0.66618 0.50917 0.42841
1413393961105760512.000000000 -0.20939 -2.33744 -0.53778 -0.34395 0.65963 0.51595 0.42472
1413393961205760512.000000000 -0.20874 -2.29489 -0.56618 -0.35734 0.64700 0.51257 0.43701
1413393961305760256.000000000 -0.20591 -2.25125 -0.57300 -0.39477 0.62800 0.48695 0.46115
1413393961405760512.000000000 -0.20035 -2.21600 -0.56518 -0.43108 0.60663 0.45904 0.48524
1413393961505760512.000000000 -0.18998 -2.19586 -0.54205 -0.43191 0.60026 0.45796 0.49338
1413393961605760512.000000000 -0.17935 -2.20099 -0.50275 -0.40547 0.60972 0.47756 0.48556
1413393961705760512.000000000 -0.17225 -2.21952 -0.44677 -0.37984 0.62178 0.49585 0.47249
1413393961805760256.000000000 -0.16909 -2.24425 -0.37397 -0.37077 0.62500 0.50159 0.46937
1413393961905760512.000000000 -0.17172 -2.27470 -0.29389 -0.36298 0.63101 0.50650 0.46209
1413393962005760512.000000000 -0.17646 -2.30128 -0.20837 -0.35592 0.63680 0.51139 0.45419
1413393962105760512.000000000 -0.18553 -2.32959 -0.10663 -0.35022 0.64238 0.51594 0.44554
1413393962205760512.000000000 -0.19414 -2.34692 0.00737 -0.34571 0.64800 0.51953 0.43665
1413393962305760256.000000000 -0.20530 -2.36270 0.13169 -0.34189 0.65165 0.52271 0.43040
1413393962405760512.000000000 -0.21510 -2.36430 0.25061 -0.33190 0.65858 0.52920 0.41961
1413393962505760512.000000000 -0.22540 -2.36766 0.34720 -0.31450 0.67160 0.53517 0.40451
1413393962605760512.000000000 -0.23216 -2.35151 0.42135 -0.29620 0.68516 0.53298 0.39844
1413393962705760512.000000000 -0.23560 -2.33140 0.48037 -0.27914 0.69210 0.52197 0.41307
1413393962805760256.000000000 -0.23761 -2.29226 0.53261 -0.26464 0.69302 0.50163 0.44504
1413393962905760512.000000000 -0.24113 -2.23572 0.57623 -0.24660 0.69274 0.47558 0.48283
1413393963005760512.000000000 -0.25133 -2.16940 0.60874 -0.22714 0.69732 0.44354 0.51520
1413393963105760512.000000000 -0.27034 -2.09374 0.63218 -0.20841 0.70532 0.40718 0.54156
1413393963205760512.000000000 -0.29988 -2.00958 0.64717 -0.19717 0.71677 0.36529 0.56029
1413393963305760256.000000000 -0.34250 -1.91966 0.65102 -0.19132 0.72979 0.32051 0.57278
1413393963405760512.000000000 -0.39298 -1.82640 0.64545 -0.17834 0.74291 0.28079 0.58089
1413393963505760512.000000000 -0.45006 -1.73186 0.63446 -0.16078 0.75536 0.24575 0.58582
1413393963605760512.000000000 -0.51195 -1.63478 0.62062 -0.14487 0.76447 0.21363 0.59073
1413393963705760512.000000000 -0.58035 -1.53781 0.59643 -0.12772 0.76969 0.18583 0.59727
1413393963805760256.000000000 -0.65618 -1.44215 0.55937 -0.10718 0.77377 0.16180 0.60300
1413393963905760512.000000000 -0.74033 -1.35464 0.52353 -0.08482 0.78019 0.14002 0.60375
1413393964005760512.000000000 -0.83175 -1.26880 0.47410 -0.06142 0.78860 0.11874 0.60020
1413393964105760512.000000000 -0.92796 -1.17648 0.41531 -0.04144 0.79441 0.09476 0.59851
1413393964205760512.000000000 -1.02984 -1.08316 0.35330 -0.03061 0.79840 0.06432 0.59789
1413393964305760256.000000000 -1.13509 -0.98852 0.28721 -0.02460 0.80270 0.03048 0.59509
1413393964405760512.000000000 -1.24162 -0.89228 0.22479 -0.01635 0.80634 0.00016 0.59123
1413393964505760512.000000000 -1.34847 -0.79870 0.16805 -0.00755 0.80843 -0.02752 0.58790
1413393964605760512.000000000 -1.45484 -0.70982 0.11714 -0.00130 0.80792 -0.05547 0.58668
1413393964705760512.000000000 -1.56155 -0.62855 0.07137 0.00540 0.80488 -0.08206 0.58771
1413393964805760256.000000000 -1.66850 -0.55702 0.03002 0.01062 0.80460 -0.10901 0.58363
1413393964905760512.000000000 -1.77734 -0.49719 -0.00764 0.01729 0.80916 -0.13456 0.57171
1413393965005760512.000000000 -1.88511 -0.44974 -0.04279 0.01577 0.81819 -0.16504 0.55052
1413393965105760512.000000000 -1.98878 -0.41727 -0.07389 0.00739 0.82454 -0.20071 0.52895
1413393965205760512.000000000 -2.08714 -0.40624 -0.09914 0.00501 0.82830 -0.23243 0.50978
1413393965305760256.000000000 -2.17731 -0.42292 -0.11720 0.02035 0.83728 -0.24734 0.48721
1413393965405760512.000000000 -2.25608 -0.46673 -0.12676 0.05624 0.84852 -0.23775 0.46939
1413393965505760512.000000000 -2.30887 -0.53659 -0.12465 0.10852 0.85504 -0.20562 0.46352
1413393965605760512.000000000 -2.33871 -0.61230 -0.11754 0.15854 0.85486 -0.16795 0.46462
1413393965705760512.000000000 -2.33535 -0.68756 -0.10630 0.18304 0.84806 -0.14785 0.47480
1413393965805760256.000000000 -2.30395 -0.75255 -0.09072 0.17602 0.83250 -0.15329 0.50247
1413393965905760512.000000000 -2.25513 -0.80780 -0.07590 0.16989 0.81439 -0.15713 0.53218
1413393966005760512.000000000 -2.20078 -0.85502 -0.07150 0.18141 0.80687 -0.14792 0.54237
1413393966105760512.000000000 -2.13670 -0.89139 -0.06804 0.18431 0.80450 -0.14507 0.54568
1413393966205760512.000000000 -2.06512 -0.91405 -0.05350 0.17646 0.80441 -0.15122 0.54673
1413393966305760256.000000000 -1.98276 -0.92466 -0.02436 0.17837 0.80576 -0.14945 0.54461
1413393966405760512.000000000 -1.89069 -0.92237 0.02077 0.19440 0.80142 -0.13550 0.54916
1413393966505760512.000000000 -1.79359 -0.90133 0.07571 0.19778 0.78853 -0.13009 0.56761
1413393966605760512.000000000 -1.69655 -0.86526 0.12462 0.18954 0.77321 -0.13199 0.59059
1413393966705760512.000000000 -1.60204 -0.81450 0.15970 0.18261 0.76223 -0.13505 0.60615
1413393966805760256.000000000 -1.51532 -0.74958 0.18304 0.17848 0.75571 -0.13762 0.61490
1413393966905760512.000000000 -1.43730 -0.67257 0.19464 0.16865 0.75999 -0.14666 0.61030
1413393967005760512.000000000 -1.36730 -0.58576 0.19516 0.14725 0.76970 -0.16934 0.59766
1413393967105760512.000000000 -1.30388 -0.49470 0.18932 0.13060 0.77607 -0.19198 0.58635
1413393967205760512.000000000 -1.24766 -0.40410 0.17803 0.12513 0.77783 -0.20795 0.57973
1413393967305760256.000000000 -1.19809 -0.31691 0.16189 0.13120 0.77345 -0.22060 0.57957
1413393967405760512.000000000 -1.15544 -0.23530 0.13886 0.14727 0.76527 -0.23425 0.58121
1413393967505760512.000000000 -1.11943 -0.15748 0.10818 0.16122 0.75378 -0.25594 0.58337
1413393967605760512.000000000 -1.09108 -0.08275 0.07607 0.17592 0.74499 -0.28076 0.57898
1413393967705760512.000000000 -1.07183 -0.01085 0.04787 0.19265 0.73700 -0.30592 0.57108
1413393967805760256.000000000 -1.06097 0.06030 0.02780 0.21109 0.72959 -0.32989 0.56064
1413393967905760512.000000000 -1.05800 0.13215 0.01744 0.22282 0.72876 -0.35421 0.54202
1413393968005760512.000000000 -1.05725 0.19909 0.02123 0.22390 0.73676 -0.37679 0.51486
1413393968105760512.000000000 -1.05580 0.25578 0.04603 0.23157 0.73940 -0.38738 0.49959
1413393968205760512.000000000 -1.05107 0.30212 0.08565 0.23393 0.73565 -0.39585 0.49740
1413393968305760256.000000000 -1.04432 0.34257 0.12449 0.23002 0.73423 -0.40321 0.49540
1413393968405760512.000000000 -1.03498 0.37697 0.15628 0.24215 0.74211 -0.39546 0.48399
1413393968505760512.000000000 -1.02060 0.40502 0.18152 0.25782 0.74655 -0.38278 0.47924
1413393968605760512.000000000 -0.99856 0.42678 0.19661 0.26935 0.74659 -0.37337 0.48026
1413393968705760512.000000000 -0.96938 0.44370 0.19987 0.27269 0.74640 -0.37512 0.47730
1413393968805760256.000000000 -0.93281 0.45649 0.19367 0.27632 0.74117 -0.38189 0.47799
1413393968905760512.000000000 -0.88966 0.46564 0.17959 0.28786 0.72440 -0.39046 0.48982
1413393969005760512.000000000 -0.84320 0.47307 0.15404 0.29378 0.70114 -0.40955 0.50434
1413393969105760512.000000000 -0.80163 0.48060 0.11550 0.30423 0.67867 -0.42959 0.51216
1413393969205760512.000000000 -0.76132 0.49124 0.07761 0.32420 0.66214 -0.44649 0.50706
1413393969305760256.000000000 -0.72259 0.50459 0.04391 0.34155 0.64809 -0.46701 0.49520
1413393969405760512.000000000 -0.68526 0.52114 0.01330 0.34992 0.63252 -0.49242 0.48476
1413393969505760512.000000000 -0.65213 0.54122 -0.01367 0.34687 0.60957 -0.52213 0.48527
1413393969605760512.000000000 -0.62687 0.56368 -0.03795 0.34424 0.58946 -0.54956 0.48170
1413393969705760512.000000000 -0.61347 0.58455 -0.05491 0.34590 0.57504 -0.57274 0.47079
1413393969805760256.000000000 -0.61409 0.60279 -0.05700 -0.34582 -0.56520 0.59051 -0.46071
1413393969905760512.000000000 -0.62793 0.61941 -0.04058 -0.34979 -0.55767 0.60004 -0.45454
1413393970005760512.000000000 -0.65662 0.63532 -0.00667 -0.36526 -0.56013 0.59821 -0.44157
1413393970105760512.000000000 -0.69576 0.65016 0.03908 -0.38905 -0.57556 0.58647 -0.41644
1413393970205760512.000000000 -0.73781 0.66275 0.08052 0.40109 0.58827 -0.57959 0.39642
1413393970305760256.000000000 -0.77625 0.67286 0.11089 0.40488 0.59350 -0.57678 0.38879
1413393970405760512.000000000 -0.80844 0.67615 0.13223 0.40486 0.59636 -0.57554 0.38626
1413393970505760512.000000000 -0.83429 0.67095 0.15372 0.40989 0.59566 -0.57031 0.38978
1413393970605760512.000000000 -0.85440 0.65873 0.17646 0.41855 0.59170 -0.56212 0.39841
1413393970705760512.000000000 -0.86820 0.64607 0.19564 0.43354 0.59053 -0.54992 0.40113
1413393970805760256.000000000 -0.87517 0.63345 0.19984 0.45261 0.59836 -0.53549 0.38776
1413393970905760512.000000000 -0.86961 0.62262 0.19110 0.46672 0.60753 -0.52523 0.37043
1413393971005760512.000000000 -0.84581 0.61246 0.18042 0.47118 0.60826 -0.52176 0.36848
1413393971105760512.000000000 -0.80158 0.60495 0.17356 0.46380 0.59695 -0.52600 0.38970
1413393971205760512.000000000 -0.74138 0.60827 0.17970 0.46596 0.57930 -0.51989 0.42074
1413393971305760256.000000000 -0.66860 0.61674 0.20062 0.47472 0.56225 -0.50728 0.44853
1413393971405760512.000000000 -0.58960 0.64256 0.21687 0.48345 0.55025 -0.49554 0.46685
1413393971505760512.000000000 -0.50664 0.68865 0.21638 0.46938 0.55169 -0.50429 0.47013
1413393971605760512.000000000 -0.42089 0.75453 0.20365 0.43174 0.55594 -0.53268 0.46987
1413393971705760512.000000000 -0.33784 0.83344 0.19263 -0.38829 -0.54638 0.56380 -0.48252
1413393971805760256.000000000 -0.26810 0.91968 0.19016 -0.35228 -0.52801 0.58998 -0.49902
1413393971905760512.000000000 -0.22116 1.00950 0.19603 -0.33754 -0.52009 0.60380 -0.50099
1413393972005760512.000000000 -0.20137 1.10036 0.21123 -0.34707 -0.52824 0.60465 -0.48467
1413393972105760512.000000000 -0.20120 1.19040 0.22952 -0.35847 -0.53877 0.60340 -0.46596
1413393972205760512.000000000 -0.21280 1.27978 0.23123 -0.35042 -0.54712 0.61285 -0.44975
1413393972305760256.000000000 -0.23664 1.36396 0.21773 -0.35733 -0.55980 0.61121 -0.43052
1413393972405760512.000000000 -0.26882 1.44054 0.20578 -0.38522 -0.57257 0.59335 -0.41437
1413393972505760512.000000000 -0.30275 1.51225 0.19400 0.40334 0.58534 -0.57961 0.39843
1413393972605760512.000000000 -0.33236 1.57787 0.18297 0.40321 0.59863 -0.57908 0.37911
1413393972705760512.000000000 -0.35489 1.63380 0.17386 0.40382 0.60213 -0.57941 0.37236
1413393972805760256.000000000 -0.37060 1.68053 0.16256 0.40764 0.60086 -0.57852 0.37163
1413393972905760512.000000000 -0.37848 1.71942 0.14934 0.41368 0.59817 -0.57697 0.37171
1413393973005760512.000000000 -0.37771 1.75081 0.13683 0.42225 0.59668 -0.57403 0.36901
1413393973105760512.000000000 -0.36610 1.77378 0.12444 0.43243 0.59198 -0.56807 0.37398
1413393973205760512.000000000 -0.34479 1.79689 0.11342 0.44356 0.58434 -0.55931 0.38596
1413393973305760256.000000000 -0.31217 1.81784 0.10205 0.45783 0.57313 -0.54671 0.40376
1413393973405760512.000000000 -0.27100 1.84462 0.09024 0.46986 0.56186 -0.53413 0.42220
1413393973505760512.000000000 -0.22067 1.88383 0.07960 0.48115 0.55297 -0.52114 0.43720
1413393973605760512.000000000 -0.16285 1.94026 0.06715 0.48402 0.54730 -0.51530 0.44793
1413393973705760512.000000000 -0.09784 2.01484 0.05323 0.46408 0.54188 -0.52695 0.46186
1413393973805760256.000000000 -0.03057 2.10786 0.03756 -0.42110 -0.53927 0.55504 -0.47307
1413393973905760512.000000000 0.03014 2.21216 0.02423 -0.36452 -0.53256 0.59019 -0.48496
1413393974005760512.000000000 0.07125 2.31972 0.01442 -0.31166 -0.53884 0.62203 -0.47497
1413393974105760512.000000000 0.08376 2.42372 0.00920 -0.26747 -0.56230 0.64871 -0.43755
1413393974205760512.000000000 0.06484 2.50718 0.01340 -0.24399 -0.59413 0.66130 -0.38750
1413393974305760256.000000000 0.01764 2.55270 0.03317 -0.25624 -0.63246 0.65010 -0.33422
1413393974405760512.000000000 -0.03775 2.55238 0.06386 0.27557 0.66050 -0.63316 0.29481
1413393974505760512.000000000 -0.08976 2.50236 0.10318 0.30650 0.68177 -0.60621 0.27159
1413393974605760512.000000000 -0.12328 2.40782 0.15026 0.34543 0.69136 -0.57371 0.27121
1413393974705760512.000000000 -0.13096 2.28206 0.20035 0.38653 0.68548 -0.54164 0.29554
1413393974805760256.000000000 -0.11481 2.13786 0.24656 0.41938 0.67058 -0.51633 0.32840
1413393974905760512.000000000 -0.07703 1.98827 0.27895 0.43106 0.64695 -0.50933 0.36910
1413393975005760512.000000000 -0.02351 1.83727 0.29618 0.43347 0.62249 -0.50997 0.40562
1413393975105760512.000000000 0.03910 1.69390 0.29759 0.42854 0.60308 -0.51558 0.43223
1413393975205760512.000000000 0.10770 1.56172 0.28756 0.41827 0.59156 -0.52478 0.44688
1413393975305760256.000000000 0.17742 1.43892 0.27689 0.40903 0.58833 -0.53269 0.45034
1413393975405760512.000000000 0.24810 1.32527 0.27508 0.41594 0.58769 -0.52813 0.45020
1413393975505760512.000000000 0.31913 1.22234 0.27639 0.42823 0.58806 -0.51815 0.44980
1413393975605760512.000000000 0.39443 1.13555 0.27816 0.43674 0.58731 -0.51096 0.45083
1413393975705760512.000000000 0.47420 1.06367 0.27878 0.43246 0.58356 -0.51375 0.45662
1413393975805760256.000000000 0.55564 1.00516 0.27818 0.41925 0.57664 -0.52550 0.46430
1413393975905760512.000000000 0.63537 0.95834 0.28048 0.40795 0.56535 -0.53734 0.47457
1413393976005760512.000000000 0.71034 0.92123 0.28403 0.40269 0.56414 -0.54652 0.47001
1413393976105760512.000000000 0.77969 0.89328 0.28064 0.40242 0.56964 -0.55318 0.45558
1413393976205760512.000000000 0.84536 0.87159 0.26874 0.40052 0.57052 -0.55973 0.44811
1413393976305760256.000000000 0.90783 0.85553 0.24734 -0.39568 -0.56506 0.56622 -0.45115
1413393976405760512.000000000 0.96415 0.84365 0.22803 -0.39419 -0.55610 0.56736 -0.46203
1413393976505760512.000000000 1.01244 0.83779 0.21827 -0.38621 -0.55673 0.56611 -0.46949
1413393976605760512.000000000 1.05177 0.83658 0.21612 0.37584 0.56737 -0.56215 0.46991
1413393976705760512.000000000 1.08227 0.83860 0.20909 0.36490 0.57521 -0.55867 0.47315
1413393976805760256.000000000 1.10319 0.84300 0.19267 0.35316 0.58078 -0.55714 0.47705
1413393976905760512.000000000 1.11172 0.84912 0.17111 0.34114 0.59530 -0.55887 0.46574
1413393977005760512.000000000 1.10849 0.85390 0.15391 0.33674 0.61264 -0.55800 0.44711
1413393977105760512.000000000 1.10104 0.85163 0.14196 0.34649 0.62611 -0.55022 0.43035
1413393977205760512.000000000 1.09486 0.83949 0.14563 0.36032 0.62995 -0.54019 0.42607
1413393977305760256.000000000 1.09298 0.82052 0.16278 0.37194 0.62811 -0.53205 0.42903
1413393977405760512.000000000 1.09469 0.79795 0.19272 0.38069 0.62556 -0.52748 0.43072
1413393977505760512.000000000 1.10168 0.77678 0.22691 0.38632 0.62473 -0.52575 0.42902
1413393977605760512.000000000 1.11242 0.75540 0.25835 0.38921 0.62421 -0.52660 0.42610
1413393977705760512.000000000 1.12593 0.73298 0.27905 0.39132 0.62328 -0.52790 0.42392
1413393977805760256.000000000 1.14656 0.70604 0.29410 0.39227 0.62095 -0.53085 0.42279
1413393977905760512.000000000 1.17177 0.68166 0.30330 0.39444 0.61869 -0.53254 0.42195
1413393978005760512.000000000 1.20455 0.65504 0.31657 0.39455 0.61551 -0.53671 0.42121
1413393978105760512.000000000 1.24236 0.62871 0.33039 0.39207 0.61082 -0.54347 0.42169
1413393978205760512.000000000 1.28383 0.60170 0.34534 0.38918 0.60435 -0.55010 0.42508
1413393978305760256.000000000 1.32509 0.57642 0.36131 0.38979 0.59452 -0.55769 0.42847
1413393978405760512.000000000 1.36503 0.54787 0.37940 0.39406 0.57958 -0.56757 0.43204
1413393978505760512.000000000 1.40041 0.52438 0.40010 -0.40197 -0.56034 0.57980 -0.43391
1413393978605760512.000000000 1.42966 0.50450 0.42098 -0.41318 -0.54083 0.59429 -0.42848
1413393978705760512.000000000 1.45345 0.48765 0.44056 -0.42271 -0.52256 0.61258 -0.41592
1413393978805760256.000000000 1.47322 0.47225 0.46050 -0.42955 -0.50455 0.63326 -0.39987
1413393978905760512.000000000 1.48568 0.46229 0.48230 -0.43874 -0.48305 0.65189 -0.38628
1413393979005760512.000000000 1.49057 0.45475 0.50483 -0.44744 -0.45891 0.66952 -0.37542
1413393979105760512.000000000 1.48577 0.45176 0.52605 -0.45623 -0.43295 0.68661 -0.36465
1413393979205760512.000000000 1.47307 0.45353 0.54658 -0.46822 -0.40763 0.70227 -0.34845
1413393979305760256.000000000 1.45305 0.45996 0.55628 -0.48021 -0.38133 0.71667 -0.33222
1413393979405760512.000000000 1.42605 0.47552 0.55137 -0.48979 -0.35184 0.73092 -0.31950
1413393979505760512.000000000 1.39269 0.49792 0.53460 -0.49757 -0.32116 0.74440 -0.30845
1413393979605760512.000000000 1.34973 0.52496 0.51106 0.50455 0.29095 -0.75738 0.29522
1413393979705760512.000000000 1.29786 0.55988 0.48549 0.51529 0.26532 -0.76730 0.27447
1413393979805760256.000000000 1.23946 0.60303 0.46541 0.52681 0.24455 -0.77521 0.24842
1413393979905760512.000000000 1.17558 0.65436 0.45114 0.53465 0.22616 -0.78426 0.21893
1413393980005760512.000000000 1.10742 0.71055 0.44032 0.53870 0.20589 -0.79408 0.19197
1413393980105760512.000000000 1.03559 0.77053 0.43139 0.53731 0.18978 -0.80601 0.16010
1413393980205760512.000000000 0.95952 0.82907 0.42378 0.53349 0.17956 -0.81709 0.12455
1413393980305760256.000000000 0.87831 0.88211 0.41662 0.52854 0.17235 -0.82546 0.09772
1413393980405760512.000000000 0.79180 0.92593 0.41015 0.52824 0.16743 -0.82833 0.08249
1413393980505760512.000000000 0.69954 0.95718 0.40498 0.53743 0.16310 -0.82380 0.07692
1413393980605760512.000000000 0.60337 0.97738 0.40053 0.55589 0.15988 -0.81208 0.07711
1413393980705760512.000000000 0.50650 0.98695 0.39655 0.56850 0.15894 -0.80344 0.07768
1413393980805760256.000000000 0.41163 0.98910 0.39330 0.56478 0.15831 -0.80608 0.07878
1413393980905760512.000000000 0.31891 0.98220 0.39020 0.55049 0.15500 -0.81604 0.08370
1413393981005760512.000000000 0.22304 0.97159 0.39165 0.53803 0.14721 -0.82452 0.09497
1413393981105760512.000000000 0.12112 0.95288 0.39753 0.53463 0.13813 -0.82667 0.10822
1413393981205760512.000000000 0.01154 0.93477 0.41559 0.54109 0.13047 -0.82218 0.11923
1413393981305760256.000000000 -0.10460 0.91884 0.44828 0.54258 0.12838 -0.82064 0.12519
1413393981405760512.000000000 -0.22628 0.90529 0.48726 0.53855 0.13025 -0.82277 0.12670
1413393981505760512.000000000 -0.35233 0.89636 0.52171 0.53812 0.13991 -0.82273 0.11813
1413393981605760512.000000000 -0.48187 0.88809 0.54494 0.54045 0.15128 -0.82059 0.10792
1413393981705760512.000000000 -0.61581 0.87639 0.55595 0.54097 0.15898 -0.81955 0.10201
1413393981805760256.000000000 -0.75279 0.86015 0.55608 0.54470 0.16607 -0.81631 0.09672
1413393981905760512.000000000 -0.89113 0.83685 0.54678 0.55020 0.17807 -0.81030 0.09479
1413393982005760512.000000000 -1.02362 0.80428 0.53389 0.55675 0.19396 -0.80145 0.10042
1413393982105760512.000000000 -1.15112 0.76281 0.52025 0.55927 0.21395 -0.79291 0.11291
1413393982205760512.000000000 -1.27702 0.71139 0.50893 0.55935 0.23793 -0.78296 0.13224
1413393982305760256.000000000 -1.40107 0.65135 0.50009 0.55595 0.26676 -0.77141 0.15710
1413393982405760512.000000000 -1.52068 0.58476 0.49364 0.54436 0.30175 -0.76112 0.18251
1413393982505760512.000000000 -1.63203 0.51359 0.48825 0.53018 0.34138 -0.74759 0.20853
1413393982605760512.000000000 -1.73362 0.43738 0.48524 0.51504 0.38391 -0.72883 0.23696
1413393982705760512.000000000 -1.82850 0.35495 0.48273 0.50078 0.42976 -0.70338 0.26415
1413393982805760256.000000000 -1.91734 0.26630 0.48064 -0.48680 -0.47750 0.67129 -0.29051
1413393982905760512.000000000 -1.99821 0.17312 0.47883 -0.47262 -0.52361 0.63437 -0.31629
1413393983005760512.000000000 -2.06682 0.07827 0.47489 -0.45342 -0.56584 0.59830 -0.34099
1413393983105760512.000000000 -2.12065 -0.01781 0.47076 0.43373 0.60529 -0.55974 0.36358
1413393983205760512.000000000 -2.15921 -0.11464 0.46670 0.41508 0.64254 -0.51855 0.38204
1413393983305760256.000000000 -2.18047 -0.21026 0.46210 0.39604 0.67571 -0.47604 0.39993
1413393983405760512.000000000 -2.18319 -0.30283 0.45922 0.37887 0.70331 -0.43104 0.41954
1413393983505760512.000000000 -2.16681 -0.39017 0.45899 0.36014 0.72451 -0.38666 0.44258
1413393983605760512.000000000 -2.13152 -0.46904 0.46230 0.34023 0.74174 -0.34228 0.46574
1413393983705760512.000000000 -2.08117 -0.53721 0.46785 0.31747 0.75581 -0.30041 0.48757
1413393983805760256.000000000 -2.01585 -0.59225 0.47492 0.28999 0.76828 -0.26387 0.50598
1413393983905760512.000000000 -1.93842 -0.63224 0.48585 0.26120 0.77825 -0.23059 0.52242
1413393984005760512.000000000 -1.84949 -0.65673 0.49976 0.23827 0.78641 -0.19483 0.53557
1413393984105760512.000000000 -1.75054 -0.66282 0.51477 0.21705 0.79286 -0.15710 0.54735
1413393984205760512.000000000 -1.64346 -0.65311 0.53270 0.19540 0.79786 -0.11869 0.55781
1413393984305760256.000000000 -1.53044 -0.62321 0.55220 0.17054 0.80121 -0.08401 0.56738
1413393984405760512.000000000 -1.41574 -0.57391 0.57447 0.14483 0.80219 -0.05534 0.57659
1413393984505760512.000000000 -1.30129 -0.50645 0.59843 0.12438 0.80136 -0.02966 0.58435
1413393984605760512.000000000 -1.19081 -0.42163 0.62277 0.10512 0.80022 -0.00896 0.59035
1413393984705760512.000000000 -1.08356 -0.32329 0.63924 0.07205 0.80377 -0.00640 0.59053
1413393984805760256.000000000 -0.97873 -0.21674 0.64483 0.04250 0.80591 -0.01237 0.59038
1413393984905760512.000000000 -0.87720 -0.10781 0.63816 0.01547 0.81212 -0.03062 0.58248
1413393985005760512.000000000 -0.77847 -0.00261 0.62080 0.00015 0.81713 -0.05811 0.57351
1413393985105760512.000000000 -0.68074 0.09402 0.59658 0.00865 0.81718 -0.08337 0.57025
1413393985205760512.000000000 -0.58262 0.18088 0.56780 0.03662 0.81056 -0.10384 0.57521
1413393985305760256.000000000 -0.48712 0.26131 0.53397 0.07087 0.80257 -0.12489 0.57902
1413393985405760512.000000000 -0.39445 0.33987 0.50125 0.10621 0.79540 -0.14787 0.57810
1413393985505760512.000000000 -0.30500 0.41886 0.47008 0.13654 0.78764 -0.17553 0.57460
1413393985605760512.000000000 -0.21688 0.50056 0.44012 0.15527 0.78187 -0.21008 0.56607
1413393985705760512.000000000 -0.13131 0.58371 0.41025 0.16353 0.77967 -0.24950 0.55056
1413393985805760256.000000000 -0.04725 0.66474 0.38218 0.17113 0.77719 -0.28736 0.53303
1413393985905760512.000000000 0.03722 0.73911 0.36057 0.17768 0.77089 -0.32396 0.51886
1413393986005760512.000000000 0.12220 0.80187 0.34868 0.18723 0.76010 -0.35762 0.50921
1413393986105760512.000000000 0.20782 0.85201 0.34218 0.19864 0.74572 -0.38879 0.50328
1413393986205760512.000000000 0.29090 0.89030 0.34088 0.20738 0.72710 -0.42072 0.50131
1413393986305760256.000000000 0.37052 0.91938 0.34119 0.21576 0.70463 -0.45397 0.50086
1413393986405760512.000000000 0.44403 0.93332 0.34375 0.22770 0.68167 -0.48496 0.49830
1413393986505760512.000000000 0.50829 0.93589 0.34905 0.24792 0.66165 -0.50958 0.49100
1413393986605760512.000000000 0.56116 0.92853 0.35935 0.29135 0.64730 -0.51772 0.47759
1413393986705760512.000000000 0.60663 0.91000 0.37275 0.33840 0.63364 -0.52027 0.46186
1413393986805760256.000000000 0.65093 0.88824 0.38710 0.37996 0.61595 -0.52367 0.44946
1413393986905760512.000000000 0.69628 0.86827 0.40131 0.41251 0.59966 -0.52755 0.43810
1413393987005760512.000000000 0.74723 0.85158 0.41116 0.42234 0.58984 -0.54024 0.42645
1413393987105760512.000000000 0.79989 0.83914 0.41406 0.42227 0.58492 -0.55376 0.41582
1413393987205760512.000000000 0.85339 0.82427 0.40722 0.42027 0.58196 -0.56353 0.40882
1413393987305760256.000000000 0.90986 0.80711 0.39870 0.41738 0.58151 -0.57007 0.40332
1413393987405760512.000000000 0.96994 0.79010 0.39580 0.41487 0.58209 -0.57316 0.40067
1413393987505760512.000000000 1.03571 0.77564 0.40357 0.41327 0.58213 -0.57401 0.40106
1413393987605760512.000000000 1.10202 0.75841 0.40693 0.41826 0.58001 -0.57317 0.40014
1413393987705760512.000000000 1.17047 0.73907 0.41149 -0.42412 -0.57448 0.57627 -0.39750
1413393987805760256.000000000 1.24349 0.72167 0.42052 -0.42716 -0.56618 0.58339 -0.39576
1413393987905760512.000000000 1.31643 0.70351 0.41906 -0.42500 -0.55847 0.59218 -0.39600
1413393988005760512.000000000 1.39233 0.68709 0.40944 -0.42521 -0.55281 0.59743 -0.39582
1413393988105760512.000000000 1.46571 0.66996 0.38494 -0.42788 -0.54918 0.59992 -0.39424
1413393988205760512.000000000 1.54109 0.65364 0.35109 -0.43587 -0.54686 0.59771 -0.39206
1413393988305760256.000000000 1.61539 0.64042 0.30844 -0.44446 -0.54609 0.59369 -0.38958
1413393988405760512.000000000 1.69476 0.62798 0.26674 -0.45328 -0.54753 0.58850 -0.38526
1413393988505760512.000000000 1.77409 0.62006 0.22604 -0.46373 -0.55580 0.58184 -0.37082
1413393988605760512.000000000 1.86758 0.61155 0.19042 -0.47395 -0.56293 0.57491 -0.35771
1413393988705760512.000000000 1.97142 0.60681 0.15714 -0.46822 -0.55941 0.58108 -0.36080
1413393988805760256.000000000 2.09128 0.60045 0.12773 -0.44959 -0.54746 0.59965 -0.37225
1413393988905760512.000000000 2.21153 0.59507 0.10632 -0.41917 -0.52936 0.63099 -0.38200
1413393989005760512.000000000 2.32456 0.58407 0.10108 -0.39500 -0.50912 0.66074 -0.38495
1413393989105760512.000000000 2.42452 0.56816 0.11291 -0.37446 -0.49078 0.68700 -0.38334
1413393989205760512.000000000 2.50177 0.54371 0.14389 -0.36093 -0.47837 0.70721 -0.37516
1413393989305760256.000000000 2.54886 0.50684 0.19498 -0.38259 -0.47988 0.70411 -0.35718
1413393989405760512.000000000 2.57679 0.45945 0.25872 -0.43718 -0.48295 0.67645 -0.34359
1413393989505760512.000000000 2.60038 0.40736 0.31811 -0.48386 -0.47899 0.64850 -0.34045
1413393989605760512.000000000 2.62704 0.35816 0.36277 0.50606 0.47453 -0.63449 0.34081
1413393989705760512.000000000 2.66155 0.31216 0.39036 0.50971 0.47301 -0.63467 0.33714
1413393989805760256.000000000 2.70358 0.26895 0.40365 0.50547 0.46696 -0.64437 0.33353
1413393989905760512.000000000 2.75271 0.23089 0.40719 -0.49944 -0.44963 0.65910 -0.33759
1413393990005760512.000000000 2.80304 0.19744 0.40190 -0.49649 -0.42234 0.67545 -0.34482
1413393990105760512.000000000 2.84781 0.17142 0.38749 0.50397 0.39417 -0.68982 0.33881
1413393990205760512.000000000 2.88570 0.15751 0.36287 0.51497 0.36489 -0.70506 0.32335
1413393990305760256.000000000 2.92083 0.15392 0.32980 0.52153 0.33387 -0.72424 0.30333
1413393990405760512.000000000 2.95460 0.16100 0.29454 0.52255 0.30102 -0.74621 0.28197
1413393990505760512.000000000 2.98234 0.17983 0.26451 0.52146 0.26463 -0.76672 0.26494
1413393990605760512.000000000 3.00395 0.20531 0.23734 0.50953 0.23348 -0.79107 0.24510
1413393990705760512.000000000 3.01304 0.24000 0.21287 -0.48353 -0.22003 0.82077 -0.21005
1413393990805760256.000000000 3.00464 0.27608 0.19606 -0.46352 -0.22711 0.84121 -0.16104
1413393990905760512.000000000 2.97637 0.29957 0.18641 -0.45475 -0.23806 0.84968 -0.12074
1413393991005760512.000000000 2.92767 0.30189 0.18900 -0.48218 -0.24856 0.83441 -0.09732
1413393991105760512.000000000 2.86322 0.28063 0.20116 0.53308 0.25035 -0.80238 0.09663
1413393991205760512.000000000 2.79773 0.24054 0.21729 0.58996 0.24033 -0.76191 0.11695
1413393991305760256.000000000 2.74528 0.19372 0.23286 0.63808 0.22703 -0.72169 0.14307
1413393991405760512.000000000 2.71426 0.15076 0.24236 0.65467 0.21310 -0.70458 0.17193
1413393991505760512.000000000 2.70573 0.11542 0.24442 0.62607 0.20674 -0.72701 0.19170
1413393991605760512.000000000 2.71359 0.09119 0.24548 0.58050 0.20021 -0.76077 0.21016
1413393991705760512.000000000 2.72578 0.07913 0.24879 0.53313 0.19647 -0.79317 0.21921
1413393991805760256.000000000 2.73005 0.07944 0.26038 0.50574 0.19637 -0.81158 0.21682
1413393991905760512.000000000 2.71826 0.08907 0.28572 0.52435 0.20559 -0.80169 0.20017
1413393992005760512.000000000 2.69407 0.10397 0.31897 0.57174 0.21798 -0.76998 0.18091
1413393992105760512.000000000 2.67313 0.11914 0.35017 0.60728 0.22406 -0.74283 0.17093
1413393992205760512.000000000 2.66413 0.13862 0.37023 0.60067 0.22969 -0.74842 0.16219
1413393992305760256.000000000 2.66584 0.15966 0.38475 0.56712 0.23533 -0.77442 0.15255
1413393992405760512.000000000 2.67049 0.17736 0.39719 0.52853 0.22483 -0.80175 0.16522
1413393992505760512.000000000 2.67225 0.19534 0.40825 0.50879 0.20920 -0.81446 0.18444
1413393992605760512.000000000 2.66237 0.21224 0.41676 0.52161 0.20143 -0.80608 0.19387
1413393992705760512.000000000 2.64285 0.23169 0.42351 0.56425 0.20641 -0.77712 0.18737
1413393992805760256.000000000 2.62392 0.25528 0.42865 0.60656 0.21428 -0.74478 0.17740
1413393992905760512.000000000 2.61714 0.28390 0.43077 0.62052 0.22274 -0.73323 0.16651
1413393993005760512.000000000 2.62523 0.31637 0.42742 0.60043 0.23098 -0.74994 0.15403
1413393993105760512.000000000 2.64487 0.34895 0.42436 0.57268 0.23666 -0.77146 0.14451
1413393993205760512.000000000 2.67028 0.37742 0.42185 0.53411 0.23590 -0.79908 0.14336
1413393993305760256.000000000 2.69123 0.39936 0.41826 -0.48919 -0.23597 0.82816 -0.13844
1413393993405760512.000000000 2.69784 0.40956 0.42461 -0.46437 -0.24020 0.84264 -0.12890
1413393993505760512.000000000 2.68333 0.40237 0.44034 -0.47233 -0.24582 0.83760 -0.12210
1413393993605760512.000000000 2.65122 0.37678 0.46507 0.51342 0.24347 -0.81273 0.12880
1413393993705760512.000000000 2.61210 0.34024 0.49477 0.56861 0.23663 -0.77493 0.14208
1413393993805760256.000000000 2.57899 0.30212 0.51526 0.61562 0.22916 -0.73816 0.15368
1413393993905760512.000000000 2.55886 0.26714 0.51287 0.64596 0.22299 -0.71209 0.16108
1413393994005760512.000000000 2.55696 0.23731 0.49268 0.66628 0.21554 -0.69332 0.17007
1413393994105760512.000000000 2.58129 0.21855 0.47654 0.66989 0.20441 -0.68899 0.18644
1413393994205760512.000000000 2.63882 0.21680 0.47751 0.65813 0.19404 -0.69827 0.20403
1413393994305760256.000000000 2.71940 0.23216 0.49419 0.62818 0.18979 -0.72366 0.21374
1413393994405760512.000000000 2.81292 0.26393 0.51975 0.58125 0.19757 -0.76253 0.20412
1413393994505760512.000000000 2.90946 0.30646 0.52807 0.52074 0.20908 -0.80661 0.18575
1413393994605760512.000000000 3.00044 0.35082 0.51466 -0.46299 -0.21773 0.84311 -0.16552
1413393994705760512.000000000 3.07392 0.39117 0.48392 -0.41811 -0.22065 0.86866 -0.14808
1413393994805760256.000000000 3.11414 0.41902 0.45315 -0.40904 -0.22726 0.87437 -0.12851
1413393994905760512.000000000 3.11966 0.42466 0.43664 -0.45127 -0.23200 0.85336 -0.11962
1413393995005760512.000000000 3.10757 0.41439 0.42392 -0.49832 -0.22506 0.82776 -0.12584
1413393995105760512.000000000 3.08883 0.39369 0.40522 0.53211 0.20853 -0.80795 0.14351
1413393995205760512.000000000 3.06749 0.37411 0.37913 0.54550 0.19654 -0.79631 0.17228
1413393995305760256.000000000 3.04676 0.35627 0.34434 0.54503 0.19557 -0.78999 0.20154
1413393995405760512.000000000 3.02127 0.34355 0.31113 0.53858 0.20861 -0.78432 0.22639
1413393995505760512.000000000 2.98705 0.33774 0.28331 0.53233 0.23310 -0.77569 0.24616
1413393995605760512.000000000 2.94730 0.33986 0.26158 0.52998 0.26615 -0.76152 0.26149
1413393995705760512.000000000 2.90521 0.34952 0.24399 0.53179 0.30699 -0.74003 0.27443
1413393995805760256.000000000 2.86032 0.36272 0.22896 0.53341 0.34881 -0.71373 0.29051
1413393995905760512.000000000 2.81816 0.38173 0.21566 0.52863 0.38540 -0.68779 0.31457
1413393996005760512.000000000 2.77991 0.40786 0.19926 0.52125 0.41725 -0.66315 0.33827
1413393996105760512.000000000 2.74395 0.44355 0.18341 0.51255 0.44022 -0.64457 0.35780
1413393996205760512.000000000 2.71086 0.48864 0.16698 -0.49813 -0.45278 0.63646 -0.37653
1413393996305760256.000000000 2.67630 0.54285 0.14716 -0.47717 -0.46786 0.63961 -0.37989
1413393996405760512.000000000 2.63859 0.60368 0.12306 -0.46299 -0.48289 0.64291 -0.37299
1413393996505760512.000000000 2.60004 0.66792 0.08920 -0.45289 -0.49394 0.64652 -0.36459
1413393996605760512.000000000 2.56043 0.73165 0.04520 -0.44444 -0.50164 0.65165 -0.35523
1413393996705760512.000000000 2.52086 0.79198 0.00023 -0.43752 -0.50872 0.65344 -0.35042
1413393996805760256.000000000 2.48152 0.84541 -0.03944 -0.43545 -0.51625 0.64867 -0.35085
1413393996905760512.000000000 2.44345 0.89241 -0.07228 -0.43523 -0.52618 0.63908 -0.35395
1413393997005760512.000000000 2.41156 0.93376 -0.09972 -0.43249 -0.53810 0.62912 -0.35721
1413393997105760512.000000000 2.37885 0.96848 -0.12155 -0.42820 -0.54792 0.62162 -0.36057
1413393997205760512.000000000 2.34862 0.99570 -0.13822 -0.42726 -0.55241 0.61453 -0.36695
1413393997305760256.000000000 2.32363 1.01719 -0.15152 -0.42987 -0.55420 0.60655 -0.37439
1413393997405760512.000000000 2.30141 1.03660 -0.17179 -0.43172 -0.55510 0.60060 -0.38046
1413393997505760512.000000000 2.27991 1.05448 -0.20763 -0.43187 -0.55615 0.59745 -0.38372
1413393997605760512.000000000 2.26246 1.07254 -0.25149 -0.43362 -0.55565 0.59427 -0.38738
1413393997705760512.000000000 2.24968 1.08866 -0.29026 -0.43496 -0.55480 0.59276 -0.38941
1413393997805760256.000000000 2.24113 1.10506 -0.32157 -0.43398 -0.55576 0.59393 -0.38735
1413393997905760512.000000000 2.23678 1.12164 -0.34640 -0.43302 -0.55666 0.59565 -0.38448
1413393998005760512.000000000 2.23173 1.13424 -0.36604 -0.43297 -0.55691 0.59719 -0.38178
1413393998105760512.000000000 2.23172 1.14501 -0.38419 -0.43289 -0.55687 0.59932 -0.37858
1413393998205760512.000000000 2.23814 1.15265 -0.39967 -0.43538 -0.55437 0.60106 -0.37660
1413393998305760256.000000000 2.25034 1.15894 -0.41112 -0.43765 -0.55068 0.60319 -0.37600
1413393998405760512.000000000 2.26705 1.16346 -0.41810 -0.43596 -0.54857 0.60747 -0.37414
1413393998505760512.000000000 2.28761 1.16683 -0.42116 -0.42759 -0.54471 0.61629 -0.37503
1413393998605760512.000000000 2.31038 1.16752 -0.42028 -0.42103 -0.53652 0.62309 -0.38294
1413393998705760512.000000000 2.33248 1.16513 -0.42184 -0.41592 -0.52616 0.62755 -0.39541
1413393998805760256.000000000 2.35035 1.16169 -0.42635 -0.41237 -0.51902 0.62970 -0.40502
1413393998905760512.000000000 2.36259 1.15920 -0.43392 -0.41463 -0.51956 0.62773 -0.40509
1413393999005760512.000000000 2.36883 1.15613 -0.44251 -0.42619 -0.52650 0.61965 -0.39647
1413393999105760512.000000000 2.37177 1.15302 -0.45360 -0.43930 -0.53490 0.61037 -0.38516
1413393999205760512.000000000 2.37634 1.15165 -0.46839 -0.44075 -0.54312 0.60950 -0.37320
1413393999305760256.000000000 2.38422 1.14796 -0.48502 -0.43191 -0.54479 0.61600 -0.37042
1413393999405760512.000000000 2.39492 1.14112 -0.50111 -0.41956 -0.53852 0.62502 -0.37857
1413393999505760512.000000000 2.40445 1.13073 -0.51575 -0.41216 -0.53319 0.63057 -0.38499
1413393999605760512.000000000 2.40973 1.11584 -0.52734 -0.40918 -0.52626 0.63324 -0.39324
1413393999705760512.000000000 2.41134 1.09936 -0.53936 -0.40851 -0.52166 0.63380 -0.39911
1413393999805760256.000000000 2.40668 1.08277 -0.55648 -0.40808 -0.51900 0.63361 -0.40330
1413393999905760512.000000000 2.39669 1.06631 -0.58241 -0.40636 -0.51822 0.63399 -0.40544
1413394000005760512.000000000 2.38108 1.04995 -0.61201 -0.41930 -0.52372 0.62499 -0.39911
1413394000105760512.000000000 2.37944 1.04624 -0.61034 -0.43195 -0.52694 0.61778 -0.39255
1413394000205760512.000000000 2.38252 1.04946 -0.59525 -0.45409 -0.52961 0.60512 -0.38359
1413394000305760256.000000000 2.38554 1.05437 -0.61330 -0.46012 -0.52976 0.60710 -0.37291
1413394000405760512.000000000 2.37737 1.05780 -0.61342 -0.45102 -0.51722 0.61477 -0.38876
1413394000505760512.000000000 2.37890 1.05638 -0.61965 -0.44805 -0.51945 0.61724 -0.38527
1413394000605760512.000000000 2.37774 1.05684 -0.61732 -0.44843 -0.51552 0.61684 -0.39071
1413394000705760512.000000000 2.37816 1.05628 -0.61854 -0.44822 -0.51707 0.61699 -0.38866
1413394000805760256.000000000 2.37797 1.05649 -0.61893 -0.44904 -0.51658 0.61637 -0.38936
1413394000905760512.000000000 2.37768 1.05645 -0.61920 -0.44862 -0.51690 0.61674 -0.38884
1413394001005760512.000000000 2.37781 1.05653 -0.61919 -0.44897 -0.51681 0.61646 -0.38899
1413394001105760512.000000000 2.37779 1.05642 -0.61930 -0.44864 -0.51696 0.61673 -0.38873
1413394001205760512.000000000 2.37767 1.05654 -0.61930 -0.44883 -0.51681 0.61665 -0.38885
1413394001305760256.000000000 2.37765 1.05650 -0.61936 -0.44881 -0.51691 0.61655 -0.38888
1413394001405760512.000000000 2.37768 1.05649 -0.61938 -0.44882 -0.51694 0.61652 -0.38890
1413394001505760512.000000000 2.37763 1.05652 -0.61941 -0.44892 -0.51685 0.61653 -0.38888
1413394001605760512.000000000 2.37760 1.05653 -0.61947 -0.44876 -0.51688 0.61665 -0.38884
1413394001705760512.000000000 2.37760 1.05654 -0.61951 -0.44867 -0.51691 0.61664 -0.38891
1413394001805760256.000000000 2.37758 1.05654 -0.61955 -0.44860 -0.51692 0.61662 -0.38902
1413394001905760512.000000000 2.37755 1.05653 -0.61961 -0.44849 -0.51689 0.61668 -0.38909
1413394002005760512.000000000 2.37751 1.05647 -0.61970 -0.44851 -0.51679 0.61671 -0.38915
1413394002105760512.000000000 2.37750 1.05650 -0.61971 -0.44865 -0.51669 0.61670 -0.38914
1413394002205760512.000000000 2.37747 1.05649 -0.61976 -0.44853 -0.51669 0.61676 -0.38917
1413394002305760256.000000000 2.37746 1.05648 -0.61978 -0.44856 -0.51669 0.61670 -0.38924
1413394002405760512.000000000 2.37745 1.05650 -0.61981 -0.44856 -0.51664 0.61671 -0.38929
1413394002505760512.000000000 2.37745 1.05650 -0.61983 -0.44851 -0.51663 0.61673 -0.38933
