1413394888305760512 0.103632 0.097092 0.325652 0.184040 0.801464 -0.129006 0.554205
1413394888405760512 0.140780 0.109051 0.353329 0.183281 0.803073 -0.128543 0.552230
1413394888505760512 0.211355 0.172258 0.380395 0.193595 0.799993 -0.142014 0.549876
1413394888605760512 0.242458 0.206829 0.408337 0.143333 0.814739 -0.105433 0.551851
1413394888705760512 0.300227 0.225069 0.440844 0.147710 0.826748 -0.105323 0.532520
1413394888805760512 0.365529 0.219999 0.433425 0.184050 0.811031 -0.140396 0.537256
1413394889005760512 0.503750 0.132367 0.352928 0.184309 0.780303 -0.163408 0.574852
1413394889105760512 0.537533 0.165883 0.375978 0.139756 0.780757 -0.138931 0.592946
1413394889205760512 0.555682 0.239496 0.398441 0.068623 0.789508 -0.084549 0.604003
1413394889305760512 0.604552 0.238645 0.418256 0.082562 0.769790 -0.083567 0.627394
1413394889405760512 0.632260 0.265444 0.440098 0.068088 0.744411 -0.063484 0.661201
1413394889505760512 0.641730 0.282535 0.454365 0.064200 0.729650 -0.052789 0.678750
1413394889605760512 0.623771 0.295527 0.459607 0.063225 0.755899 -0.051776 0.649568
1413394889705760512 0.591308 0.315727 0.478676 0.056142 0.795816 -0.053177 0.600580
1413394889805760512 0.551283 0.336633 0.500627 0.052288 0.833198 -0.057278 0.547510
1413394889905760512 0.517762 0.357829 0.523592 0.050424 0.859114 -0.064419 0.505204
1413394890005760512 0.500753 0.376320 0.540343 0.050941 0.876842 -0.072915 0.472479
1413394890105760512 0.503835 0.389614 0.547636 0.047518 0.887777 -0.079063 0.450936
1413394890205760512 0.530724 0.398653 0.550681 0.047725 0.875998 -0.085977 0.472185
1413394890305760512 0.586874 0.398056 0.550317 0.046390 0.847960 -0.095740 0.519275
1413394890405760512 0.658291 0.388705 0.543996 0.046228 0.811973 -0.103413 0.572598
1413394890505760512 0.731961 0.364418 0.534417 0.069892 0.771283 -0.125723 0.620025
1413394890605760512 0.786247 0.331214 0.521860 0.093751 0.738396 -0.132155 0.654612
1413394890705760512 0.813934 0.292456 0.509419 0.127167 0.717845 -0.134032 0.671240
1413394890805760512 0.809721 0.262031 0.495040 0.143281 0.724899 -0.130817 0.660968
1413394890905760512 0.775884 0.235917 0.475486 0.145543 0.759126 -0.139041 0.619041
1413394891005760512 0.736523 0.219255 0.458017 0.138698 0.800882 -0.146178 0.563900
1413394891105760512 0.700477 0.204723 0.445035 0.133313 0.832041 -0.152451 0.516424
1413394891205760512 0.674295 0.185969 0.434005 0.133814 0.849604 -0.160452 0.484274
1413394891305760512 0.672654 0.162697 0.423996 0.132296 0.857826 -0.160775 0.469876
1413394891405760512 0.698216 0.128686 0.423105 0.141422 0.851718 -0.156455 0.479686
1413394891505760512 0.738087 0.088857 0.433284 0.167181 0.830216 -0.168927 0.504238
1413394891605760512 0.791103 0.038610 0.442660 0.190552 0.807758 -0.177910 0.528740
1413394891705760512 0.833964 -0.021563 0.453601 0.225266 0.787479 -0.206424 0.535277
1413394891805760512 0.890844 -0.080771 0.465489 0.238545 0.779346 -0.214440 0.538266
1413394891905760512 0.950524 -0.135352 0.491678 0.254088 0.765186 -0.213589 0.551642
1413394892005760512 1.016386 -0.179813 0.528601 0.264517 0.749292 -0.206311 0.570989
1413394892105760512 1.080002 -0.215980 0.568363 0.269636 0.739465 -0.197559 0.584344
1413394892205760512 1.143712 -0.235989 0.604732 0.261395 0.740947 -0.182082 0.591199
1413394892305760512 1.203937 -0.241985 0.636718 0.244104 0.747153 -0.162994 0.596329
1413394892405760512 1.258632 -0.237700 0.652559 0.221932 0.755741 -0.140788 0.599817
1413394892505760512 1.305528 -0.219200 0.651989 0.193376 0.764289 -0.114673 0.604415
1413394892605760512 1.341528 -0.184057 0.644626 0.156771 0.777578 -0.084221 0.603077
1413394892705760512 1.365772 -0.134765 0.638309 0.113578 0.792692 -0.048559 0.596977
1413394892805760512 1.379856 -0.080551 0.637860 0.072018 0.805229 -0.010042 0.588489
1413394892905760512 1.389340 -0.026714 0.642768 0.035432 0.814027 0.028314 0.579054
1413394893005760512 1.397781 0.026960 0.648996 0.003730 0.823316 0.066272 0.563689
1413394893105760512 1.401591 0.083719 0.657489 -0.022589 0.824860 0.108934 0.554282
1413394893205760512 1.395110 0.146565 0.666991 -0.051158 0.820166 0.154929 0.548369
1413394893305760512 1.396040 0.210706 0.680559 -0.076958 0.811665 0.188350 0.547542
1413394893405760512 1.381454 0.281149 0.699863 -0.099920 0.794243 0.220080 0.557457
1413394893505760512 1.366171 0.353762 0.718292 -0.110545 0.777776 0.246918 0.567341
1413394893605760512 1.347472 0.428742 0.728292 -0.113933 0.764507 0.266699 0.575691
1413394893705760512 1.309172 0.504579 0.731851 -0.109602 0.750160 0.284044 0.586998
1413394893805760512 1.272525 0.589209 0.727475 -0.105304 0.740758 0.289596 0.596927
1413394893905760512 1.204434 0.667455 0.719904 -0.113987 0.737642 0.288985 0.599482
1413394894005760512 1.143803 0.762538 0.709081 -0.126954 0.735194 0.286255 0.601191
1413394894105760512 1.065896 0.864406 0.697406 -0.146509 0.729405 0.289510 0.602235
1413394894205760512 0.974020 0.971841 0.681125 -0.180928 0.728282 0.291488 0.593216
1413394894305760512 0.873213 1.082828 0.661170 -0.217518 0.729237 0.298127 0.576211
1413394894405760512 0.762684 1.191724 0.640887 -0.245679 0.726849 0.312525 0.560054
1413394894505760512 0.652780 1.289712 0.615333 -0.264162 0.724522 0.332738 0.542746
1413394894605760512 0.544148 1.378370 0.585523 -0.278597 0.719419 0.353843 0.528786
1413394894705760512 0.437236 1.459353 0.553584 -0.289990 0.709109 0.373799 0.522824
1413394894805760512 0.333236 1.530454 0.519848 -0.293014 0.700078 0.391919 0.520032
1413394894905760512 0.231610 1.598767 0.486355 -0.296335 0.697636 0.404112 0.512038
1413394895005760512 0.133620 1.662049 0.452940 -0.305020 0.702199 0.405514 0.499437
1413394895105760512 0.028868 1.723346 0.423852 -0.310007 0.707023 0.404693 0.490141
1413394895205760512 -0.072956 1.780561 0.400212 -0.310617 0.711674 0.403192 0.484225
1413394895305760512 -0.166807 1.834499 0.383226 -0.307702 0.712452 0.400066 0.487524
1413394895405760512 -0.256359 1.886626 0.370843 -0.287621 0.705937 0.408026 0.502435
1413394895505760512 -0.345700 1.939011 0.367895 -0.270631 0.703229 0.413213 0.511354
1413394895605760512 -0.438480 1.990224 0.378003 -0.262684 0.705036 0.412614 0.513490
1413394895705760512 -0.529611 2.043490 0.403613 -0.267291 0.711828 0.405289 0.507540
1413394895805760512 -0.621795 2.096662 0.443009 -0.273784 0.716924 0.399289 0.501628
1413394895905760512 -0.709339 2.151509 0.479262 -0.278102 0.718114 0.396445 0.499803
1413394896005760512 -0.794068 2.207224 0.502650 -0.280610 0.716795 0.396216 0.500475
1413394896105760512 -0.876349 2.263857 0.512950 -0.282500 0.716131 0.397111 0.499653
1413394896205760512 -0.956890 2.321801 0.512698 -0.283007 0.716247 0.398325 0.498231
1413394896305760512 -1.035869 2.381443 0.503067 -0.300490 0.721873 0.387946 0.487957
1413394896405760512 -1.111699 2.440719 0.491898 -0.320922 0.730005 0.374098 0.473448
1413394896505760512 -1.175083 2.496042 0.482025 -0.337485 0.736550 0.362211 0.460871
1413394896605760512 -1.226190 2.546270 0.466231 -0.355762 0.743334 0.347907 0.447044
1413394896705760512 -1.259566 2.588467 0.442017 -0.375596 0.748982 0.331692 0.433514
1413394896805760512 -1.268268 2.617286 0.407672 -0.393199 0.754007 0.315553 0.421064
1413394896905760512 -1.249660 2.629309 0.372786 -0.403327 0.752710 0.304070 0.422251
1413394897005760512 -1.199675 2.621054 0.340833 -0.410653 0.752718 0.296972 0.420223
1413394897105760512 -1.114342 2.594118 0.314196 -0.410736 0.754944 0.295650 0.417069
1413394897205760512 -1.001825 2.540582 0.296827 -0.401534 0.753176 0.302648 0.424147
1413394897305760512 -0.856701 2.468760 0.287564 -0.368934 0.745196 0.329837 0.446966
1413394897405760512 -0.689466 2.386951 0.283432 -0.329401 0.730178 0.360528 0.477864
1413394897505760512 -0.513033 2.301157 0.282112 -0.303778 0.717634 0.380379 0.498028
1413394897605760512 -0.335668 2.213578 0.283227 -0.290846 0.712154 0.390863 0.505442
1413394897705760512 -0.161524 2.126912 0.290168 -0.289131 0.706553 0.393440 0.512242
1413394897805760512 0.007635 2.040327 0.301683 -0.289940 0.700696 0.394393 0.519052
1413394897905760512 0.170489 1.953650 0.318304 -0.292491 0.695995 0.393923 0.524275
1413394898005760512 0.326486 1.864951 0.339087 -0.293158 0.692592 0.394138 0.528233
1413394898105760512 0.474323 1.773978 0.361942 -0.288363 0.693318 0.398123 0.526929
1413394898205760512 0.613442 1.682748 0.387332 -0.281144 0.691346 0.405687 0.527652
1413394898305760512 0.742822 1.592257 0.416525 -0.268203 0.682990 0.418483 0.535223
1413394898405760512 0.857098 1.503962 0.447158 -0.256315 0.671439 0.436995 0.540840
1413394898505760512 0.953773 1.421524 0.477391 -0.253099 0.660479 0.458518 0.538024
1413394898605760512 1.030649 1.346204 0.508519 -0.254291 0.649187 0.482313 0.530345
1413394898705760512 1.089000 1.276629 0.541230 -0.256535 0.642483 0.500389 0.520593
1413394898805760512 1.130112 1.216398 0.574179 -0.259280 0.644359 0.512495 0.504899
1413394898905760512 1.154945 1.166812 0.609803 -0.252486 0.639458 0.526174 0.500486
1413394899005760512 1.162339 1.128952 0.646445 -0.241923 0.634569 0.537246 0.500162
1413394899105760512 1.148296 1.105741 0.674930 -0.238823 0.640827 0.540102 0.490505
1413394899205760512 1.117887 1.098921 0.692592 -0.238395 0.648287 0.540370 0.480512
1413394899305760512 1.072879 1.109328 0.701821 -0.237894 0.647624 0.541600 0.480269
1413394899405760512 1.012749 1.136854 0.701420 -0.254522 0.652343 0.532139 0.475916
1413394899505760512 0.939987 1.176995 0.690393 -0.284239 0.659956 0.520256 0.461519
1413394899605760512 0.859609 1.229682 0.671889 -0.306430 0.656601 0.522826 0.449032
1413394899705760512 0.773158 1.294206 0.652095 -0.322103 0.644856 0.537598 0.437492
1413394899805760512 0.682993 1.368912 0.635106 -0.339382 0.626556 0.557064 0.426530
1413394899905760512 0.589074 1.451207 0.621677 -0.361379 0.602502 0.575048 0.419184
1413394900005760512 0.491515 1.540890 0.614507 -0.390388 0.581304 0.587211 0.406037
1413394900105760512 0.392480 1.634848 0.621285 -0.417421 0.558091 0.598571 0.394977
1413394900205760512 0.294205 1.728645 0.634157 -0.444548 0.535847 0.606542 0.383864
1413394900305760512 0.197927 1.820108 0.640977 -0.463502 0.513938 0.616455 0.375522
1413394900405760512 0.103153 1.905234 0.639744 -0.476525 0.488474 0.628669 0.372950
1413394900505760512 0.011216 1.983578 0.631456 -0.474702 0.461192 0.650004 0.373437
1413394900605760512 -0.082178 2.055278 0.618354 -0.469291 0.434335 0.670977 0.375377
1413394900705760512 -0.182980 2.117389 0.603480 -0.468286 0.405614 0.687573 0.378719
1413394900805760512 -0.294674 2.167185 0.596350 -0.470842 0.379935 0.703139 0.373568
1413394900905760512 -0.421906 2.202496 0.605111 -0.479680 0.359241 0.716377 0.357290
1413394901005760512 -0.563746 2.223158 0.632419 -0.492203 0.333364 0.728051 0.341388
1413394901105760512 -0.717323 2.225531 0.667635 0.508922 -0.306350 -0.736966 -0.322535
1413394901205760512 -0.879301 2.212528 0.697021 0.534181 -0.284234 -0.739616 -0.294669
1413394901305760512 -1.041000 2.184258 0.717023 0.562796 -0.270666 -0.737670 -0.256599
1413394901405760512 -1.197400 2.144156 0.729922 0.590583 -0.261222 -0.732621 -0.215037
1413394901505760512 -1.344516 2.100172 0.736674 0.615414 -0.247472 -0.725331 -0.184171
1413394901605760512 -1.476329 2.051208 0.732768 0.621765 -0.231353 -0.730962 -0.159933
1413394901705760512 -1.592718 1.998721 0.718396 0.611742 -0.207003 -0.749744 -0.144244
1413394901805760512 -1.693500 1.940018 0.704096 0.604000 -0.170679 -0.766289 -0.137306
1413394901905760512 -1.782452 1.870373 0.697665 0.605163 -0.127761 -0.775073 -0.129296
1413394902005760512 -1.860124 1.793541 0.697968 0.608684 -0.088283 -0.780242 -0.113724
1413394902105760512 -1.927169 1.708027 0.708489 0.611560 -0.055598 -0.783817 -0.092382
1413394902205760512 -1.989505 1.615734 0.718014 0.615991 -0.027826 -0.784145 -0.069973
1413394902305760512 -2.043698 1.515752 0.719440 0.624820 -0.001112 -0.779195 -0.049548
1413394902405760512 -2.083495 1.408111 0.714065 0.637683 0.023901 -0.769211 -0.033208
1413394902505760512 -2.112059 1.296926 0.703352 0.642115 0.032510 -0.765918 -0.000583
1413394902605760512 -2.125016 1.185408 0.693184 0.641099 0.026030 -0.765954 0.040350
1413394902705760512 -2.124829 1.081525 0.685051 0.631028 0.013354 -0.771802 0.077109
1413394902805760512 -2.115568 0.986964 0.679777 0.618885 0.001943 -0.778934 0.101190
1413394902905760512 -2.103535 0.908861 0.675609 0.606204 0.000451 -0.788822 0.101372
1413394903055760384 -2.070393 0.821625 0.658432 0.593918 -0.000510 -0.800129 0.083985
1413394903155760384 -2.043138 0.780233 0.630972 0.579044 -0.013374 -0.811695 0.075371
1413394903255760384 -2.014112 0.752296 0.589182 0.555474 -0.033140 -0.828030 0.068680
1413394903355760384 -1.989790 0.738577 0.544311 0.547813 -0.046698 -0.834089 0.044897
1413394903455760384 -1.973986 0.735870 0.507959 0.560300 -0.056267 -0.826138 0.019869
1413394903555760384 -1.963511 0.740251 0.483263 0.574512 -0.063700 -0.816013 0.001054
1413394903605760512 -1.962596 0.746803 0.476836 0.579960 -0.064088 -0.812063 -0.009653
1413394903705760512 -1.957988 0.763958 0.475391 0.586095 -0.064667 -0.807275 -0.024862
1413394903805760512 -1.955895 0.785177 0.492133 0.587158 -0.062382 -0.806186 -0.037653
1413394903905760512 -1.954618 0.805310 0.518315 0.583527 -0.053999 -0.808373 -0.055791
1413394904005760512 -1.949986 0.821842 0.535920 0.579022 -0.059462 -0.810344 -0.067378
1413394904105760512 -1.943700 0.835009 0.541704 0.570830 -0.086020 -0.813897 -0.065777
1413394904205760512 -1.936581 0.848151 0.538510 0.558483 -0.120386 -0.818044 -0.066390
1413394904305760512 -1.934299 0.865234 0.526842 0.542248 -0.154340 -0.822257 -0.077711
1413394904405760512 -1.939081 0.888819 0.507184 0.527339 -0.189746 -0.822486 -0.097091
1413394904505760512 -1.954433 0.919426 0.484344 0.518876 -0.222523 -0.815657 -0.126315
1413394904605760512 -1.975453 0.957942 0.464114 0.524769 -0.254335 -0.796555 -0.159471
1413394904705760512 -2.001853 0.997114 0.449763 0.532982 -0.287125 -0.772873 -0.190151
1413394904805760512 -2.031166 1.039873 0.437631 0.535101 -0.317175 -0.751180 -0.220897
1413394904905760512 -2.059062 1.080658 0.429381 0.536306 -0.345936 -0.727451 -0.252031
1413394905005760512 -2.085192 1.117699 0.425591 0.544559 -0.371608 -0.696344 -0.283668
1413394905105760512 -2.106321 1.145958 0.424988 0.553939 -0.396890 -0.662500 -0.311005
1413394905205760512 -2.118085 1.161404 0.424121 0.548686 -0.429018 -0.641237 -0.322027
1413394905305760512 -2.119831 1.164625 0.418154 0.515133 -0.471295 -0.645451 -0.309697
1413394905405760512 -2.115518 1.164898 0.410269 -0.462376 0.512026 0.666821 0.281757
1413394905505760512 -2.109589 1.176755 0.406571 -0.411751 0.538732 0.687912 0.258854
1413394905605760512 -2.102672 1.213268 0.408866 -0.378559 0.549460 0.701449 0.250512
1413394905705760512 -2.101890 1.285410 0.425951 -0.392413 0.530057 0.695795 0.284465
1413394905805760512 -2.108509 1.379314 0.451998 -0.441504 0.497730 0.668605 0.332125
1413394905905760512 -2.118650 1.474459 0.480839 -0.497222 0.461652 0.632087 0.374319
1413394906005760512 -2.128524 1.555890 0.509580 0.541337 -0.434227 -0.599940 -0.398087
1413394906105760512 -2.132203 1.610485 0.538312 0.575819 -0.420421 -0.574530 -0.401988
1413394906205760512 -2.123636 1.637372 0.569152 0.589607 -0.432019 -0.565533 -0.381962
1413394906305760512 -2.100468 1.637407 0.599713 0.563648 -0.466357 -0.585402 -0.349453
1413394906405760512 -2.060701 1.619081 0.624128 0.517385 -0.502984 -0.610581 -0.326360
1413394906505760512 -2.008619 1.597609 0.640398 -0.451776 0.534425 0.639726 0.317866
1413394906605760512 -1.950582 1.582720 0.648987 -0.394775 0.562154 0.654520 0.315814
1413394906705760512 -1.894002 1.584117 0.654388 -0.368637 0.576904 0.647148 0.335394
1413394906805760512 -1.843514 1.603932 0.660256 -0.384933 0.573309 0.614428 0.381605
1413394906905760512 -1.798793 1.629337 0.661097 -0.417295 0.555296 0.571431 0.437011
1413394907005760512 -1.763487 1.644855 0.659414 -0.450427 0.531064 0.527640 0.486500
1413394907105760512 -1.737926 1.630428 0.659642 -0.482193 0.510800 0.489932 0.516275
1413394907205760512 -1.719496 1.584606 0.654602 -0.485019 0.520817 0.485677 0.507566
1413394907305760512 -1.708350 1.502573 0.641672 -0.457373 0.558510 0.508827 0.469011
1413394907405760512 -1.700389 1.406426 0.624136 -0.421952 0.610284 0.533568 0.405973
1413394907505760512 -1.681906 1.310487 0.603123 -0.402908 0.666047 0.532156 0.332951
1413394907605760512 -1.644759 1.227457 0.578847 -0.383495 0.705369 0.521467 0.288893
1413394907705760512 -1.577300 1.171415 0.556783 -0.359827 0.715084 0.519009 0.299679
1413394907805760512 -1.489836 1.141281 0.541040 -0.351760 0.684704 0.518440 0.372378
1413394907905760512 -1.394051 1.126772 0.518761 -0.362490 0.637520 0.507098 0.452793
1413394908005760512 -1.305739 1.108265 0.489668 -0.379341 0.599467 0.492167 0.504491
1413394908105760512 -1.229986 1.081598 0.451274 -0.384073 0.587851 0.489151 0.517350
1413394908205760512 -1.164188 1.041943 0.403711 -0.361617 0.611124 0.509325 0.486156
1413394908305760512 -1.107315 0.996943 0.355814 -0.326922 0.640154 0.536240 0.442461
1413394908405760512 -1.055893 0.958898 0.316051 -0.302129 0.663939 0.554321 0.400789
1413394908505760512 -1.007979 0.943328 0.290644 -0.295279 0.682478 0.558993 0.366826
1413394908605760512 -0.956249 0.963658 0.293757 -0.308842 0.671365 0.557144 0.378783
1413394908705760512 -0.908069 1.010108 0.323320 -0.345630 0.632662 0.542800 0.430867
1413394908805760512 -0.869814 1.056248 0.366517 -0.383752 0.589169 0.522266 0.482547
1413394908905760512 -0.844159 1.093080 0.417129 -0.417627 0.556134 0.500268 0.515786
1413394909005760512 -0.826325 1.104809 0.476722 -0.450345 0.540374 0.479338 0.524805
1413394909105760512 -0.812529 1.095067 0.533849 -0.450169 0.561326 0.485869 0.496177
1413394909205760512 -0.803275 1.067377 0.586272 -0.422085 0.601403 0.506870 0.450823
1413394909305760512 -0.790126 1.032451 0.630254 -0.378657 0.643262 0.524158 0.409990
1413394909405760512 -0.771377 1.001610 0.666147 -0.350561 0.677775 0.518012 0.386511
1413394909505760512 -0.741350 0.977620 0.699165 -0.344292 0.694800 0.492121 0.395642
1413394909605760512 -0.697536 0.967993 0.731660 -0.357726 0.696777 0.454609 0.424104
1413394909705760512 -0.640920 0.970286 0.765343 -0.371164 0.688183 0.423094 0.457857
1413394909805760512 -0.582356 0.956924 0.805281 -0.377714 0.663931 0.402666 0.504369
1413394909905760512 -0.519194 0.933045 0.847167 -0.381311 0.638358 0.390161 0.543024
1413394910005760512 -0.458391 0.892277 0.879818 -0.361512 0.640867 0.404007 0.543487
1413394910105760512 -0.404317 0.836962 0.898762 -0.327209 0.665507 0.431087 0.514004
1413394910205760512 -0.359213 0.773800 0.908077 -0.299440 0.695795 0.451804 0.471252
1413394910305760512 -0.316728 0.716782 0.908667 -0.278684 0.720634 0.466853 0.430197
1413394910405760512 -0.272515 0.673582 0.900950 -0.268104 0.735753 0.475041 0.401402
1413394910505760512 -0.226356 0.651684 0.881753 -0.267870 0.735412 0.478212 0.398407
1413394910605760512 -0.172216 0.647925 0.867585 -0.292293 0.705941 0.468979 0.443024
1413394910705760512 -0.114302 0.663400 0.857159 -0.332856 0.663298 0.445986 0.500338
1413394910805760512 -0.060960 0.673739 0.844997 -0.371191 0.629697 0.420749 0.537279
1413394910905760512 -0.016988 0.666826 0.829528 -0.396395 0.613542 0.404593 0.550219
1413394911005760512 0.019042 0.634496 0.812560 -0.413381 0.611556 0.396320 0.545936
1413394911105760512 0.050045 0.575330 0.787889 -0.393275 0.635558 0.416963 0.517246
1413394911205760512 0.078760 0.496856 0.759019 -0.344968 0.668776 0.453278 0.477780
1413394911305760512 0.111091 0.414590 0.729070 -0.304707 0.696182 0.478256 0.440177
1413394911405760512 0.147087 0.344603 0.694696 -0.276404 0.714660 0.490562 0.414984
1413394911505760512 0.187935 0.292856 0.655967 -0.263480 0.722178 0.494133 0.406041
1413394911605760512 0.230061 0.263643 0.617428 -0.271263 0.715602 0.483468 0.424957
1413394911705760512 0.275308 0.257152 0.582071 -0.298537 0.689708 0.458816 0.473990
1413394911805760512 0.317854 0.254903 0.554611 -0.329409 0.654891 0.431401 0.525833
1413394911905760512 0.347064 0.239234 0.535538 -0.347831 0.630920 0.411198 0.558453
1413394912005760512 0.362931 0.207666 0.520883 -0.336602 0.641382 0.414810 0.550691
1413394912105760512 0.366912 0.167002 0.512674 -0.306695 0.677376 0.432389 0.510039
1413394912205760512 0.363408 0.127749 0.511663 -0.274043 0.711214 0.443734 0.471354
1413394912305760512 0.358831 0.103099 0.516865 -0.248362 0.733719 0.442187 0.452153
1413394912405760512 0.359526 0.093131 0.524656 -0.232493 0.749707 0.428012 0.447988
1413394912505760512 0.367406 0.103539 0.540751 -0.227937 0.761206 0.401883 0.455083
1413394912605760512 0.382036 0.130815 0.563375 -0.235244 0.763040 0.367000 0.477222
1413394912705760512 0.402651 0.164126 0.588260 -0.243868 0.761448 0.330375 0.501575
1413394912805760512 0.430086 0.200011 0.614671 -0.245749 0.762960 0.301158 0.516529
1413394912905760512 0.460010 0.236184 0.639638 -0.241058 0.764957 0.285797 0.524453
1413394913005760512 0.491447 0.271412 0.664560 -0.221611 0.764408 0.286961 0.533125
1413394913105760512 0.523030 0.307143 0.689408 -0.205610 0.762098 0.290847 0.540685
1413394913205760512 0.551559 0.344718 0.715928 -0.200649 0.758744 0.297546 0.543612
1413394913305760512 0.575249 0.385857 0.743657 -0.208764 0.750025 0.310699 0.545294
1413394913405760512 0.594445 0.432037 0.772925 -0.225391 0.734775 0.331297 0.547308
1413394913505760512 0.606950 0.480269 0.792393 -0.241833 0.716423 0.362769 0.544660
1413394913605760512 0.611656 0.528693 0.800609 -0.252688 0.693452 0.403123 0.541078
1413394913705760512 0.604082 0.577217 0.795353 -0.263215 0.671757 0.445437 0.530138
1413394913805760512 0.581982 0.625379 0.774025 -0.281584 0.657792 0.482514 0.505173
1413394913905760512 0.550580 0.677574 0.739819 -0.310589 0.647635 0.509269 0.474077
1413394914005760512 0.513871 0.734703 0.698540 -0.343357 0.633694 0.529534 0.447361
1413394914105760512 0.472114 0.795042 0.654739 -0.368613 0.612970 0.551387 0.429376
1413394914205760512 0.428443 0.858935 0.619711 -0.384775 0.584025 0.578153 0.420240
1413394914305760512 0.380732 0.925728 0.598749 -0.397974 0.553105 0.605597 0.411027
1413394914405760512 0.324417 0.994348 0.594423 -0.409898 0.522021 0.630914 0.401778
1413394914505760512 0.258985 1.064655 0.604965 -0.422410 0.494093 0.651308 0.391458
1413394914605760512 0.183113 1.134682 0.622495 -0.438851 0.479818 0.662306 0.372204
1413394914705760512 0.099128 1.202249 0.631911 -0.456370 0.471155 0.667879 0.351678
1413394914805760512 0.009616 1.267263 0.630724 -0.471523 0.461694 0.673288 0.333447
1413394914905760512 -0.082045 1.330855 0.619380 -0.479422 0.446167 0.682381 0.324722
1413394915005760512 -0.175034 1.389449 0.595802 -0.485494 0.423972 0.692677 0.323638
1413394915105760512 -0.272303 1.438903 0.567215 -0.491650 0.392987 0.705045 0.326730
1413394915205760512 -0.376088 1.472294 0.540490 -0.493310 0.359115 0.722564 0.324935
1413394915305760512 -0.487485 1.492384 0.518761 -0.497552 0.324200 0.739099 0.317912
1413394915405760512 -0.607349 1.500113 0.500281 0.506418 -0.290437 -0.751393 -0.307565
1413394915505760512 -0.737189 1.492685 0.485411 0.518166 -0.257788 -0.760385 -0.294728
1413394915605760512 -0.878307 1.468582 0.474570 0.544664 -0.233253 -0.761695 -0.262213
1413394915705760512 -1.022916 1.427539 0.464559 0.575922 -0.214407 -0.759702 -0.212593
1413394915805760512 -1.162425 1.372628 0.457830 0.602021 -0.185508 -0.757638 -0.170713
1413394915905760512 -1.292895 1.308950 0.456258 0.625526 -0.149157 -0.752965 -0.139689
1413394916005760512 -1.408371 1.237848 0.456903 0.638056 -0.115337 -0.753000 -0.112133
1413394916105760512 -1.509114 1.161989 0.459385 0.645451 -0.087894 -0.753857 -0.085838
1413394916205760512 -1.593990 1.081699 0.462546 0.634630 -0.065668 -0.767482 -0.062486
1413394916305760512 -1.665750 0.996846 0.466444 0.613074 -0.045089 -0.787691 -0.040621
1413394916405760512 -1.726804 0.909015 0.469877 0.596925 -0.032884 -0.801607 -0.005115
1413394916505760512 -1.782742 0.823314 0.464876 0.585116 -0.028493 -0.809276 0.043588
1413394916605760512 -1.840358 0.746540 0.450804 0.586062 -0.026522 -0.803768 0.098924
1413394916705760512 -1.896988 0.687438 0.426001 0.584758 -0.011245 -0.797730 0.146828
1413394916855760384 -1.973615 0.637291 0.371609 0.567830 0.054218 -0.802838 0.173437
1413394916955760384 -2.026875 0.632458 0.319901 0.550690 0.106082 -0.808213 0.179664
1413394917055760384 -2.088070 0.638205 0.264393 0.542360 0.168170 -0.805112 0.171344
1413394917155760384 -2.149761 0.649306 0.211037 0.528568 0.225084 -0.800069 0.172748
1413394917255760384 -2.213780 0.656957 0.159118 0.515147 0.277263 -0.792166 0.173847
1413394917355760384 -2.282090 0.659037 0.111736 0.504205 0.315277 -0.783108 0.181988
1413394917455760384 -2.357132 0.651880 0.067756 -0.496284 -0.338159 0.776090 -0.192446
1413394917555760384 -2.439207 0.632012 0.028952 0.502845 0.356305 -0.763119 0.194533
1413394917655760384 -2.527713 0.595451 -0.004013 0.514219 0.368791 -0.750141 0.191992
1413394917755760384 -2.613834 0.543733 -0.028283 0.523493 0.374367 -0.741987 0.187774
1413394917855760384 -2.694453 0.478308 -0.040599 0.536784 0.385387 -0.729904 0.174871
1413394917955760384 -2.760318 0.393794 -0.043603 0.541319 0.400043 -0.720620 0.166271
1413394918055760384 -2.810814 0.294828 -0.050924 0.537387 0.409182 -0.716645 0.173799
1413394918155760384 -2.848244 0.180217 -0.067356 0.522000 0.405888 -0.721042 0.207048
1413394918255760384 -2.876815 0.055628 -0.083886 0.504443 0.403131 -0.723326 0.244585
1413394918355760384 -2.902346 -0.074239 -0.100782 -0.475677 -0.397901 0.731410 -0.283630
1413394918455760384 -2.931156 -0.206646 -0.113982 -0.453885 -0.396598 0.732342 -0.316816
1413394918555760384 -2.969681 -0.338658 -0.121341 -0.445301 -0.407622 0.722524 -0.336912
1413394918655760384 -3.021075 -0.470694 -0.125537 -0.444351 -0.432017 0.705884 -0.342988
1413394918755760384 -3.082910 -0.601141 -0.128353 -0.450018 -0.461929 0.683949 -0.341055
1413394918855760384 -3.148698 -0.729149 -0.125763 -0.463405 -0.487431 0.657738 -0.339187
1413394918955760384 -3.213002 -0.856511 -0.114222 -0.480576 -0.503219 0.629409 -0.345921
1413394919055760384 -3.268784 -0.979623 -0.088357 -0.483210 -0.509221 0.610146 -0.367321
1413394919155760384 -3.314730 -1.093821 -0.047450 -0.478233 -0.514755 0.593581 -0.392406
1413394919255760384 -3.352292 -1.193770 0.010108 -0.471186 -0.524525 0.573945 -0.416466
1413394919355760384 -3.383457 -1.278484 0.076122 -0.470373 -0.541003 0.546440 -0.432975
1413394919455760384 -3.408444 -1.345978 0.146203 0.474210 0.564507 -0.514836 0.437494
1413394919555760384 -3.422435 -1.395227 0.214602 0.462396 0.597235 -0.495287 0.429176
1413394919655760384 -3.422494 -1.429347 0.273221 0.428024 0.626514 -0.492391 0.426412
1413394919755760384 -3.410795 -1.453839 0.320556 0.383627 0.647544 -0.495513 0.433571
1413394919855760384 -3.391481 -1.477103 0.358586 0.338180 0.664988 -0.497839 0.442246
1413394919955760384 -3.368048 -1.504654 0.389222 0.303849 0.684766 -0.486265 0.449797
1413394920055760384 -3.341371 -1.540466 0.410091 0.275609 0.706716 -0.463515 0.457980
1413394920155760384 -3.311630 -1.585335 0.419470 0.249685 0.728515 -0.435942 0.465703
1413394920255760384 -3.276568 -1.640473 0.417196 0.229760 0.750477 -0.403232 0.470530
1413394920355760384 -3.237464 -1.707705 0.405504 0.223998 0.766745 -0.362797 0.479901
1413394920455760384 -3.192289 -1.781564 0.390868 0.223690 0.777228 -0.323241 0.491320
1413394920555760384 -3.137965 -1.852273 0.377464 0.228649 0.784454 -0.285770 0.500687
1413394920655760384 -3.076246 -1.922159 0.365044 0.238437 0.790283 -0.255483 0.503317
1413394920755760384 -3.002616 -1.984313 0.356974 0.244077 0.795172 -0.237785 0.501584
1413394920855760384 -2.915655 -2.032584 0.348829 0.235490 0.798199 -0.238504 0.500539
1413394920955760384 -2.815728 -2.076314 0.337296 0.227916 0.798201 -0.244444 0.501175
1413394921055760384 -2.702362 -2.115908 0.319640 0.214748 0.795820 -0.260368 0.502756
1413394921155760384 -2.580197 -2.151262 0.296032 0.201409 0.784371 -0.278975 0.516110
1413394921255760384 -2.451854 -2.187504 0.263617 0.186059 0.771780 -0.300411 0.528669
1413394921355760384 -2.321576 -2.228590 0.220245 0.152793 0.759610 -0.335614 0.535734
1413394921455760384 -2.195371 -2.277947 0.167535 0.123515 0.748684 -0.367141 0.537982
1413394921555760384 -2.078463 -2.344028 0.108316 0.126534 0.750727 -0.374905 0.529004
1413394921655760384 -1.974525 -2.428354 0.052556 0.168372 0.756620 -0.354459 0.523007
1413394921755760384 -1.876570 -2.523695 -0.000962 0.213185 0.758878 -0.327409 0.521018
1413394921855760384 -1.775270 -2.620291 -0.051588 0.237476 0.754630 -0.304139 0.530695
1413394921955760384 -1.670910 -2.709394 -0.096361 0.231128 0.741113 -0.288310 0.560543
1413394922055760384 -1.570028 -2.790551 -0.129562 0.206010 0.733504 -0.274730 0.586563
1413394922155760384 -1.479333 -2.862476 -0.145248 0.184159 0.739394 -0.251303 0.596849
1413394922255760384 -1.401833 -2.927314 -0.148401 0.166208 0.761982 -0.223358 0.584696
1413394922355760384 -1.333956 -2.988393 -0.134089 0.162476 0.787174 -0.190080 0.563762
1413394922455760384 -1.266273 -3.044030 -0.099317 0.162169 0.801717 -0.162926 0.551731
1413394922555760384 -1.192789 -3.093279 -0.045461 0.147948 0.807696 -0.153477 0.549712
1413394922655760384 -1.114568 -3.135639 0.017639 0.123727 0.808226 -0.158063 0.553605
1413394922755760384 -1.033106 -3.176183 0.080410 0.106510 0.811647 -0.162806 0.550799
1413394922855760384 -0.948817 -3.215642 0.144674 0.097218 0.817433 -0.165588 0.543077
1413394922955760384 -0.860591 -3.258267 0.209692 0.095278 0.821377 -0.166201 0.537251
1413394923055760384 -0.764161 -3.305050 0.269564 0.094117 0.825670 -0.167359 0.530474
1413394923155760384 -0.660241 -3.354894 0.316873 0.099412 0.826467 -0.165634 0.528806
1413394923255760384 -0.547236 -3.409593 0.367188 0.120111 0.819559 -0.152678 0.539060
1413394923355760384 -0.425734 -3.460821 0.414648 0.128835 0.813880 -0.147909 0.546922
1413394923455760384 -0.297300 -3.507506 0.458676 0.115381 0.818173 -0.150185 0.542886
1413394923555760384 -0.160801 -3.549244 0.502845 0.098344 0.826683 -0.144430 0.534849
1413394923655760384 -0.017077 -3.591336 0.546561 0.087768 0.830110 -0.124049 0.536495
1413394923755760384 0.135499 -3.631025 0.580300 0.083645 0.828527 -0.092691 0.545852
1413394923855760384 0.293061 -3.665319 0.601618 0.073874 0.825800 -0.061717 0.555687
1413394923955760384 0.452550 -3.693109 0.611270 0.059549 0.822814 -0.032283 0.564259
1413394924055760384 0.608850 -3.714444 0.610008 0.041135 0.820239 -0.004232 0.570524
1413394924155760384 0.764416 -3.727361 0.606479 0.013755 0.818090 0.018856 0.574616
1413394924255760384 0.917533 -3.734083 0.605158 -0.022140 0.817691 0.038132 0.573966
1413394924355760384 1.067207 -3.737281 0.606160 -0.059166 0.817609 0.057618 0.569821
1413394924455760384 1.214726 -3.740721 0.609346 -0.082624 0.813248 0.085752 0.569603
1413394924555760384 1.359602 -3.744478 0.613898 -0.102021 0.807491 0.115361 0.569422
1413394924655760384 1.503103 -3.749427 0.620204 -0.114373 0.801678 0.152311 0.566597
1413394924755760384 1.643704 -3.754082 0.628389 -0.125855 0.791724 0.190104 0.566740
1413394924855760384 1.780530 -3.756251 0.640995 -0.132721 0.774481 0.227976 0.574970
1413394924955760384 1.909195 -3.753804 0.657407 -0.135377 0.755464 0.261878 0.585121
1413394925055760384 2.025904 -3.746660 0.675233 -0.132158 0.738852 0.288235 0.594603
1413394925155760384 2.126025 -3.732957 0.691152 -0.133290 0.738047 0.307909 0.585416
1413394925255760384 2.202396 -3.703482 0.711803 -0.131512 0.738296 0.329160 0.573827
1413394925355760384 2.250852 -3.657480 0.730302 -0.129720 0.735679 0.346146 0.567568
1413394925455760384 2.276644 -3.600256 0.737736 -0.139139 0.736198 0.349266 0.562731
1413394925555760384 2.290623 -3.529791 0.733194 -0.152073 0.738898 0.345565 0.558112
1413394925655760384 2.306417 -3.448561 0.719405 -0.164559 0.741116 0.342589 0.553445
1413394925755760384 2.312147 -3.358777 0.702548 -0.189501 0.748531 0.327989 0.544255
1413394925855760384 2.313719 -3.261032 0.690186 -0.207792 0.754951 0.314782 0.536455
1413394925955760384 2.317203 -3.159877 0.679507 -0.218083 0.757644 0.310390 0.531106
1413394926055760384 2.320401 -3.055312 0.670573 -0.217195 0.755721 0.318880 0.529176
1413394926155760384 2.323397 -2.950337 0.662649 -0.209072 0.752196 0.331962 0.529426
1413394926255760384 2.325838 -2.842074 0.654634 -0.201659 0.749467 0.342974 0.529152
1413394926355760384 2.327066 -2.727029 0.646730 -0.206506 0.753916 0.343338 0.520658
1413394926455760384 2.327109 -2.605270 0.639746 -0.212305 0.758847 0.342807 0.511430
1413394926555760384 2.328153 -2.475431 0.634587 -0.225260 0.757264 0.346745 0.505546
1413394926655760384 2.329153 -2.339246 0.631028 -0.250793 0.750810 0.355014 0.497345
1413394926755760384 2.333724 -2.199843 0.627637 -0.289833 0.742608 0.363255 0.482262
1413394926855760384 2.340232 -2.063590 0.627666 -0.332248 0.733873 0.372387 0.460836
1413394926955760384 2.358908 -1.932804 0.626352 -0.364590 0.723063 0.386618 0.441339
1413394927055760384 2.395983 -1.810163 0.618648 -0.378296 0.709442 0.406256 0.434213
1413394927155760384 2.450444 -1.694446 0.602655 -0.365003 0.688938 0.438172 0.447372
1413394927255760384 2.514385 -1.587710 0.587052 -0.348414 0.669550 0.464765 0.462930
1413394927355760384 2.581032 -1.491044 0.581676 -0.336441 0.660199 0.481205 0.468388
1413394927455760384 2.646523 -1.393931 0.588279 -0.334159 0.660269 0.487039 0.463870
1413394927555760384 2.709140 -1.292054 0.606781 -0.334772 0.664664 0.487849 0.456238
1413394927655760384 2.767348 -1.186276 0.637467 -0.337313 0.666254 0.486472 0.453510
1413394927755760384 2.824467 -1.079507 0.672979 -0.340313 0.664643 0.487925 0.452070
1413394927855760384 2.879419 -0.972849 0.703659 -0.340166 0.659006 0.491515 0.456520
1413394927955760384 2.932371 -0.867028 0.723844 -0.340547 0.657985 0.493370 0.455707
1413394928055760384 2.982701 -0.761722 0.735752 -0.341327 0.653959 0.494475 0.459704
1413394928155760384 3.031198 -0.654913 0.742382 -0.337921 0.642133 0.497989 0.474848
1413394928255760384 3.073129 -0.549655 0.744502 -0.338851 0.628069 0.497414 0.493243
1413394928355760384 3.103554 -0.450756 0.748570 -0.341450 0.618359 0.493952 0.507006
1413394928455760384 3.121200 -0.359643 0.752982 -0.348711 0.622842 0.487651 0.502658
1413394928555760384 3.130996 -0.275737 0.758970 -0.357551 0.634293 0.480004 0.489312
1413394928655760384 3.137323 -0.193826 0.766604 -0.361016 0.643175 0.475438 0.479532
1413394928755760384 3.142326 -0.113221 0.774845 -0.359780 0.647590 0.473792 0.476138
1413394928855760384 3.145265 -0.037214 0.780165 -0.354295 0.647878 0.475292 0.478358
1413394928955760384 3.146165 0.036636 0.776441 -0.346339 0.645746 0.478817 0.483524
1413394929055760384 3.142926 0.105683 0.763223 -0.345701 0.645480 0.477780 0.485359
1413394929155760384 3.136904 0.173068 0.746327 -0.352061 0.641034 0.472309 0.491989
1413394929255760384 3.125403 0.233733 0.731304 -0.361539 0.638570 0.464987 0.495282
1413394929355760384 3.111898 0.285410 0.719068 -0.373477 0.640042 0.456542 0.492373
1413394929455760384 3.096890 0.327205 0.712661 -0.376972 0.645002 0.453992 0.485547
1413394929555760384 3.081715 0.355804 0.708443 -0.370298 0.656881 0.459007 0.469788
1413394929655760384 3.069679 0.376739 0.706885 -0.358963 0.666542 0.466423 0.457511
1413394929755760384 3.060477 0.395131 0.707350 -0.348205 0.668054 0.473078 0.456787
1413394929855760384 3.054161 0.416382 0.700887 -0.343685 0.665548 0.475484 0.461346
1413394929955760384 3.047501 0.440185 0.686649 -0.347998 0.659385 0.471616 0.470837
1413394930055760384 3.040260 0.457752 0.662141 -0.353346 0.650603 0.466950 0.483549
1413394930155760384 3.032091 0.472898 0.633020 -0.357154 0.642406 0.463301 0.495083
1413394930255760384 3.019536 0.483187 0.608710 -0.364597 0.632917 0.457351 0.507262
1413394930355760384 3.001109 0.483988 0.588318 -0.378674 0.633365 0.447138 0.505492
1413394930455760384 2.980338 0.474044 0.564992 -0.372042 0.657061 0.452463 0.474482
1413394930555760384 2.962351 0.458378 0.536875 -0.351126 0.690159 0.465739 0.428343
1413394930655760384 2.951665 0.444086 0.498543 -0.327998 0.718486 0.476843 0.385767
1413394930755760384 2.954522 0.444264 0.457813 -0.305680 0.721749 0.490272 0.381145
1413394930855760384 2.970962 0.466191 0.421879 -0.305036 0.700898 0.492100 0.416571
1413394930955760384 2.991569 0.502322 0.391785 -0.322888 0.671866 0.480598 0.461914
1413394931055760384 3.009069 0.541401 0.369152 -0.341621 0.647897 0.466312 0.496061
1413394931155760384 3.020054 0.573769 0.356851 -0.349857 0.636592 0.458515 0.511972
1413394931255760384 3.022225 0.595377 0.359817 -0.354664 0.631597 0.453068 0.519643
1413394931355760384 3.017155 0.608282 0.387510 -0.361430 0.624691 0.445753 0.529560
1413394931455760384 3.003171 0.609011 0.424425 -0.359779 0.630724 0.445434 0.523770
1413394931555760384 2.982080 0.598408 0.452622 -0.340631 0.650637 0.457491 0.501341
1413394931655760384 2.958760 0.584971 0.471352 -0.324381 0.661706 0.470418 0.485417
1413394931755760384 2.928023 0.567388 0.483517 -0.311411 0.657379 0.490760 0.479616
1413394931855760384 2.888715 0.553466 0.489590 -0.307529 0.642847 0.515763 0.475565
1413394931955760384 2.836295 0.545906 0.489153 -0.325224 0.629408 0.534909 0.460377
1413394932055760384 2.773542 0.544672 0.494138 -0.359104 0.609123 0.549422 0.445138
1413394932155760384 2.704833 0.547183 0.513717 -0.401169 0.582982 0.561268 0.429155
1413394932255760384 2.632067 0.548412 0.545720 -0.442832 0.558905 0.571790 0.405686
1413394932355760384 2.562234 0.546400 0.587291 -0.478069 0.529839 0.584667 0.385856
1413394932455760384 2.500428 0.539392 0.628635 0.504283 -0.494806 -0.599986 -0.375343
1413394932555760384 2.445766 0.522940 0.660301 0.523847 -0.460147 -0.616208 -0.366248
1413394932655760384 2.396912 0.493262 0.678471 0.535818 -0.429877 -0.634897 -0.353568
1413394932755760384 2.353288 0.449691 0.685482 0.538790 -0.406461 -0.657641 -0.334669
1413394932855760384 2.314651 0.396606 0.691395 0.530650 -0.392741 -0.685347 -0.307351
1413394932955760384 2.277705 0.338279 0.699533 0.520831 -0.382253 -0.710093 -0.279975
1413394933055760384 2.241851 0.280110 0.704022 0.517165 -0.369826 -0.728018 -0.256436
1413394933155760384 2.203268 0.223908 0.700019 0.519101 -0.351672 -0.741518 -0.238773
1413394933255760384 2.167080 0.170554 0.687320 0.528767 -0.330365 -0.749175 -0.223609
1413394933355760384 2.132140 0.119138 0.663681 0.538974 -0.306525 -0.755193 -0.212679
1413394933455760384 2.098490 0.072146 0.628844 0.548282 -0.284583 -0.760095 -0.201629
1413394933555760384 2.063683 0.026214 0.584795 0.555892 -0.264878 -0.764896 -0.189097
1413394933655760384 2.029261 -0.019744 0.540164 0.567305 -0.244061 -0.766434 -0.176574
1413394933755760384 1.999068 -0.065753 0.499974 0.582183 -0.223683 -0.763880 -0.165880
1413394933855760384 1.974092 -0.113402 0.463441 0.590504 -0.208553 -0.763659 -0.156955
1413394933955760384 1.954082 -0.165393 0.427559 0.583665 -0.194659 -0.774858 -0.145042
1413394934055760384 1.937819 -0.221553 0.395331 0.574147 -0.178747 -0.788553 -0.128799
1413394934155760384 1.919235 -0.278578 0.371180 0.582182 -0.157411 -0.789542 -0.113619
1413394934255760384 1.901749 -0.334300 0.344438 0.594685 -0.132643 -0.786876 -0.097886
1413394934355760384 1.887175 -0.391130 0.304849 0.596024 -0.106969 -0.792032 -0.077445
1413394934455760384 1.876977 -0.447848 0.252947 0.589953 -0.087307 -0.801143 -0.050035
1413394934555760384 1.869981 -0.501427 0.191555 0.584877 -0.069282 -0.807454 -0.033730
1413394934655760384 1.864006 -0.550042 0.128976 0.581740 -0.051261 -0.811275 -0.028006
1413394934755760384 1.862728 -0.595710 0.078192 0.582629 -0.041217 -0.811429 -0.020664
1413394934855760384 1.864743 -0.642453 0.042909 0.585701 -0.036201 -0.809556 -0.016217
1413394934955760384 1.865801 -0.686117 0.024209 0.587395 -0.034115 -0.808462 -0.013848
1413394935055760384 1.867092 -0.725316 0.024818 0.592939 -0.035231 -0.804380 -0.012424
1413394935155760384 1.867456 -0.758024 0.035746 0.600006 -0.043182 -0.798729 -0.012664
1413394935255760384 1.871441 -0.788881 0.042873 0.605629 -0.053530 -0.793720 -0.018885
1413394935355760384 1.879822 -0.819192 0.039283 0.612756 -0.060510 -0.787439 -0.028432
1413394935455760384 1.892806 -0.851068 0.021917 0.614996 -0.065085 -0.784903 -0.038353
1413394935555760384 1.912494 -0.882164 -0.006767 0.605970 -0.069243 -0.791134 -0.045967
1413394935655760384 1.940176 -0.914534 -0.038285 0.596846 -0.073336 -0.797323 -0.051699
1413394935755760384 1.969122 -0.947986 -0.057932 0.593879 -0.076437 -0.798902 -0.056758
1413394935855760384 1.999029 -0.981484 -0.063069 0.595598 -0.079077 -0.797153 -0.059635
1413394935955760384 2.033352 -1.015259 -0.062477 0.591764 -0.082465 -0.799585 -0.060651
1413394936055760384 2.071522 -1.051756 -0.073945 0.577605 -0.081035 -0.810180 -0.058432
1413394936205760512 2.121195 -1.111645 -0.112695 0.554627 -0.060447 -0.828925 -0.040227
1413394936255760384 2.138014 -1.133230 -0.127723 0.556975 -0.046140 -0.828635 -0.031857
1413394936405760512 2.175893 -1.200698 -0.171539 0.577080 0.013922 -0.816563 0.003114
1413394936505760512 2.198973 -1.249160 -0.195574 0.585340 0.065726 -0.807619 0.028447
1413394936605760512 2.222915 -1.301021 -0.215352 0.584405 0.118425 -0.801060 0.052441
1413394936705760512 2.250035 -1.357018 -0.232302 0.575197 0.158456 -0.798251 0.082684
1413394936805760512 2.278361 -1.416830 -0.245256 0.566767 0.192055 -0.793847 0.108154
1413394936905760512 2.308163 -1.481150 -0.255844 0.557814 0.223135 -0.789042 0.128321
1413394937005760512 2.338615 -1.550689 -0.266599 0.546176 0.255053 -0.784291 0.146722
1413394937105760512 2.368523 -1.626906 -0.276015 0.532996 0.288603 -0.778018 0.165263
1413394937205760512 2.397437 -1.709490 -0.284237 0.522744 0.319241 -0.768761 0.183931
1413394937255760384 2.410682 -1.753237 -0.289046 0.515351 0.329533 -0.766651 0.195108
1413394937355760384 2.435009 -1.844369 -0.298261 0.501777 0.342738 -0.763995 0.216936
1413394937455760384 2.454397 -1.938762 -0.307220 -0.496953 -0.350212 0.759502 -0.231401
1413394937555760384 2.466438 -2.036129 -0.314950 -0.496752 -0.354671 0.755061 -0.239433
1413394937655760384 2.472312 -2.136041 -0.322080 -0.499463 -0.355063 0.751605 -0.244045
1413394937755760384 2.470758 -2.237317 -0.325077 0.502897 0.350548 -0.749779 0.249081
1413394937855760384 2.458472 -2.336716 -0.327825 0.504876 0.342146 -0.751694 0.250981
1413394937955760384 2.435089 -2.431298 -0.324258 0.503450 0.326495 -0.759625 0.250818
1413394938055760384 2.412390 -2.526428 -0.316796 -0.497862 -0.306684 0.771489 -0.250763
1413394938155760384 2.377467 -2.616560 -0.299110 -0.491497 -0.288940 0.782681 -0.249712
1413394938255760384 2.330569 -2.701567 -0.263092 -0.490963 -0.273222 0.790443 -0.243939
1413394938355760384 2.271001 -2.785649 -0.208254 0.504428 0.264670 -0.790408 0.225294
1413394938455760384 2.198927 -2.868228 -0.140315 0.521742 0.251285 -0.787512 0.210869
1413394938555760384 2.120477 -2.950954 -0.072270 0.536135 0.240290 -0.786955 0.188472
1413394938655760384 2.038813 -3.033471 -0.017806 0.540828 0.224733 -0.794073 0.162630
1413394938755760384 1.955645 -3.117043 0.025544 0.540375 0.201357 -0.804886 0.140030
1413394938855760384 1.869516 -3.205415 0.058563 0.538548 0.167319 -0.816309 0.124943
1413394938955760384 1.780322 -3.289134 0.080112 0.540710 0.117381 -0.823863 0.122895
1413394939055760384 1.687029 -3.363754 0.092270 0.548965 0.061255 -0.824665 0.121711
1413394939155760384 1.588630 -3.424679 0.095376 0.558278 0.011923 -0.822217 0.110195
1413394939255760384 1.487354 -3.472619 0.089432 0.564491 -0.022626 -0.820766 0.084741
1413394939355760384 1.384803 -3.506086 0.076278 0.568705 -0.044826 -0.819477 0.054988
1413394939455760384 1.281753 -3.528769 0.068082 0.570440 -0.046552 -0.819863 0.016017
1413394939555760384 1.177578 -3.545010 0.075370 0.573900 -0.041137 -0.817717 -0.016925
1413394939655760384 1.073719 -3.560717 0.096305 0.578193 -0.053814 -0.813906 -0.018817
1413394939755760384 0.971045 -3.573970 0.128616 0.579412 -0.078656 -0.811182 -0.008830
1413394939855760384 0.871383 -3.575654 0.164106 0.577944 -0.109998 -0.808616 0.004511
1413394939955760384 0.777772 -3.564061 0.194131 0.568322 -0.120141 -0.813901 -0.011890
1413394940055760384 0.683486 -3.544729 0.211019 0.551731 -0.117106 -0.824515 -0.045324
1413394940155760384 0.586220 -3.522003 0.215785 0.544691 -0.131993 -0.825838 -0.062290
1413394940255760384 0.483435 -3.496142 0.208727 0.548643 -0.156059 -0.817799 -0.076424
1413394940355760384 0.378223 -3.463595 0.193681 0.556086 -0.183604 -0.805096 -0.094227
1413394940455760384 0.269500 -3.427115 0.171521 0.559642 -0.214190 -0.792452 -0.113772
1413394940555760384 0.162078 -3.384460 0.148591 0.558023 -0.238484 -0.782024 -0.142033
1413394940655760384 0.055730 -3.338932 0.130999 0.547686 -0.252596 -0.776878 -0.180821
1413394940755760384 -0.053392 -3.294861 0.122196 0.536019 -0.263020 -0.773603 -0.212232
1413394940855760384 -0.167903 -3.257678 0.125025 0.532317 -0.276559 -0.768608 -0.222252
1413394940955760384 -0.284947 -3.225632 0.143383 0.534360 -0.296329 -0.762811 -0.211586
1413394941055760384 -0.403683 -3.191761 0.170571 0.531854 -0.322777 -0.759067 -0.191736
1413394941205760512 -0.571807 -3.127065 0.214757 0.521799 -0.362104 -0.754303 -0.166232
1413394941305760512 -0.679598 -3.068322 0.250850 0.514542 -0.375350 -0.753718 -0.162074
1413394941405760512 -0.784502 -2.996890 0.289097 0.504103 -0.377851 -0.758396 -0.167168
1413394941505760512 -0.890626 -2.910504 0.331971 -0.496049 0.359711 0.765478 0.196434
1413394941605760512 -1.001453 -2.813156 0.374543 -0.489298 0.340307 0.770344 0.226602
1413394941705760512 -1.119529 -2.712480 0.418458 -0.489024 0.333916 0.766917 0.247374
1413394941755760384 -1.180986 -2.662267 0.439491 -0.492894 0.335604 0.761717 0.253401
1413394941855760384 -1.305508 -2.563950 0.479553 0.505356 -0.350810 -0.748250 -0.248333
1413394941955760384 -1.431554 -2.464981 0.516652 0.522559 -0.381204 -0.730292 -0.219746
1413394942055760384 -1.553392 -2.359107 0.553737 0.535892 -0.411102 -0.713101 -0.187886
1413394942155760384 -1.660530 -2.241579 0.595029 0.545549 -0.438982 -0.696054 -0.158682
1413394942255760384 -1.741942 -2.106251 0.641318 0.548963 -0.463478 -0.680717 -0.143013
1413394942355760384 -1.795755 -1.950518 0.692395 0.545620 -0.485281 -0.668037 -0.143275
1413394942455760384 -1.825334 -1.770769 0.748525 0.538175 -0.501950 -0.657302 -0.162387
1413394942555760384 -1.829718 -1.574719 0.796230 0.530234 -0.518403 -0.642900 -0.191809
1413394942655760384 -1.811246 -1.367809 0.829241 0.520950 -0.536062 -0.624994 -0.225014
1413394942755760384 -1.772001 -1.155862 0.844117 0.508582 -0.545135 -0.607350 -0.274404
1413394942855760384 -1.713004 -0.948039 0.843499 -0.490874 0.535981 0.591732 0.348741
1413394942955760384 -1.649183 -0.746970 0.822443 -0.469640 0.520314 0.573318 0.424285
1413394943055760384 -1.584494 -0.565251 0.780987 -0.449752 0.516421 0.550068 0.477972
1413394943155760384 -1.531833 -0.400317 0.727254 -0.430196 0.524455 0.524470 0.514597
1413394943255760384 -1.490257 -0.262697 0.664509 -0.410773 0.537956 0.497911 0.542174
1413394943355760384 -1.464909 -0.151913 0.597402 -0.391761 0.556551 0.471561 0.560718
1413394943455760384 -1.460393 -0.069613 0.540077 -0.367675 0.577605 0.450706 0.572758
1413394943555760384 -1.478929 -0.010035 0.495730 -0.339329 0.602100 0.435194 0.577007
1413394943655760384 -1.519588 0.031715 0.460655 -0.312390 0.634131 0.426757 0.564064
1413394943755760384 -1.576050 0.063450 0.431032 -0.299174 0.665286 0.414827 0.543883
1413394943855760384 -1.642602 0.089407 0.400145 -0.302735 0.685482 0.398223 0.529041
1413394943955760384 -1.714443 0.109592 0.362899 -0.313601 0.700731 0.382312 0.514265
1413394944055760384 -1.786332 0.120780 0.325120 -0.310403 0.707939 0.380037 0.507980
1413394944155760384 -1.857201 0.122737 0.296377 -0.302495 0.709688 0.383965 0.507357
1413394944255760384 -1.926949 0.119018 0.278813 -0.296191 0.714341 0.383452 0.504928
1413394944355760384 -1.991207 0.114123 0.273283 -0.286197 0.724169 0.384270 0.495990
1413394944455760384 -2.049032 0.109125 0.284445 -0.267779 0.736196 0.386899 0.486434
1413394944555760384 -2.101281 0.109338 0.293501 -0.251148 0.752415 0.377107 0.478108
1413394944655760384 -2.148116 0.115277 0.288895 -0.236100 0.775193 0.354588 0.466477
1413394944755760384 -2.184395 0.127031 0.271978 -0.215385 0.799294 0.327090 0.455795
1413394944855760384 -2.205112 0.147463 0.246076 -0.193635 0.819782 0.293896 0.451762
1413394944955760384 -2.208395 0.175785 0.215020 -0.171644 0.833894 0.256453 0.457592
1413394945055760384 -2.191969 0.213264 0.180906 -0.146205 0.838263 0.220086 0.476972
1413394945155760384 -2.158434 0.260075 0.143077 -0.116181 0.837043 0.186066 0.501238
1413394945255760384 -2.110113 0.312997 0.106559 -0.087679 0.833423 0.151497 0.524182
1413394945355760384 -2.047954 0.372115 0.076036 -0.059103 0.826488 0.117867 0.547294
1413394945455760384 -1.981883 0.437759 0.051105 -0.040081 0.811756 0.077468 0.577446
1413394945555760384 -1.917489 0.506297 0.027332 -0.040604 0.803485 0.022446 0.593515
1413394945655760384 -1.858236 0.570338 0.004093 -0.038044 0.799062 -0.032035 0.599188
1413394945755760384 -1.804687 0.623629 -0.014855 -0.028288 0.796294 -0.083522 0.598448
1413394945855760384 -1.755575 0.661282 -0.031195 -0.010209 0.792091 -0.132773 0.595701
1413394945955760384 -1.715896 0.682626 -0.047809 0.013059 0.784799 -0.182169 0.592228
1413394946055760384 -1.686476 0.684953 -0.059688 0.055300 0.778159 -0.220411 0.585517
1413394946155760384 -1.666183 0.672173 -0.066545 0.102722 0.769510 -0.255484 0.576221
1413394946255760384 -1.657275 0.650898 -0.070728 0.143106 0.754307 -0.294524 0.569032
1413394946355760384 -1.656083 0.624327 -0.076343 0.172336 0.735424 -0.340284 0.560052
1413394946455760384 -1.665084 0.591247 -0.081304 0.197610 0.715096 -0.386848 0.547665
1413394946555760384 -1.685127 0.553026 -0.084831 0.223055 0.691131 -0.431152 0.535437
1413394946655760384 -1.719478 0.510197 -0.088483 0.264845 0.667202 -0.462649 0.520244
1413394946755760384 -1.762963 0.464442 -0.090281 0.315253 0.641528 -0.487166 0.501724
1413394946855760384 -1.811782 0.420645 -0.091862 0.357068 0.613720 -0.515831 0.479342
1413394946955760384 -1.863814 0.380605 -0.092881 0.393508 0.582347 -0.545916 0.456070
1413394947055760384 -1.915283 0.346903 -0.092464 -0.427601 -0.549540 0.574644 -0.430056
1413394947155760384 -1.968213 0.319871 -0.081384 -0.452702 -0.518862 0.605568 -0.398912
1413394947255760384 -2.017407 0.298572 -0.053854 -0.469758 -0.490013 0.637058 -0.365201
1413394947355760384 -2.062895 0.282974 -0.007521 -0.493493 -0.457163 0.656585 -0.341120
1413394947455760384 -2.102665 0.269595 0.054006 0.510856 0.431311 -0.668675 0.325377
1413394947555760384 -2.134574 0.259249 0.120296 0.512618 0.417542 -0.682245 0.312126
1413394947655760384 -2.160332 0.250516 0.178432 -0.496752 -0.418880 0.701513 -0.292673
1413394947755760384 -2.182202 0.238004 0.223067 -0.471916 -0.429468 0.718885 -0.275786
1413394947855760384 -2.202847 0.217289 0.260435 -0.448749 -0.446766 0.725185 -0.270427
1413394947955760384 -2.225899 0.184756 0.305828 -0.434552 -0.467071 0.718661 -0.276651
1413394948055760384 -2.251099 0.135666 0.362135 -0.420228 -0.489657 0.707954 -0.287135
1413394948155760384 -2.279194 0.070709 0.416130 -0.403700 -0.511993 0.699458 -0.292657
1413394948255760384 -2.313398 -0.011401 0.463091 -0.409325 -0.526542 0.680460 -0.303615
1413394948355760384 -2.350931 -0.108116 0.506419 -0.439563 -0.525727 0.648765 -0.330908
1413394948455760384 -2.384614 -0.208786 0.543749 -0.477776 -0.512083 0.612820 -0.365996
1413394948555760384 -2.410869 -0.297842 0.578737 0.513076 0.492727 -0.579272 0.398017
1413394948655760384 -2.432366 -0.373687 0.609520 0.532587 0.477128 -0.559714 0.418831
1413394948755760384 -2.443827 -0.422566 0.641488 0.544983 0.467754 -0.548915 0.427659
1413394948855760384 -2.443505 -0.444850 0.675309 0.531234 0.477086 -0.565028 0.413429
1413394948955760384 -2.428859 -0.444077 0.708919 0.501985 0.495566 -0.594460 0.386061
1413394949055760384 -2.405820 -0.428605 0.730674 -0.463113 -0.518890 0.629126 -0.347102
1413394949155760384 -2.376851 -0.408763 0.737054 -0.424128 -0.537926 0.658659 -0.311319
1413394949255760384 -2.345223 -0.401987 0.734338 -0.397975 -0.548386 0.677134 -0.287017
1413394949355760384 -2.313697 -0.419118 0.725846 -0.382762 -0.552806 0.688364 -0.272128
1413394949455760384 -2.282988 -0.465121 0.717702 -0.383609 -0.550521 0.690072 -0.271240
1413394949555760384 -2.252577 -0.532936 0.718204 -0.420551 -0.535246 0.669586 -0.297158
1413394949655760384 -2.223706 -0.616140 0.722201 -0.470258 -0.510089 0.636663 -0.336640
1413394949755760384 -2.186064 -0.696286 0.732243 0.507002 0.485651 -0.608921 0.369198
1413394949855760384 -2.141136 -0.766103 0.738539 0.519053 0.469780 -0.598016 0.390214
1413394949955760384 -2.090764 -0.824175 0.742836 0.505459 0.466229 -0.601728 0.406283
1413394950055760384 -2.036158 -0.866433 0.750117 -0.487769 -0.467658 0.602066 -0.425316
1413394950155760384 -1.981268 -0.890516 0.755539 -0.458195 -0.475586 0.606303 -0.443027
1413394950255760384 -1.933716 -0.899126 0.756288 -0.412505 -0.498784 0.623532 -0.438477
1413394950355760384 -1.899839 -0.899993 0.757677 -0.384534 -0.537227 0.634119 -0.401762
1413394950455760384 -1.877382 -0.905248 0.763875 -0.372833 -0.571159 0.635712 -0.361446
1413394950555760384 -1.860345 -0.925958 0.773232 -0.366700 -0.590671 0.635791 -0.335274
1413394950655760384 -1.843292 -0.968185 0.788479 -0.372360 -0.596274 0.630772 -0.328529
1413394950755760384 -1.818851 -1.029915 0.812976 -0.403989 -0.587450 0.606865 -0.351297
1413394950855760384 -1.789365 -1.101863 0.842087 -0.442876 -0.568339 0.569466 -0.395676
1413394950955760384 -1.752479 -1.169720 0.872350 0.475979 0.548611 -0.525915 0.442588
1413394951055760384 -1.709011 -1.218368 0.900288 0.493577 0.536901 -0.486740 0.480836
1413394951155760384 -1.658933 -1.238057 0.927113 0.484616 0.537046 -0.465680 0.509775
1413394951255760384 -1.607268 -1.226280 0.950968 0.446927 0.557927 -0.468511 0.519106
1413394951355760384 -1.558290 -1.186013 0.972058 0.390756 0.597900 -0.492528 0.497234
1413394951455760384 -1.515028 -1.131841 0.992967 0.331489 0.643867 -0.522479 0.450074
1413394951555760384 -1.473038 -1.080909 1.019622 0.284532 0.677164 -0.546361 0.402467
1413394951655760384 -1.435361 -1.050524 1.053819 0.254600 0.692973 -0.563404 0.370869
1413394951755760384 -1.396040 -1.056072 1.094294 0.242738 0.699546 -0.572709 0.351736
1413394951855760384 -1.352358 -1.108803 1.150180 0.276610 0.689842 -0.556774 0.370955
1413394951955760384 -1.303584 -1.191245 1.212400 0.323243 0.666912 -0.531329 0.410405
1413394952055760384 -1.250415 -1.283139 1.274344 0.367374 0.634548 -0.503625 0.456888
1413394952155760384 -1.197147 -1.370516 1.324377 0.398342 0.608041 -0.481477 0.489684
1413394952255760384 -1.143099 -1.445051 1.354968 0.400320 0.599910 -0.480528 0.498944
1413394952355760384 -1.090701 -1.507557 1.365074 0.371981 0.614775 -0.497193 0.486293
1413394952455760384 -1.040383 -1.562854 1.364703 0.333002 0.630501 -0.512572 0.478380
1413394952555760384 -0.995555 -1.617701 1.370413 0.308251 0.649094 -0.514628 0.467778
1413394952655760384 -0.958792 -1.676959 1.390925 0.309780 0.667236 -0.500969 0.455920
1413394952755760384 -0.924046 -1.744959 1.424412 0.323432 0.672437 -0.481943 0.459294
1413394952855760384 -0.886755 -1.816338 1.458573 0.344418 0.660382 -0.458661 0.484666
1413394952955760384 -0.852301 -1.882657 1.485520 0.366872 0.638519 -0.434238 0.518783
1413394953055760384 -0.816719 -1.934592 1.499212 0.383587 0.619036 -0.416108 0.544527
1413394953155760384 -0.785553 -1.968080 1.503002 0.393149 0.606028 -0.405745 0.559942
1413394953255760384 -0.763067 -1.972569 1.518309 0.399755 0.597141 -0.399661 0.569113
1413394953355760384 -0.750227 -1.939107 1.555799 0.408153 0.585538 -0.393023 0.579732
1413394953455760384 -0.751149 -1.864911 1.599294 0.401650 0.592851 -0.402153 0.570507
1413394953555760384 -0.752832 -1.777506 1.615530 0.370791 0.634828 -0.435244 0.519683
1413394953655760384 -0.756092 -1.677632 1.595832 0.336068 0.675427 -0.466749 0.461522
1413394953755760384 -0.759179 -1.573927 1.537835 0.306831 0.702563 -0.489795 0.415164
1413394953855760384 -0.755120 -1.480196 1.448039 0.288418 0.718243 -0.503049 0.384557
1413394953955760384 -0.739816 -1.406177 1.348796 0.292046 0.716351 -0.501402 0.387489
1413394954055760384 -0.711104 -1.351711 1.254666 0.317169 0.697935 -0.484038 0.421897
1413394954155760384 -0.671718 -1.312317 1.165399 0.346581 0.674248 -0.460379 0.461868
1413394954255760384 -0.629706 -1.268601 1.078822 0.372968 0.647641 -0.435734 0.501589
1413394954355760384 -0.589007 -1.212889 0.996340 0.388944 0.628626 -0.417230 0.528649
1413394954455760384 -0.547633 -1.137001 0.926749 0.386656 0.623412 -0.417680 0.536095
1413394954555760384 -0.512437 -1.042248 0.867230 0.359565 0.642188 -0.440916 0.513713
1413394954655760384 -0.480526 -0.933571 0.811549 0.315058 0.672539 -0.478823 0.468143
1413394954755760384 -0.450441 -0.828101 0.756103 0.272360 0.693855 -0.514711 0.423624
1413394954855760384 -0.418850 -0.741549 0.699340 0.255871 0.701726 -0.533236 0.397202
1413394954955760384 -0.385414 -0.681927 0.644322 0.283737 0.695013 -0.521076 0.406117
1413394955055760384 -0.345832 -0.641774 0.586384 0.320791 0.679171 -0.492598 0.439509
1413394955155760384 -0.298485 -0.613725 0.527701 0.347272 0.664711 -0.458114 0.477172
1413394955255760384 -0.250978 -0.575906 0.472101 0.359924 0.655717 -0.422398 0.511928
1413394955355760384 -0.204895 -0.521173 0.422455 0.335637 0.661586 -0.407578 0.532478
1413394955455760384 -0.160484 -0.457059 0.382123 0.266615 0.684724 -0.423732 0.529642
1413394955555760384 -0.126831 -0.395337 0.354291 0.202139 0.714434 -0.443031 0.502442
1413394955655760384 -0.104874 -0.353010 0.346173 0.173817 0.743679 -0.446763 0.465974
1413394955755760384 -0.084371 -0.342766 0.353019 0.190422 0.765153 -0.428083 0.441616
1413394955855760384 -0.055248 -0.360392 0.369180 0.224819 0.767629 -0.403492 0.444294
1413394955955760384 -0.016138 -0.396986 0.389712 0.252812 0.754269 -0.386288 0.466847
1413394956105760512 0.056376 -0.466596 0.428387 0.289354 0.714860 -0.361741 0.523826
1413394956205760512 0.101843 -0.512876 0.455625 0.297093 0.692296 -0.346516 0.558918
1413394956305760512 0.150287 -0.534562 0.479668 0.288131 0.681586 -0.332468 0.584710
1413394956405760512 0.187525 -0.540024 0.499801 0.260829 0.687077 -0.320813 0.597471
1413394956505760512 0.211856 -0.533441 0.509607 0.226043 0.714579 -0.310255 0.584828
1413394956605760512 0.229236 -0.520555 0.505931 0.199304 0.753828 -0.296247 0.551598
1413394956655760384 0.234025 -0.515465 0.500859 0.186965 0.775289 -0.291080 0.528436
1413394956755760384 0.246816 -0.506425 0.491979 0.166149 0.809026 -0.284177 0.486945
1413394956855760384 0.267454 -0.510139 0.489109 0.158155 0.822467 -0.274724 0.472294
1413394956955760384 0.309641 -0.525625 0.496076 0.162801 0.814406 -0.263410 0.490770
1413394957055760384 0.369856 -0.556641 0.504419 0.170557 0.800135 -0.253205 0.516316
1413394957155760384 0.434539 -0.586238 0.515187 0.177918 0.775585 -0.245366 0.553722
1413394957255760384 0.496619 -0.609823 0.532234 0.185114 0.747297 -0.237828 0.592214
1413394957355760384 0.547256 -0.625332 0.554174 0.187897 0.715157 -0.232633 0.631765
1413394957455760384 0.577262 -0.629509 0.575710 0.187748 0.696859 -0.230121 0.652826
1413394957555760384 0.583010 -0.622075 0.593824 0.174500 0.712538 -0.236977 0.636931
1413394957655760384 0.567725 -0.607833 0.612423 0.157255 0.750641 -0.242613 0.594094
1413394957755760384 0.545797 -0.593715 0.623698 0.139823 0.791549 -0.242799 0.543091
1413394957855760384 0.534119 -0.582773 0.628387 0.123388 0.816372 -0.238306 0.511392
1413394957955760384 0.530529 -0.579823 0.634361 0.111028 0.819151 -0.226312 0.515216
1413394958055760384 0.538200 -0.586314 0.639296 0.099175 0.803704 -0.207660 0.548727
1413394958155760384 0.547498 -0.600677 0.643853 0.091304 0.776612 -0.179202 0.597013
1413394958255760384 0.551050 -0.616752 0.647345 0.081735 0.750084 -0.147471 0.639488
1413394958355760384 0.534352 -0.630601 0.654831 0.072244 0.732106 -0.116152 0.667316
1413394958455760384 0.497462 -0.641838 0.656287 0.056757 0.755669 -0.092724 0.645868
1413394958555760384 0.444688 -0.652605 0.656708 0.037587 0.803305 -0.075502 0.589566
1413394958655760384 0.386194 -0.663567 0.657888 0.018607 0.849924 -0.061093 0.523020
1413394958755760384 0.339931 -0.677247 0.664040 0.004193 0.875695 -0.046034 0.480646
1413394958855760384 0.319689 -0.696957 0.677286 -0.001220 0.882954 -0.024652 0.468809
1413394958955760384 0.331446 -0.721579 0.695475 0.005640 0.872210 0.006430 0.489057
1413394959055760384 0.362850 -0.743122 0.716327 0.007217 0.843238 0.034056 0.536412
1413394959155760384 0.403695 -0.756625 0.738107 -0.006010 0.809897 0.051188 0.584304
1413394959255760384 0.439805 -0.762096 0.763008 -0.028936 0.772972 0.061589 0.630780
1413394959355760384 0.461389 -0.764896 0.787507 -0.048712 0.749901 0.073089 0.655693
1413394959455760384 0.463773 -0.765568 0.803991 -0.060346 0.776470 0.087426 0.621135
1413394959555760384 0.452940 -0.765445 0.817235 -0.066316 0.821437 0.104107 0.556781
1413394959655760384 0.445272 -0.765615 0.833231 -0.072095 0.855960 0.121122 0.497458
1413394959755760384 0.453637 -0.759905 0.852850 -0.074105 0.869081 0.143943 0.467425
1413394959855760384 0.490447 -0.745915 0.872869 -0.070586 0.854029 0.178379 0.483563
1413394959955760384 0.544140 -0.718560 0.888402 -0.087740 0.822658 0.199284 0.525187
1413394960055760384 0.601437 -0.679560 0.896721 -0.125270 0.779588 0.208245 0.577221
1413394960155760384 0.652827 -0.636773 0.897086 -0.162012 0.741929 0.220729 0.612023
1413394960255760384 0.691097 -0.598017 0.895083 -0.189261 0.725156 0.242815 0.615930
1413394960355760384 0.713406 -0.566722 0.891780 -0.209289 0.728568 0.272537 0.592545
1413394960455760384 0.721353 -0.541764 0.876690 -0.218932 0.744598 0.309456 0.549436
1413394960555760384 0.728818 -0.520206 0.849919 -0.221341 0.765652 0.348473 0.493307
1413394960655760384 0.739154 -0.492392 0.815281 -0.223371 0.776977 0.383287 0.446657
1413394960755760384 0.762385 -0.449155 0.785874 -0.229208 0.765691 0.414560 0.435109
1413394960855760384 0.796466 -0.387325 0.767757 -0.254128 0.731819 0.427563 0.465886
1413394960955760384 0.832376 -0.316625 0.756639 -0.289239 0.695378 0.422143 0.504565
1413394961055760384 0.865186 -0.247919 0.749341 -0.316044 0.668705 0.411956 0.532205
1413394961155760384 0.891589 -0.188443 0.737211 -0.325668 0.660825 0.408490 0.538876
1413394961255760384 0.908771 -0.141242 0.719470 -0.309880 0.680565 0.420651 0.513671
1413394961355760384 0.922889 -0.097106 0.701901 -0.284129 0.709726 0.439609 0.471491
1413394961455760384 0.938026 -0.046228 0.687444 -0.257681 0.722639 0.457201 0.449844
1413394961555760384 0.951699 0.020591 0.683085 -0.246380 0.707730 0.466960 0.469429
1413394961655760384 0.962896 0.100950 0.683939 -0.264520 0.684974 0.456299 0.502623
1413394961755760384 0.966636 0.185100 0.686486 -0.301090 0.660656 0.430834 0.535966
1413394961855760384 0.960168 0.262722 0.686522 -0.330739 0.646861 0.406487 0.554031
1413394961955760384 0.942376 0.326299 0.686964 -0.346413 0.645974 0.391558 0.556235
1413394962055760384 0.917402 0.374836 0.684899 -0.342853 0.664911 0.392703 0.534911
1413394962155760384 0.890584 0.413023 0.685516 -0.316163 0.688540 0.410025 0.507773
1413394962255760384 0.861464 0.444518 0.691193 -0.293222 0.705027 0.423057 0.487832
1413394962355760384 0.832848 0.478806 0.702578 -0.284658 0.707008 0.426459 0.487075
1413394962455760384 0.804875 0.518626 0.725744 -0.301892 0.681341 0.412609 0.523822
1413394962555760384 0.768157 0.548965 0.750047 -0.327180 0.647715 0.392206 0.565325
1413394962655760384 0.721329 0.567077 0.769524 -0.341309 0.638992 0.382144 0.573728
1413394962755760384 0.663811 0.566487 0.781595 -0.333014 0.664563 0.392387 0.541747
1413394962855760384 0.602191 0.556950 0.787584 -0.314551 0.693755 0.411264 0.500624
1413394962955760384 0.540078 0.543933 0.790526 -0.299049 0.703482 0.432334 0.478299
1413394963055760384 0.481626 0.535275 0.795023 -0.307456 0.685042 0.436311 0.495803
1413394963155760384 0.421582 0.522546 0.793909 -0.333095 0.652838 0.425487 0.530860
1413394963255760384 0.357353 0.498961 0.776914 -0.348972 0.635593 0.418727 0.546725
1413394963355760384 0.285073 0.466385 0.741603 -0.335997 0.650617 0.431973 0.526501
1413394963455760384 0.210967 0.428019 0.693624 -0.308370 0.680485 0.453410 0.486073
1413394963555760384 0.135496 0.390983 0.641836 -0.281743 0.704273 0.470257 0.451086
1413394963655760384 0.063567 0.366039 0.598810 -0.277397 0.706443 0.471298 0.449297
1413394963755760384 -0.004379 0.356025 0.567252 -0.297461 0.683484 0.456449 0.485820
1413394963855760384 -0.073434 0.346533 0.537733 -0.326312 0.657014 0.433691 0.523226
1413394963955760384 -0.149918 0.331436 0.500521 -0.337870 0.660187 0.422885 0.520735
1413394964055760384 -0.230311 0.309702 0.458188 -0.316075 0.687527 0.435381 0.487695
1413394964155760384 -0.312706 0.287919 0.418886 -0.286355 0.714353 0.451750 0.451246
1413394964255760384 -0.390581 0.276131 0.392166 -0.271279 0.720138 0.458712 0.444289
1413394964355760384 -0.463634 0.280826 0.380510 -0.285304 0.700428 0.448999 0.475817
1413394964455760384 -0.537178 0.289806 0.374367 -0.319612 0.671873 0.424951 0.515608
1413394964555760384 -0.614704 0.293878 0.365886 -0.344321 0.660112 0.407493 0.528814
1413394964655760384 -0.694527 0.288508 0.351828 -0.343528 0.684780 0.410738 0.494328
1413394964755760384 -0.770096 0.277865 0.340722 -0.324648 0.718694 0.424711 0.444638
1413394964855760384 -0.836025 0.269792 0.336350 -0.306003 0.744647 0.434165 0.404183
1413394964955760384 -0.882023 0.273988 0.339679 -0.302358 0.761771 0.430680 0.377889
1413394965055760384 -0.903594 0.295704 0.356079 -0.310038 0.750662 0.423835 0.400933
1413394965155760384 -0.910296 0.329789 0.382135 -0.327694 0.712250 0.418714 0.458252
1413394965255760384 -0.918659 0.364161 0.410087 -0.354136 0.670341 0.415117 0.502900
1413394965355760384 -0.927250 0.391089 0.434104 -0.360611 0.647360 0.434442 0.512001
1413394965455760384 -0.939061 0.408642 0.453062 -0.355029 0.643543 0.467885 0.490806
1413394965555760384 -0.954486 0.420011 0.476447 -0.364419 0.632694 0.493102 0.473019
1413394965655760384 -0.972869 0.426514 0.506722 -0.401362 0.607307 0.503147 0.465758
1413394965755760384 -0.991685 0.423204 0.536713 -0.435774 0.577880 0.517204 0.456788
1413394965855760384 -1.009198 0.406492 0.551850 -0.439190 0.560177 0.552249 0.433977
1413394965955760384 -1.027998 0.381096 0.558982 -0.443246 0.538142 0.582292 0.418177
1413394966055760384 -1.047464 0.349063 0.564127 -0.476369 0.504046 0.586669 0.418126
1413394966155760384 -1.061724 0.302327 0.557151 -0.497458 0.481037 0.596631 0.406413
1413394966255760384 -1.078170 0.241866 0.538024 -0.481426 0.482230 0.632276 0.368660
1413394966355760384 -1.094132 0.167972 0.511348 -0.442927 0.493414 0.678875 0.315416
1413394966455760384 -1.112987 0.100475 0.483491 -0.410178 0.497331 0.715549 0.269084
1413394966555760384 -1.139343 0.056931 0.468604 -0.421605 0.480400 0.724333 0.258471
1413394966655760384 -1.172218 0.039705 0.465041 -0.468218 0.447596 0.709746 0.276931
1413394966755760384 -1.208498 0.029641 0.465593 0.520578 -0.410365 -0.687114 -0.297444
1413394966855760384 -1.240749 0.013891 0.461059 0.552286 -0.383877 -0.676918 -0.298999
1413394966955760384 -1.266597 -0.009817 0.451318 0.544829 -0.370862 -0.697148 -0.282147
1413394967055760384 -1.289083 -0.038778 0.440863 0.511571 -0.364867 -0.735576 -0.253169
1413394967155760384 -1.313242 -0.066646 0.434790 -0.484407 0.352451 0.767211 0.229163
1413394967255760384 -1.345716 -0.088029 0.442252 0.502088 -0.328272 -0.768986 -0.220919
1413394967355760384 -1.387284 -0.106352 0.459592 0.548492 -0.297212 -0.749390 -0.221892
1413394967455760384 -1.427297 -0.133282 0.480080 0.597106 -0.266684 -0.723671 -0.220556
1413394967555760384 -1.457493 -0.171089 0.495484 0.607712 -0.251797 -0.727031 -0.196750
1413394967655760384 -1.474299 -0.212925 0.507935 0.571945 -0.241820 -0.765703 -0.167633
1413394967755760384 -1.484731 -0.257280 0.524825 0.541297 -0.227202 -0.796730 -0.143523
1413394967855760384 -1.496697 -0.298986 0.553802 0.551430 -0.202416 -0.798641 -0.130859
1413394967955760384 -1.513287 -0.339114 0.589358 0.585001 -0.170126 -0.783506 -0.122272
1413394968055760384 -1.526863 -0.382435 0.623231 0.600959 -0.140361 -0.779564 -0.106896
1413394968155760384 -1.530557 -0.427604 0.640511 0.578047 -0.120697 -0.802553 -0.084863
1413394968255760384 -1.534574 -0.470042 0.645737 0.552861 -0.107858 -0.823505 -0.067452
1413394968355760384 -1.541159 -0.507774 0.645459 0.550619 -0.093831 -0.827471 -0.057505
1413394968455760384 -1.553046 -0.543416 0.636992 0.556493 -0.077564 -0.825879 -0.047146
1413394968555760384 -1.568814 -0.576521 0.625404 0.557015 -0.063391 -0.827375 -0.034153
1413394968655760384 -1.591329 -0.608846 0.614612 0.547266 -0.052820 -0.834835 -0.027587
1413394968755760384 -1.620303 -0.638209 0.608884 0.545617 -0.036317 -0.836429 -0.037015
1413394968855760384 -1.659972 -0.670418 0.605497 0.552985 -0.027023 -0.831636 -0.043115
1413394968955760384 -1.708135 -0.705691 0.605050 0.565367 -0.027179 -0.823735 -0.032892
1413394969055760384 -1.759051 -0.745478 0.608186 0.581211 -0.023998 -0.813219 -0.017088
1413394969155760384 -1.811515 -0.785582 0.606554 0.591223 -0.016274 -0.806341 -0.002277
1413394969255760384 -1.860759 -0.823688 0.587600 0.600054 -0.007709 -0.799893 0.006871
1413394969355760384 -1.904705 -0.858606 0.553426 0.610245 -0.001190 -0.792110 0.012707
1413394969455760384 -1.937180 -0.888460 0.510264 0.621533 0.006225 -0.783278 0.011561
1413394969555760384 -1.956760 -0.916236 0.464545 0.615140 0.018143 -0.788204 -0.002772
1413394969655760384 -1.966906 -0.947894 0.419770 0.594571 0.029830 -0.803197 -0.021682
1413394969755760384 -1.973655 -0.987500 0.381243 0.579875 0.040652 -0.812642 -0.041291
1413394969855760384 -1.980995 -1.039725 0.346963 0.570960 0.043527 -0.818381 -0.048614
1413394969955760384 -1.990863 -1.105311 0.318631 0.560408 0.031025 -0.826852 -0.036001
1413394970055760384 -2.004626 -1.179365 0.303488 0.551623 0.016993 -0.833650 -0.021224
1413394970155760384 -2.026807 -1.258804 0.309330 0.547924 0.006891 -0.836438 -0.010170
1413394970255760384 -2.058012 -1.338928 0.329474 0.559602 0.001953 -0.828752 -0.003510
1413394970355760384 -2.094323 -1.416859 0.348125 0.588673 -0.006882 -0.808284 0.009701
1413394970455760384 -2.130791 -1.493862 0.355458 0.617051 -0.020621 -0.786087 0.029845
1413394970555760384 -2.159251 -1.562274 0.348955 0.625628 -0.033042 -0.777809 0.050109
1413394970655760384 -2.176615 -1.618198 0.333522 0.625942 -0.047035 -0.775100 0.072147
1413394970755760384 -2.182663 -1.658019 0.316539 0.632255 -0.047093 -0.770162 0.069908
1413394970855760384 -2.177120 -1.679762 0.300905 0.620969 -0.025841 -0.782576 0.036116
1413394970955760384 -2.159803 -1.692205 0.289012 0.594470 -0.006062 -0.804088 0.003328
1413394971055760384 -2.139560 -1.701840 0.294594 0.576150 0.004997 -0.817124 -0.018279
1413394971155760384 -2.120618 -1.719053 0.312029 0.559339 0.003404 -0.828621 -0.022707
1413394971255760384 -2.108077 -1.740047 0.329884 0.535526 -0.002154 -0.844274 -0.020212
1413394971355760384 -2.107382 -1.762215 0.340765 0.510503 -0.006691 -0.859666 -0.017770
1413394971455760384 -2.121329 -1.788280 0.345440 -0.492294 0.010527 0.870239 0.014836
1413394971555760384 -2.159382 -1.815822 0.351947 -0.486089 0.022103 0.873626 0.002579
1413394971655760384 -2.221093 -1.840472 0.366750 0.506921 -0.034968 -0.861184 0.013034
1413394971755760384 -2.295510 -1.857226 0.384336 0.542288 -0.047853 -0.838540 0.022006
1413394971855760384 -2.380312 -1.862999 0.403833 0.574989 -0.061246 -0.815587 0.021323
1413394971955760384 -2.464309 -1.855582 0.423206 0.604373 -0.079112 -0.792596 0.016316
1413394972055760384 -2.540121 -1.835819 0.435176 0.623844 -0.097806 -0.775403 -0.001538
1413394972155760384 -2.603412 -1.806470 0.435728 0.633842 -0.124576 -0.762986 -0.024051
1413394972255760384 -2.649236 -1.767600 0.424717 0.636677 -0.157724 -0.753140 -0.050461
1413394972355760384 -2.676661 -1.721773 0.407776 0.634310 -0.195666 -0.743593 -0.080217
1413394972455760384 -2.685756 -1.669855 0.384497 0.623272 -0.239431 -0.736476 -0.108668
1413394972555760384 -2.677667 -1.612814 0.355348 0.594522 -0.285328 -0.738991 -0.137928
1413394972655760384 -2.653079 -1.552163 0.329460 0.561412 -0.327050 -0.739903 -0.174354
1413394972755760384 -2.621928 -1.484925 0.310921 0.532674 -0.358096 -0.733443 -0.223800
1413394972855760384 -2.588884 -1.415427 0.300258 0.508311 -0.384700 -0.719877 -0.274595
1413394972955760384 -2.558108 -1.347958 0.293030 -0.489301 0.414923 0.699219 0.315463
1413394973055760384 -2.532184 -1.284725 0.286691 -0.471895 0.451344 0.675025 0.343430
1413394973155760384 -2.510491 -1.225331 0.280256 -0.455409 0.490802 0.648229 0.362650
1413394973255760384 -2.490986 -1.169662 0.272070 -0.439067 0.532062 0.619417 0.374771
1413394973355760384 -2.472557 -1.114729 0.265739 -0.421719 0.569026 0.588948 0.389233
1413394973455760384 -2.454173 -1.059296 0.260892 -0.403443 0.601130 0.556563 0.407571
1413394973555760384 -2.432498 -1.003815 0.259166 -0.383073 0.631384 0.522904 0.425652
1413394973655760384 -2.412435 -0.945755 0.259233 -0.357135 0.659326 0.490541 0.443974
1413394973755760384 -2.390821 -0.887079 0.262854 -0.331790 0.680944 0.455354 0.467850
1413394973855760384 -2.369763 -0.827120 0.264267 -0.309288 0.701938 0.416332 0.488152
1413394973955760384 -2.346759 -0.769950 0.267142 -0.286076 0.723062 0.377174 0.503071
1413394974055760384 -2.321971 -0.716338 0.273263 -0.262949 0.741455 0.337491 0.516916
1413394974155760384 -2.296558 -0.665563 0.281844 -0.241590 0.757929 0.296038 0.528715
1413394974255760384 -2.268939 -0.619294 0.291993 -0.221718 0.772700 0.252570 0.538502
1413394974355760384 -2.238257 -0.574027 0.303278 -0.200567 0.787630 0.209603 0.543580
1413394974455760384 -2.202009 -0.533861 0.315834 -0.178663 0.800623 0.167539 0.546821
1413394974555760384 -2.160977 -0.501674 0.330299 -0.155281 0.809251 0.127135 0.552121
1413394974655760384 -2.114171 -0.476040 0.347163 -0.128138 0.808138 0.091933 0.567488
1413394974755760384 -2.066534 -0.460629 0.362840 -0.098178 0.807874 0.062099 0.577793
1413394974855760384 -2.021074 -0.455568 0.374709 -0.068270 0.810964 0.036246 0.579968
1413394974955760384 -1.978581 -0.456559 0.376400 -0.036315 0.814364 0.015188 0.579018
1413394975055760384 -1.939748 -0.461335 0.364484 -0.009713 0.812673 -0.004068 0.582624
1413394975155760384 -1.906683 -0.468669 0.339701 0.011896 0.803840 -0.021418 0.594341
1413394975255760384 -1.879720 -0.476328 0.303530 0.026342 0.795984 -0.040171 0.603408
1413394975355760384 -1.859279 -0.482053 0.262476 0.040152 0.792191 -0.056873 0.606289
1413394975455760384 -1.839874 -0.484089 0.222979 0.055058 0.795200 -0.070399 0.599725
1413394975555760384 -1.822955 -0.481835 0.186613 0.068474 0.802055 -0.081071 0.587747
1413394975655760384 -1.807197 -0.475188 0.154445 0.076154 0.809181 -0.088800 0.575797
1413394975755760384 -1.790237 -0.463217 0.129172 0.080365 0.813696 -0.093536 0.568059
1413394975855760384 -1.769949 -0.447854 0.110599 0.080926 0.815915 -0.096120 0.564353
1413394975955760384 -1.746149 -0.429908 0.101589 0.084152 0.808522 -0.093777 0.574818
1413394976055760384 -1.723752 -0.408680 0.095713 0.084154 0.797125 -0.091678 0.590851
1413394976155760384 -1.702109 -0.382525 0.089799 0.084938 0.792800 -0.088805 0.596965
1413394976255760384 -1.684999 -0.354149 0.083841 0.085425 0.793870 -0.086318 0.595838
1413394976355760384 -1.673034 -0.321260 0.077992 0.086426 0.791814 -0.083236 0.598860
1413394976455760384 -1.666297 -0.282302 0.072502 0.087466 0.782569 -0.081015 0.611042
1413394976605760512 -1.673865 -0.213648 0.068944 0.084715 0.766205 -0.080997 0.631817
1413394976705760512 -1.694348 -0.161287 0.066413 0.072175 0.762563 -0.088673 0.636731
1413394976755760384 -1.710655 -0.133486 0.065140 0.062613 0.767622 -0.095001 0.630722
1413394976855760384 -1.752462 -0.078331 0.062493 0.044458 0.787477 -0.108869 0.605022
1413394976955760384 -1.801094 -0.026969 0.059542 0.026365 0.817989 -0.125642 0.560725
1413394977105760512 -1.865715 0.027221 0.065209 0.008930 0.852806 -0.151232 0.499771
1413394977155760384 -1.879905 0.037593 0.070830 0.005254 0.861493 -0.159226 0.482130
1413394977305760512 -1.887110 0.030960 0.100178 0.018719 0.877258 -0.162895 0.451148
1413394977405760512 -1.859253 -0.000328 0.136155 0.051573 0.879987 -0.142197 0.450271
1413394977505760512 -1.800936 -0.042176 0.178872 0.074709 0.880038 -0.126811 0.451520
1413394977605760512 -1.712909 -0.089431 0.225588 0.082865 0.878686 -0.122677 0.453867
1413394977705760512 -1.597741 -0.140041 0.274037 0.086475 0.876803 -0.121457 0.457151
1413394977805760512 -1.454795 -0.193309 0.328685 0.091613 0.868544 -0.117702 0.472636
1413394977905760512 -1.287562 -0.247824 0.386753 0.098843 0.851325 -0.112344 0.502847
1413394978005760512 -1.105805 -0.299135 0.442469 0.106820 0.832240 -0.106833 0.533434
1413394978105760512 -0.916922 -0.343541 0.495684 0.114346 0.816646 -0.101563 0.556507
1413394978155760384 -0.820351 -0.362707 0.519558 0.117931 0.812178 -0.099050 0.562715
1413394978255760384 -0.628435 -0.395641 0.558070 0.121653 0.807413 -0.096124 0.569249
1413394978355760384 -0.437652 -0.419978 0.585337 0.122955 0.806531 -0.094355 0.570514
1413394978455760384 -0.248474 -0.438103 0.601578 0.120762 0.806404 -0.093552 0.571295
1413394978555760384 -0.059812 -0.447399 0.607861 0.113336 0.806720 -0.095883 0.571983
1413394978655760384 0.128282 -0.448174 0.616765 0.101024 0.806506 -0.101846 0.573559
1413394978755760384 0.314851 -0.441894 0.627066 0.084907 0.805355 -0.110966 0.576091
1413394978855760384 0.498819 -0.433176 0.641598 0.074406 0.803800 -0.118191 0.578273
1413394978955760384 0.679384 -0.424034 0.656982 0.069963 0.801021 -0.122996 0.581672
1413394979055760384 0.854675 -0.417763 0.668657 0.070611 0.791135 -0.126160 0.594309
1413394979155760384 1.022472 -0.413372 0.671496 0.069915 0.776144 -0.129569 0.613126
1413394979255760384 1.179422 -0.409181 0.664157 0.063530 0.757851 -0.135507 0.635031
1413394979355760384 1.320716 -0.406461 0.651398 0.053290 0.739667 -0.141635 0.655738
1413394979455760384 1.439197 -0.407266 0.642743 0.043781 0.718974 -0.143955 0.678554
1413394979555760384 1.523523 -0.412151 0.644823 0.041912 0.697997 -0.139988 0.701033
1413394979655760384 1.569742 -0.421811 0.659165 0.046981 0.686865 -0.130855 0.713362
1413394979755760384 1.571649 -0.432553 0.683957 0.059351 0.697982 -0.118552 0.703735
1413394979855760384 1.534437 -0.441255 0.715403 0.086267 0.738058 -0.103916 0.661082
1413394979955760384 1.474298 -0.443182 0.754704 0.110998 0.774808 -0.094155 0.615213
1413394980055760384 1.406600 -0.434692 0.794123 0.122684 0.792801 -0.093149 0.589694
1413394980155760384 1.338267 -0.414365 0.827043 0.128755 0.791601 -0.094442 0.589805
1413394980255760384 1.264163 -0.380846 0.849048 0.127973 0.782556 -0.098329 0.601299
1413394980355760384 1.192722 -0.342054 0.863527 0.122392 0.775244 -0.104629 0.610795
1413394980455760384 1.106832 -0.286675 0.861572 0.118330 0.778558 -0.109827 0.606451
1413394980555760384 1.018302 -0.222764 0.856368 0.105105 0.787842 -0.120883 0.594681
1413394980655760384 0.921670 -0.154071 0.853421 0.092320 0.795815 -0.129756 0.584225
1413394980755760384 0.826161 -0.086269 0.855134 0.085096 0.799886 -0.133443 0.578908
1413394980855760384 0.731342 -0.020376 0.855374 0.079428 0.802265 -0.134439 0.576184
1413394980955760384 0.642624 0.043897 0.860908 0.077520 0.803262 -0.135242 0.574865
1413394981055760384 0.558205 0.102792 0.860841 0.072161 0.804246 -0.138487 0.573413
1413394981155760384 0.475349 0.155398 0.852982 0.065003 0.804764 -0.143119 0.572404
1413394981255760384 0.392001 0.201882 0.835601 0.059401 0.805919 -0.147175 0.570355
1413394981355760384 0.311457 0.240516 0.811037 0.062214 0.806774 -0.146765 0.568951
1413394981455760384 0.234511 0.270766 0.787697 0.075922 0.808269 -0.140809 0.566665
1413394981555760384 0.162007 0.297158 0.767461 0.085600 0.808747 -0.138421 0.565191
1413394981655760384 0.092642 0.321687 0.748222 0.087672 0.812449 -0.141658 0.558725
1413394981755760384 0.026914 0.343796 0.728459 0.090217 0.816124 -0.149561 0.550848
1413394981855760384 -0.033129 0.362408 0.709248 0.089521 0.816684 -0.165316 0.545604
1413394981955760384 -0.086897 0.373885 0.693402 0.090232 0.813674 -0.183999 0.544001
1413394982055760384 -0.131651 0.376875 0.681300 0.092092 0.807737 -0.206950 0.544290
1413394982155760384 -0.168345 0.369022 0.674021 0.095210 0.796693 -0.233209 0.549389
1413394982255760384 -0.201353 0.350545 0.670598 0.099177 0.783680 -0.262715 0.554066
1413394982355760384 -0.236045 0.319453 0.669864 0.109261 0.772273 -0.290994 0.554056
1413394982455760384 -0.279605 0.274672 0.673032 0.124340 0.759723 -0.318749 0.552955
1413394982555760384 -0.331175 0.215428 0.681923 0.140874 0.747181 -0.346533 0.549353
1413394982655760384 -0.390102 0.142713 0.695535 0.158679 0.733100 -0.373227 0.545974
1413394982755760384 -0.458042 0.057039 0.712622 0.179330 0.720748 -0.395831 0.540075
1413394982855760384 -0.534052 -0.040168 0.731747 0.203636 0.708366 -0.415721 0.532847
1413394983005760512 -0.660019 -0.202808 0.762648 0.240278 0.693020 -0.438670 0.519191
1413394983105760512 -0.750518 -0.318507 0.784887 0.262000 0.687298 -0.445407 0.510480
1413394983205760512 -0.843006 -0.437707 0.808100 0.278262 0.683754 -0.447148 0.505083
1413394983305760512 -0.937329 -0.558649 0.831128 0.287629 0.681289 -0.447200 0.503117
1413394983405760512 -1.030491 -0.680500 0.853315 0.297539 0.683538 -0.441667 0.499176
1413394983505760512 -1.122352 -0.800804 0.876199 0.311537 0.692119 -0.429263 0.489539
1413394983605760512 -1.210246 -0.917260 0.892166 0.320391 0.698600 -0.418765 0.483677
1413394983705760512 -1.292073 -1.029801 0.896618 0.327495 0.702801 -0.409044 0.481145
1413394983805760512 -1.366393 -1.136990 0.888733 0.333336 0.705470 -0.401410 0.479655
1413394983905760512 -1.431660 -1.238648 0.868739 0.333530 0.706138 -0.399322 0.480280
1413394984005760512 -1.486380 -1.334346 0.836507 0.331787 0.706429 -0.398547 0.481701
1413394984105760512 -1.530431 -1.424128 0.799380 0.327619 0.708985 -0.394072 0.484473
1413394984205760512 -1.565586 -1.507623 0.763702 0.321745 0.713984 -0.386570 0.487105
1413394984305760512 -1.594340 -1.584723 0.731440 0.314741 0.720302 -0.381448 0.486416
1413394984405760512 -1.614427 -1.656555 0.702347 0.307324 0.727270 -0.379197 0.482535
1413394984505760512 -1.621832 -1.726387 0.675482 0.300041 0.734970 -0.374168 0.479367
1413394984605760512 -1.615939 -1.787041 0.652586 0.291118 0.742553 -0.365031 0.480226
1413394984705760512 -1.597399 -1.847080 0.633912 0.280413 0.750904 -0.351609 0.483614
1413394984805760512 -1.565026 -1.902577 0.618276 0.268340 0.760184 -0.335991 0.487057
1413394984905760512 -1.522873 -1.953627 0.605529 0.251308 0.766505 -0.320817 0.496378
1413394985005760512 -1.475083 -2.004025 0.597318 0.237787 0.771705 -0.299752 0.508013
1413394985105760512 -1.420368 -2.055675 0.593808 0.228021 0.777476 -0.279190 0.515356
1413394985205760512 -1.359198 -2.103062 0.594537 0.220078 0.782375 -0.265634 0.518550
1413394985305760512 -1.289398 -2.143722 0.604286 0.208723 0.785306 -0.261107 0.521106
1413394985405760512 -1.212141 -2.179803 0.627206 0.180224 0.783707 -0.273254 0.527878
1413394985505760512 -1.130755 -2.220177 0.663531 0.153076 0.782071 -0.286885 0.531630
1413394985605760512 -1.047833 -2.272017 0.718700 0.154476 0.781575 -0.282405 0.534345
1413394985705760512 -0.964288 -2.331451 0.777759 0.173646 0.785982 -0.266233 0.530282
1413394985805760512 -0.878874 -2.391509 0.826245 0.192407 0.789419 -0.251297 0.525972
1413394985905760512 -0.787800 -2.448951 0.858078 0.203258 0.790887 -0.243331 0.523426
1413394986005760512 -0.691524 -2.501772 0.876777 0.207591 0.790685 -0.241561 0.522849
1413394986105760512 -0.589781 -2.548471 0.890785 0.209768 0.789293 -0.242318 0.523732
1413394986205760512 -0.482026 -2.589553 0.905951 0.196816 0.785131 -0.254663 0.529130
1413394986305760512 -0.368829 -2.629358 0.925350 0.177293 0.779867 -0.271196 0.535563
1413394986405760512 -0.253374 -2.671566 0.949095 0.165711 0.776450 -0.281299 0.539014
1413394986505760512 -0.137712 -2.717971 0.978497 0.167387 0.775789 -0.281721 0.539227
1413394986605760512 -0.022570 -2.768452 1.011612 0.182516 0.779012 -0.272122 0.534582
1413394986705760512 0.094416 -2.821221 1.043585 0.200555 0.784064 -0.258994 0.527204
1413394986805760512 0.215469 -2.871897 1.074526 0.213118 0.785375 -0.249845 0.524732
1413394986905760512 0.342912 -2.918556 1.105208 0.211215 0.781027 -0.252195 0.530831
1413394987005760512 0.472959 -2.959705 1.130527 0.199589 0.773531 -0.261996 0.541454
1413394987105760512 0.602273 -2.997373 1.143077 0.183138 0.767279 -0.274887 0.549710
1413394987205760512 0.730360 -3.035864 1.143630 0.173416 0.762724 -0.282657 0.555234
1413394987305760512 0.855194 -3.076462 1.138413 0.182879 0.760265 -0.277345 0.558240
1413394987405760512 0.978115 -3.116994 1.131613 0.208365 0.760451 -0.260010 0.557398
1413394987505760512 1.100006 -3.152258 1.128045 0.228426 0.759650 -0.245896 0.557036
1413394987605760512 1.221220 -3.176768 1.127903 0.238827 0.756803 -0.237936 0.559998
1413394987705760512 1.342323 -3.188752 1.132412 0.244680 0.750928 -0.233033 0.567393
1413394987805760512 1.463504 -3.185420 1.143751 0.247381 0.744274 -0.230722 0.575870
1413394987905760512 1.579411 -3.164371 1.157226 0.250514 0.740150 -0.229352 0.580360
1413394988005760512 1.690969 -3.125687 1.179672 0.251737 0.734564 -0.229304 0.586910
1413394988105760512 1.796406 -3.069256 1.203489 0.246932 0.728189 -0.233654 0.595123
1413394988205760512 1.892379 -2.995063 1.226021 0.231428 0.725346 -0.245433 0.600064
1413394988305760512 1.976889 -2.908595 1.248584 0.210511 0.720364 -0.266895 0.604588
1413394988405760512 2.048400 -2.817253 1.266642 0.192519 0.713893 -0.297332 0.604059
1413394988505760512 2.101705 -2.725051 1.276251 0.185876 0.705511 -0.332512 0.597612
1413394988605760512 2.135819 -2.635026 1.280801 0.197410 0.695587 -0.366987 0.585243
1413394988705760512 2.153450 -2.548516 1.278378 0.225190 0.687741 -0.393335 0.567088
1413394988805760512 2.157353 -2.463184 1.271441 0.256946 0.679795 -0.409402 0.551587
1413394988905760512 2.156761 -2.378095 1.258595 0.284661 0.671617 -0.417748 0.541650
1413394989005760512 2.138375 -2.285704 1.241650 0.305960 0.668407 -0.420554 0.531747
1413394989105760512 2.112013 -2.187723 1.224870 0.318419 0.671372 -0.422327 0.519143
1413394989205760512 2.073437 -2.085253 1.208735 0.321854 0.675785 -0.424252 0.509641
1413394989305760512 2.046231 -1.980408 1.195276 0.317575 0.678345 -0.427480 0.506216
1413394989405760512 2.017515 -1.871928 1.183995 0.308683 0.679569 -0.431192 0.506926
1413394989505760512 1.986139 -1.762560 1.172417 0.300017 0.680352 -0.433481 0.509122
1413394989605760512 1.953260 -1.651373 1.156345 0.290678 0.681689 -0.435672 0.510878
1413394989705760512 1.918345 -1.539879 1.132335 0.277696 0.685648 -0.434393 0.513882
1413394989805760512 1.884136 -1.432995 1.097162 0.256399 0.694528 -0.426679 0.519457
1413394989905760512 1.850350 -1.331037 1.053096 0.227798 0.711390 -0.411818 0.521956
1413394990005760512 1.815522 -1.236780 1.005122 0.206858 0.733130 -0.380494 0.524361
1413394990105760512 1.779251 -1.150726 0.952079 0.193633 0.755593 -0.335652 0.528131
1413394990205760512 1.742987 -1.071446 0.890634 0.178476 0.776244 -0.287556 0.531887
1413394990355760384 1.697429 -0.960522 0.794989 0.153436 0.801214 -0.214318 0.537198
1413394990405760512 1.682775 -0.924601 0.763938 0.144027 0.808338 -0.193238 0.537127
1413394990505760512 1.660380 -0.857671 0.702793 0.124339 0.817161 -0.163410 0.538595
1413394990605760512 1.644309 -0.793878 0.645168 0.105587 0.822042 -0.147615 0.539730
1413394990705760512 1.635109 -0.727596 0.590736 0.094903 0.825006 -0.137996 0.539736
1413394990805760512 1.635340 -0.663423 0.540512 0.089524 0.825490 -0.134423 0.540816
1413394990905760512 1.644434 -0.601406 0.494005 0.088981 0.825417 -0.134211 0.541070
1413394991005760512 1.657914 -0.539823 0.451220 0.091010 0.824314 -0.136444 0.541855
1413394991105760512 1.679384 -0.475255 0.410692 0.091983 0.822610 -0.141805 0.542902
1413394991205760512 1.708765 -0.414470 0.376209 0.090654 0.818743 -0.150043 0.546744
1413394991305760512 1.746391 -0.362622 0.346165 0.092283 0.815842 -0.163479 0.546955
1413394991405760512 1.789431 -0.319144 0.319684 0.099580 0.812067 -0.182087 0.545412
1413394991505760512 1.837648 -0.285771 0.297091 0.111709 0.805962 -0.204077 0.544333
1413394991605760512 1.886761 -0.256829 0.277292 0.128303 0.798492 -0.226868 0.542660
1413394991705760512 1.937155 -0.237354 0.263948 0.150853 0.787717 -0.244601 0.544900
1413394991805760512 1.987712 -0.222136 0.253942 0.170044 0.772513 -0.258520 0.554506
1413394991905760512 2.038238 -0.206215 0.243552 0.179457 0.758358 -0.270868 0.565083
1413394992005760512 2.087103 -0.189159 0.232229 0.183484 0.748733 -0.283381 0.570463
1413394992105760512 2.130303 -0.173255 0.219281 0.181238 0.743448 -0.301570 0.568765
1413394992205760512 2.164694 -0.160500 0.208415 0.178209 0.741207 -0.322923 0.560869
1413394992305760512 2.190456 -0.153690 0.201921 0.184499 0.738747 -0.340375 0.551686
1413394992405760512 2.208666 -0.154048 0.200426 0.203400 0.735288 -0.352015 0.542278
1413394992505760512 2.220303 -0.158895 0.203937 0.232020 0.734626 -0.355665 0.529144
1413394992605760512 2.231752 -0.163975 0.209167 0.257609 0.733347 -0.355190 0.519307
1413394992705760512 2.245349 -0.167727 0.215167 0.265238 0.725930 -0.360722 0.522067
1413394992805760512 2.260441 -0.170091 0.220103 0.261410 0.716526 -0.374315 0.527393
1413394992905760512 2.274741 -0.172464 0.224359 0.256610 0.708740 -0.389921 0.528962
1413394993005760512 2.286187 -0.174836 0.224547 0.255391 0.705098 -0.399832 0.527016
1413394993105760512 2.293613 -0.179429 0.214373 0.261267 0.705377 -0.401596 0.522401
1413394993205760512 2.298788 -0.185666 0.192208 0.268315 0.708265 -0.399590 0.516425
1413394993305760512 2.299532 -0.192065 0.160872 0.278219 0.711861 -0.393678 0.510750
1413394993405760512 2.302651 -0.196723 0.127464 0.286551 0.715702 -0.386806 0.506005
1413394993505760512 2.307452 -0.199491 0.094741 0.291769 0.718517 -0.381337 0.503176
1413394993605760512 2.317570 -0.199653 0.065074 0.292320 0.719341 -0.378867 0.503545
1413394993705760512 2.330538 -0.197606 0.033436 0.289141 0.716421 -0.384472 0.505293
1413394993805760512 2.345444 -0.193976 -0.002299 0.285920 0.708136 -0.399720 0.506968
1413394993905760512 2.359792 -0.192618 -0.048149 0.286424 0.695748 -0.422048 0.505738
1413394994005760512 2.372113 -0.192114 -0.098801 0.289920 0.679438 -0.448562 0.503092
1413394994105760512 2.378866 -0.192072 -0.145894 0.300166 0.662407 -0.473868 0.496554
1413394994205760512 2.377529 -0.192080 -0.179161 0.318106 0.644383 -0.495758 0.487652
1413394994305760512 2.368816 -0.192279 -0.201576 0.341488 0.628673 -0.514284 0.472936
1413394994405760512 2.356724 -0.191682 -0.215430 0.367381 0.618145 -0.528638 0.451077
1413394994505760512 2.345045 -0.190434 -0.219486 0.390548 0.610326 -0.536963 0.432024
1413394994605760512 2.338219 -0.188195 -0.214502 0.405923 0.603592 -0.542965 0.419633
1413394994705760512 2.338366 -0.185878 -0.198366 0.416162 0.598499 -0.546073 0.412811
1413394994805760512 2.348195 -0.184395 -0.171614 0.423279 0.592579 -0.546826 0.413118
1413394994905760512 2.365487 -0.180890 -0.145005 0.423419 0.587505 -0.548576 0.417873
1413394995005760512 2.387739 -0.176825 -0.128725 0.420111 0.584467 -0.550035 0.423517
1413394995105760512 2.413491 -0.169687 -0.135794 0.408990 0.578436 -0.555828 0.434965
1413394995205760512 2.440092 -0.161682 -0.161864 0.391301 0.576050 -0.565626 0.441720
1413394995305760512 2.463851 -0.152690 -0.201087 0.376620 0.584169 -0.573658 0.433383
1413394995405760512 2.481123 -0.143017 -0.243557 0.368147 0.593542 -0.577928 0.422108
1413394995505760512 2.493895 -0.138434 -0.285035 0.366960 0.599605 -0.577996 0.414409
1413394995605760512 2.503463 -0.141670 -0.325680 0.369250 0.601645 -0.576259 0.411828
1413394995705760512 2.506078 -0.150430 -0.361750 0.376759 0.597544 -0.570283 0.419251
1413394995805760512 2.511827 -0.161109 -0.390627 0.384448 0.590211 -0.564701 0.430073
1413394995905760512 2.517466 -0.170268 -0.416908 0.388620 0.584710 -0.561961 0.437365
1413394996005760512 2.522704 -0.178975 -0.457757 0.395830 0.585167 -0.559824 0.433007
1413394996105760512 2.525057 -0.173458 -0.440003 0.403232 0.579234 -0.554727 0.440647
1413394996205760512 2.523871 -0.167286 -0.450371 0.383247 0.583224 -0.565747 0.439206
1413394996305760512 2.530105 -0.164599 -0.447557 0.404998 0.584462 -0.547656 0.440969
1413394996405760512 2.526123 -0.165113 -0.452170 0.402175 0.585741 -0.549406 0.439676
1413394996505760512 2.526946 -0.163970 -0.452479 0.403009 0.589129 -0.548668 0.435287
1413394996605760512 2.527024 -0.162051 -0.454386 0.404335 0.586692 -0.547500 0.438804
1413394996705760512 2.527199 -0.162047 -0.455983 0.402782 0.587807 -0.548575 0.437396
1413394996805760512 2.527498 -0.161508 -0.456301 0.403443 0.587201 -0.548042 0.438268
1413394996905760512 2.527525 -0.161588 -0.456626 0.403109 0.587279 -0.548182 0.438295
1413394997005760512 2.527476 -0.161531 -0.456726 0.402865 0.587322 -0.548179 0.438466
1413394997105760512 2.527453 -0.161542 -0.456818 0.402903 0.587228 -0.548099 0.438657
1413394997205760512 2.527425 -0.161654 -0.456955 0.402543 0.587393 -0.548285 0.438535
1413394997305760512 2.527410 -0.161606 -0.456949 0.402473 0.587389 -0.548140 0.438785
1413394997405760512 2.527208 -0.161623 -0.457144 0.402421 0.587398 -0.548134 0.438829
1413394997505760512 2.527313 -0.161536 -0.457177 0.402411 0.587458 -0.548064 0.438845
1413394997605760512 2.527300 -0.161462 -0.457261 0.402348 0.587495 -0.548024 0.438902
1413394997705760512 2.527375 -0.161467 -0.457305 0.402237 0.587574 -0.548023 0.438900
1413394997805760512 2.527331 -0.161320 -0.457315 0.402280 0.587508 -0.548002 0.438975
1413394997905760512 2.527228 -0.161564 -0.457546 0.402158 0.587560 -0.548016 0.439000
1413394998005760512 2.527281 -0.161448 -0.457495 0.402082 0.587548 -0.548025 0.439074
1413394998105760512 2.527343 -0.161769 -0.457662 0.402017 0.587561 -0.547983 0.439168
1413394998205760512 2.527082 -0.161902 -0.457915 0.402016 0.587512 -0.547878 0.439365
1413394998305760512 2.527299 -0.161858 -0.457936 0.401954 0.587498 -0.547836 0.439494
