1403638523027829504 0.044345 0.000022 0.366341 -0.088674 0.813690 0.024147 0.573988
1403638523127829504 0.023446 0.011189 0.402027 -0.037041 0.799017 -0.004828 0.600147
1403638523227829504 0.022212 0.004128 0.405402 -0.037057 0.798342 -0.002388 0.601058
1403638523327829504 0.021893 -0.003354 0.381103 -0.032477 0.796781 -0.000095 0.603394
1403638523427829504 0.022774 -0.007910 0.341302 -0.028778 0.797667 0.000215 0.602411
1403638523527829504 0.019485 -0.014782 0.290511 -0.027541 0.804773 0.006548 0.592907
1403638523627829504 0.015169 -0.023766 0.238767 -0.019216 0.815552 0.009183 0.578291
1403638523727829504 0.010529 -0.030141 0.189020 -0.014075 0.822355 0.011402 0.568686
1403638523827829504 0.005766 -0.035916 0.143389 -0.012504 0.824636 0.014322 0.565344
1403638523927829504 -0.000399 -0.040891 0.103106 -0.007499 0.824155 0.020077 0.565959
1403638524027829504 -0.006761 -0.042974 0.076094 0.000743 0.825964 0.028048 0.563024
1403638524127829504 -0.011062 -0.043208 0.074100 0.002876 0.830728 0.036544 0.555471
1403638524227829504 -0.010076 -0.043651 0.102256 -0.005017 0.834519 0.041155 0.549417
1403638524327829504 -0.009721 -0.050191 0.157853 -0.012565 0.831428 0.040757 0.553993
1403638524427829504 -0.005077 -0.049131 0.216297 -0.021369 0.826688 0.038903 0.560907
1403638524527829504 0.000396 -0.047217 0.277698 -0.027131 0.818300 0.038934 0.572829
1403638524627829504 0.007465 -0.044048 0.335990 -0.027868 0.810062 0.035858 0.584583
1403638524727829504 0.015009 -0.039329 0.384060 -0.020216 0.804951 0.031658 0.592151
1403638524827829504 0.019984 -0.034680 0.417848 -0.011254 0.802363 0.028771 0.596037
1403638524927829504 0.023241 -0.030046 0.436906 -0.018343 0.801465 0.030733 0.596970
1403638525027829504 0.024573 -0.028105 0.436476 -0.024406 0.799571 0.035399 0.599030
1403638525127829504 0.026833 -0.026340 0.413226 -0.019092 0.797200 0.038693 0.602171
1403638525227829504 0.028791 -0.027872 0.372297 -0.018751 0.797820 0.044352 0.600970
1403638525327829504 0.028901 -0.029157 0.320561 -0.021775 0.804211 0.050555 0.591790
1403638525427829504 0.027481 -0.029603 0.266666 -0.026749 0.815900 0.053914 0.575052
1403638525527829504 0.026134 -0.031366 0.217540 -0.033646 0.827652 0.053233 0.557697
1403638525627829504 0.023210 -0.033397 0.174570 -0.036413 0.833757 0.050931 0.548570
1403638525727829504 0.021546 -0.034736 0.140173 -0.033570 0.834281 0.045737 0.548412
1403638525827829504 0.020286 -0.034550 0.114222 -0.029354 0.831141 0.039916 0.553849
1403638525927829504 0.018962 -0.035876 0.097261 -0.021445 0.828070 0.037818 0.558936
1403638526027829504 0.015907 -0.048102 0.090709 -0.015466 0.828334 0.037547 0.558761
1403638526127829504 0.010997 -0.075646 0.094301 -0.013401 0.831054 0.031571 0.555134
1403638526227829504 0.005994 -0.109897 0.104884 -0.011725 0.832219 0.022469 0.553867
1403638526327829504 -0.000485 -0.148692 0.118840 -0.009273 0.829438 0.014385 0.558336
1403638526427829504 -0.009734 -0.192177 0.132581 -0.006683 0.824618 0.004615 0.565632
1403638526527829504 -0.020950 -0.240294 0.143196 -0.005409 0.819656 -0.007275 0.572785
1403638526627829504 -0.032525 -0.295064 0.150685 -0.003684 0.814385 -0.016344 0.580083
1403638526727829504 -0.046810 -0.356451 0.156700 0.001684 0.810382 -0.023493 0.585428
1403638526827829504 -0.063572 -0.422389 0.161262 0.012452 0.808055 -0.027425 0.588337
1403638526927829504 -0.082655 -0.486148 0.165243 0.017084 0.809267 -0.031561 0.586344
1403638527027829504 -0.100428 -0.546748 0.168296 0.022852 0.813541 -0.041406 0.579582
1403638527127829504 -0.115446 -0.602843 0.172892 0.030452 0.817142 -0.056243 0.572877
1403638527227829504 -0.126027 -0.651098 0.179181 0.038285 0.816462 -0.070542 0.571794
1403638527327829504 -0.130687 -0.685334 0.185564 0.051679 0.812157 -0.081474 0.575407
1403638527427829504 -0.130821 -0.699780 0.190456 0.064877 0.807806 -0.087321 0.579324
1403638527527829504 -0.125763 -0.691753 0.192524 0.070318 0.806596 -0.089264 0.580078
1403638527627829504 -0.104694 -0.656769 0.189659 0.064638 0.809443 -0.084369 0.577500
1403638527727829504 -0.092156 -0.616507 0.189630 0.060534 0.810131 -0.077236 0.577977
1403638527827829504 -0.072712 -0.566317 0.190215 0.048236 0.813073 -0.069530 0.575979
1403638527927829504 -0.056284 -0.507694 0.194023 0.032939 0.815882 -0.064113 0.573708
1403638528027829504 -0.029651 -0.445854 0.195110 0.021593 0.816183 -0.054345 0.574826
1403638528127829504 -0.008777 -0.385864 0.194860 0.010024 0.815639 -0.044425 0.576766
1403638528227829504 0.011563 -0.331499 0.190616 -0.001748 0.816838 -0.034128 0.575854
1403638528327829504 0.037516 -0.286530 0.184801 -0.011956 0.817452 -0.024302 0.575360
1403638528427829504 0.068955 -0.254238 0.179263 -0.013759 0.815997 -0.018996 0.577581
1403638528527829504 0.104062 -0.230852 0.174731 -0.011472 0.816762 -0.019229 0.576540
1403638528627829504 0.139400 -0.213289 0.172608 -0.011389 0.819193 -0.026961 0.572770
1403638528727829504 0.172378 -0.200254 0.173350 -0.009148 0.819659 -0.033001 0.571827
1403638528827829504 0.195367 -0.191167 0.177899 -0.006535 0.818888 -0.039680 0.572543
1403638528927829504 0.201797 -0.183737 0.187279 -0.012154 0.818353 -0.048022 0.572578
1403638529027829504 0.192562 -0.171680 0.202491 -0.017332 0.819444 -0.052658 0.570472
1403638529127829504 0.168512 -0.160984 0.216707 -0.006302 0.820219 -0.049466 0.569872
1403638529227829504 0.135277 -0.144365 0.221924 0.009783 0.821484 -0.042556 0.568558
1403638529327829504 0.098338 -0.125096 0.217091 0.018146 0.824733 -0.037737 0.563970
1403638529427829504 0.064374 -0.102309 0.200247 0.020338 0.832572 -0.034162 0.552489
1403638529527829504 0.035301 -0.089498 0.179491 0.017254 0.843542 -0.032364 0.535810
1403638529627829504 0.012325 -0.076974 0.153108 0.018892 0.850860 -0.029247 0.524238
1403638529727829504 -0.001931 -0.067901 0.127998 0.019002 0.850829 -0.027384 0.524385
1403638529827829504 -0.010036 -0.061117 0.105733 0.017783 0.844728 -0.028383 0.534147
1403638529927829504 -0.010194 -0.054243 0.089032 0.017564 0.839809 -0.028742 0.541835
1403638530027829504 -0.008047 -0.057221 0.074308 0.018307 0.839200 -0.029199 0.542730
1403638530127829504 -0.001312 -0.054378 0.062646 0.019200 0.841325 -0.031886 0.539247
1403638530227829504 0.012666 -0.054799 0.052557 0.021635 0.841833 -0.037822 0.537976
1403638530327829504 0.025821 -0.056899 0.042949 0.023232 0.841177 -0.044216 0.538448
1403638530427829504 0.039483 -0.060474 0.033326 0.026730 0.840579 -0.048412 0.538859
1403638530527829504 0.049612 -0.064321 0.026657 0.024938 0.840301 -0.052733 0.538973
1403638530627829504 0.055442 -0.068535 0.021594 0.027222 0.841497 -0.055602 0.536703
1403638530727829504 0.058922 -0.071107 0.016457 0.027957 0.845311 -0.058015 0.530379
1403638530827829504 0.061453 -0.073115 0.011408 0.028359 0.847310 -0.058856 0.527066
1403638530927829504 0.063139 -0.074019 0.007917 0.026582 0.846232 -0.058586 0.528917
1403638531027829504 0.063976 -0.074034 0.005217 0.025694 0.843366 -0.058740 0.533501
1403638531127829504 0.063390 -0.072943 0.005038 0.028161 0.839693 -0.057497 0.539275
1403638531227829504 0.063965 -0.071705 0.004343 0.030246 0.839391 -0.054706 0.539922
1403638531327829504 0.063955 -0.070427 0.003494 0.030930 0.835870 -0.054913 0.545297
1403638531427829504 0.063964 -0.070522 0.003308 0.031380 0.836824 -0.054174 0.543881
1403638531527829504 0.063579 -0.070583 0.003415 0.030851 0.836059 -0.054664 0.545037
1403638531627829504 0.063536 -0.070686 0.003366 0.031535 0.836132 -0.053729 0.544979
1403638531727829504 0.063530 -0.070668 0.003319 0.031616 0.836209 -0.054302 0.544799
1403638531827829504 0.063600 -0.070687 0.003281 0.031735 0.836159 -0.054530 0.544846
1403638531927829504 0.063616 -0.070660 0.003246 0.031733 0.836083 -0.054785 0.544938
1403638532027829504 0.063652 -0.070668 0.003198 0.031871 0.836008 -0.055070 0.545016
1403638532127829504 0.063720 -0.070696 0.003174 0.031993 0.835947 -0.055245 0.545084
1403638532227829504 0.063657 -0.070736 0.003164 0.032259 0.835966 -0.055165 0.545048
1403638532327829504 0.063724 -0.070777 0.003166 0.032422 0.835897 -0.055174 0.545142
1403638532427829504 0.063705 -0.070820 0.003165 0.032527 0.835874 -0.055162 0.545172
1403638532527829504 0.063715 -0.070832 0.003159 0.032582 0.835845 -0.055232 0.545208
1403638532627829504 0.063737 -0.070853 0.003120 0.032608 0.835823 -0.055312 0.545231
1403638532727829504 0.063743 -0.070845 0.003096 0.032606 0.835781 -0.055356 0.545291
1403638532827829504 0.063761 -0.070849 0.003106 0.032614 0.835749 -0.055418 0.545334
1403638532927829504 0.063731 -0.070864 0.003113 0.032761 0.835715 -0.055439 0.545375
1403638533027829504 0.063754 -0.070895 0.003113 0.032799 0.835672 -0.055465 0.545436
1403638533127829504 0.063725 -0.070899 0.003091 0.032812 0.835657 -0.055492 0.545456
1403638533227829504 0.063740 -0.070924 0.003092 0.032911 0.835602 -0.055565 0.545526
1403638533327829504 0.063762 -0.070918 0.003089 0.032924 0.835575 -0.055561 0.545567
1403638533427829504 0.063742 -0.070919 0.003088 0.032885 0.835546 -0.055601 0.545609
1403638533527829504 0.063749 -0.070916 0.003068 0.032875 0.835525 -0.055588 0.545645
1403638533627829504 0.063752 -0.070944 0.003086 0.032948 0.835492 -0.055582 0.545691
1403638533727829504 0.063721 -0.070959 0.003091 0.033037 0.835484 -0.055626 0.545693
1403638533827829504 0.063736 -0.070968 0.003076 0.033013 0.835413 -0.055702 0.545795
1403638533927829504 0.063741 -0.070958 0.003039 0.032980 0.835452 -0.055581 0.545750
1403638534027829504 0.063748 -0.071004 0.003069 0.033169 0.835392 -0.055813 0.545807
1403638534127829504 0.063711 -0.071018 0.003103 0.033294 0.835386 -0.055980 0.545792
1403638534227829504 0.063683 -0.071016 0.003144 0.033162 0.835359 -0.056013 0.545837
1403638534327829504 0.063710 -0.070977 0.003162 0.032946 0.835419 -0.055963 0.545764
1403638534427829504 0.063704 -0.070952 0.003119 0.032937 0.835492 -0.056012 0.545647
1403638534527829504 0.063723 -0.071017 0.003151 0.033218 0.835496 -0.056305 0.545594
1403638534627829504 0.063732 -0.070979 0.003180 0.032999 0.835558 -0.055880 0.545556
1403638534727829504 0.063751 -0.070977 0.003182 0.032775 0.835564 -0.055588 0.545590
1403638534827829504 0.063741 -0.070969 0.003160 0.032839 0.835529 -0.055654 0.545634
1403638534927829504 0.063715 -0.071024 0.003178 0.033186 0.835516 -0.055888 0.545608
1403638535027829504 0.063706 -0.071070 0.003199 0.033168 0.835517 -0.055887 0.545607
1403638535127829504 0.063706 -0.071057 0.003201 0.033116 0.835559 -0.055799 0.545556
1403638535227829504 0.063685 -0.071065 0.003184 0.033031 0.835543 -0.055802 0.545586
1403638535327829504 0.063692 -0.071083 0.003206 0.033147 0.835498 -0.055894 0.545637
1403638535427829504 0.063692 -0.071052 0.003228 0.033196 0.835471 -0.055834 0.545681
1403638535527829504 0.063715 -0.071054 0.003242 0.033115 0.835439 -0.055841 0.545734
1403638535627829504 0.063707 -0.071033 0.003223 0.033034 0.835488 -0.055764 0.545673
1403638535727829504 0.063712 -0.071034 0.003237 0.033043 0.835466 -0.055796 0.545703
1403638535827829504 0.063711 -0.071029 0.003228 0.032934 0.835461 -0.055736 0.545723
1403638535927829504 0.063687 -0.071039 0.003221 0.032982 0.835452 -0.055815 0.545726
1403638536027829504 0.063702 -0.071049 0.003250 0.032921 0.835433 -0.055809 0.545760
1403638536127829504 0.063712 -0.071022 0.003253 0.032869 0.835426 -0.055782 0.545777
1403638536227829504 0.063731 -0.071017 0.003275 0.032771 0.835414 -0.055755 0.545803
1403638536327829504 0.063722 -0.071016 0.003252 0.032719 0.835324 -0.055708 0.545949
1403638536427829504 0.063724 -0.070997 0.003237 0.032665 0.835336 -0.055693 0.545935
1403638536527829504 0.063732 -0.071029 0.003286 0.032732 0.835306 -0.055705 0.545976
1403638536627829504 0.063725 -0.071018 0.003282 0.032740 0.835257 -0.055773 0.546044
1403638536727829504 0.063716 -0.071020 0.003248 0.032829 0.835246 -0.055742 0.546057
1403638536827829504 0.063723 -0.071044 0.003265 0.032852 0.835216 -0.055790 0.546098
1403638536927829504 0.063715 -0.071094 0.003281 0.032923 0.835168 -0.055860 0.546160
1403638537027829504 0.063720 -0.071106 0.003271 0.032977 0.835174 -0.055839 0.546149
1403638537127829504 0.063737 -0.071028 0.003289 0.032929 0.835208 -0.055702 0.546114
1403638537227829504 0.063743 -0.071027 0.003295 0.033080 0.835146 -0.055847 0.546185
1403638537327829504 0.063763 -0.071021 0.003318 0.032987 0.835113 -0.055798 0.546246
1403638537427829504 0.063772 -0.071004 0.003311 0.032899 0.835101 -0.055739 0.546276
1403638537527829504 0.063771 -0.070982 0.003329 0.032981 0.835087 -0.055699 0.546296
1403638537627829504 0.063793 -0.071059 0.003411 0.033515 0.834970 -0.055846 0.546427
1403638537727829504 0.063779 -0.071061 0.003383 0.033329 0.835127 -0.055744 0.546210
1403638537827829504 0.063773 -0.071033 0.003416 0.033284 0.835087 -0.055746 0.546273
1403638537927829504 0.063806 -0.070985 0.003396 0.033049 0.835076 -0.055587 0.546320
1403638538027829504 0.063796 -0.071049 0.003477 0.033326 0.835094 -0.055762 0.546258
1403638538127829504 0.063777 -0.071066 0.003480 0.033520 0.834977 -0.055765 0.546425
1403638538227829504 0.063832 -0.071044 0.003482 0.033555 0.834931 -0.055796 0.546490
1403638538327829504 0.063816 -0.070982 0.003419 0.033282 0.835052 -0.055543 0.546347
1403638538427829504 0.063859 -0.070994 0.003505 0.033544 0.834865 -0.055723 0.546599
1403638538527829504 0.063847 -0.071084 0.003663 0.033791 0.834773 -0.055891 0.546707
1403638538627829504 0.063803 -0.071138 0.003767 0.034141 0.834544 -0.056099 0.547014
1403638538727829504 0.063780 -0.071201 0.003886 0.034336 0.834221 -0.056043 0.547499
1403638538827829504 0.064536 -0.071065 0.004012 0.034003 0.833673 -0.055638 0.548396
1403638538927829504 0.066699 -0.070745 0.005600 0.034317 0.830610 -0.054980 0.553071
1403638539027829504 0.070070 -0.070577 0.008769 0.035897 0.825894 -0.055937 0.559895
1403638539127829504 0.075887 -0.070554 0.014757 0.035862 0.819206 -0.057365 0.569496
1403638539227829504 0.083996 -0.070172 0.026740 0.035650 0.814468 -0.056725 0.576328
1403638539327829504 0.092126 -0.069892 0.046914 0.035253 0.813587 -0.056555 0.577612
1403638539427829504 0.100020 -0.069851 0.074276 0.035159 0.815206 -0.055493 0.575434
1403638539527829504 0.107367 -0.069473 0.107586 0.034701 0.817176 -0.054293 0.572776
1403638539627829504 0.115180 -0.069765 0.140793 0.033795 0.817849 -0.053327 0.571959
1403638539727829504 0.123491 -0.070042 0.164340 0.033139 0.818499 -0.052313 0.571161
1403638539827829504 0.132955 -0.070007 0.177106 0.032918 0.820137 -0.050949 0.568943
1403638539927829504 0.144590 -0.069758 0.186450 0.031551 0.824015 -0.050254 0.563452
1403638540027829504 0.159571 -0.069847 0.195497 0.030225 0.829448 -0.050718 0.555455
1403638540127829504 0.182288 -0.071852 0.201299 0.029816 0.835367 -0.050534 0.546552
1403638540227829504 0.209844 -0.072745 0.210479 0.030210 0.835308 -0.049202 0.546742
1403638540327829504 0.248502 -0.074075 0.217704 0.030832 0.829161 -0.048104 0.556083
1403638540427829504 0.287806 -0.074324 0.226713 0.030223 0.824569 -0.044223 0.563220
1403638540527829504 0.333331 -0.075048 0.230300 0.024681 0.824159 -0.035583 0.564701
1403638540627829504 0.382653 -0.074407 0.233111 0.015813 0.824409 -0.021554 0.565363
1403638540727829504 0.434847 -0.073016 0.236197 0.008593 0.823585 0.000011 0.567128
1403638540827829504 0.487596 -0.068490 0.239972 -0.000444 0.822895 0.026500 0.567575
1403638540927829504 0.540619 -0.059754 0.241763 -0.012407 0.821823 0.054860 0.566960
1403638541027829504 0.593509 -0.046097 0.241992 -0.027397 0.820000 0.077524 0.566427
1403638541127829504 0.645620 -0.027802 0.238045 -0.039677 0.817631 0.093870 0.566651
1403638541227829504 0.699752 -0.005604 0.231988 -0.047097 0.816767 0.104768 0.565418
1403638541327829504 0.754179 0.020407 0.229644 -0.051062 0.816178 0.110682 0.564797
1403638541427829504 0.807975 0.051884 0.233265 -0.053479 0.816261 0.111881 0.564217
1403638541527829504 0.860189 0.088308 0.241522 -0.051884 0.815085 0.112402 0.565960
1403638541627829504 0.916830 0.130330 0.258061 -0.052379 0.813588 0.114338 0.567678
1403638541727829504 0.971520 0.178595 0.280394 -0.059715 0.811798 0.118698 0.568620
1403638541827829504 1.026852 0.231706 0.311353 -0.071548 0.810841 0.124846 0.567301
1403638541927829504 1.078257 0.288173 0.344347 -0.083219 0.809762 0.136346 0.564596
1403638542027829504 1.126310 0.346608 0.371103 -0.096537 0.807971 0.152124 0.561001
1403638542127829504 1.172228 0.405595 0.391650 -0.110353 0.804988 0.171532 0.557130
1403638542227829504 1.216911 0.466156 0.405733 -0.126794 0.800987 0.192740 0.552444
1403638542327829504 1.260597 0.528229 0.414523 -0.141660 0.795656 0.216537 0.547700
1403638542427829504 1.303740 0.590661 0.422072 -0.152210 0.784260 0.237251 0.552702
1403638542527829504 1.345297 0.652716 0.426599 -0.153369 0.770632 0.256616 0.562808
1403638542627829504 1.384492 0.717829 0.429825 -0.150744 0.762273 0.271222 0.568026
1403638542727829504 1.414778 0.785655 0.437525 -0.154880 0.762677 0.275613 0.564245
1403638542827829504 1.441541 0.859223 0.452653 -0.163809 0.767463 0.272479 0.556707
1403638542927829504 1.465924 0.936657 0.473630 -0.169021 0.773312 0.268635 0.548868
1403638543027829504 1.483827 1.013342 0.500885 -0.171730 0.777533 0.265655 0.543488
1403638543127829504 1.498675 1.091888 0.526552 -0.173472 0.779895 0.262330 0.541160
1403638543227829504 1.515899 1.169668 0.547899 -0.172520 0.780960 0.260557 0.540785
1403638543327829504 1.531673 1.250821 0.561793 -0.172454 0.781659 0.258125 0.540963
1403638543427829504 1.548972 1.334581 0.572077 -0.173254 0.781720 0.259355 0.540030
1403638543527829504 1.565439 1.415207 0.581751 -0.177018 0.780043 0.266440 0.537779
1403638543627829504 1.580020 1.500601 0.582946 -0.182167 0.775500 0.281941 0.534719
1403638543727829504 1.594821 1.585870 0.587624 -0.191351 0.768641 0.301207 0.530895
1403638543827829504 1.607777 1.670290 0.596071 -0.201242 0.758859 0.324260 0.527721
1403638543927829504 1.619045 1.756604 0.612468 -0.215624 0.749397 0.344877 0.522466
1403638544027829504 1.628422 1.837656 0.634472 -0.230728 0.742791 0.359609 0.515468
1403638544127829504 1.638538 1.919968 0.657610 -0.242736 0.739205 0.369142 0.508320
1403638544227829504 1.649540 2.003256 0.676747 -0.252527 0.736256 0.373729 0.504463
1403638544327829504 1.661980 2.088985 0.689497 -0.257108 0.734425 0.377061 0.502335
1403638544427829504 1.676501 2.176847 0.696823 -0.258249 0.734976 0.378323 0.499989
1403638544527829504 1.693652 2.268259 0.703499 -0.257347 0.734195 0.378398 0.501542
1403638544627829504 1.712120 2.362312 0.710951 -0.261618 0.728927 0.377678 0.507524
1403638544727829504 1.730783 2.456257 0.725058 -0.265126 0.724467 0.377748 0.512017
1403638544827829504 1.747316 2.549049 0.743473 -0.263969 0.726190 0.379688 0.508729
1403638544927829504 1.761585 2.640712 0.756568 -0.262867 0.729020 0.381143 0.504144
1403638545027829504 1.778684 2.728741 0.761407 -0.264283 0.728417 0.381400 0.504080
1403638545127829504 1.791592 2.812254 0.763585 -0.265512 0.727225 0.381816 0.504841
1403638545227829504 1.808350 2.900824 0.757132 -0.264245 0.727512 0.383494 0.503818
1403638545327829504 1.825380 2.989635 0.746972 -0.264880 0.725431 0.383917 0.506158
1403638545427829504 1.839181 3.074593 0.734065 -0.266971 0.724336 0.383254 0.507129
1403638545527829504 1.855301 3.164674 0.718777 -0.269939 0.723029 0.386717 0.504789
1403638545627829504 1.868016 3.249124 0.712552 -0.277112 0.719396 0.395658 0.499132
1403638545727829504 1.882610 3.332802 0.707752 -0.285319 0.713070 0.409770 0.492151
1403638545827829504 1.897771 3.415921 0.713893 -0.295556 0.702471 0.428257 0.485570
1403638545927829504 1.913045 3.501663 0.726391 -0.305811 0.690754 0.449414 0.476828
1403638546027829504 1.928197 3.588339 0.744953 -0.314226 0.678454 0.469988 0.469120
1403638546127829504 1.945237 3.679921 0.761160 -0.320346 0.667769 0.486034 0.463934
1403638546227829504 1.960647 3.772716 0.770863 -0.327385 0.661374 0.495292 0.458355
1403638546327829504 1.976042 3.866812 0.773620 -0.333313 0.658204 0.500066 0.453437
1403638546427829504 1.991425 3.963125 0.770756 -0.338016 0.657885 0.501183 0.449164
1403638546527829504 2.005486 4.058808 0.764061 -0.339186 0.656835 0.503055 0.447724
1403638546627829504 2.017287 4.154791 0.761342 -0.341220 0.653083 0.508049 0.446024
1403638546727829504 2.029880 4.255615 0.766077 -0.344912 0.648180 0.513865 0.443668
1403638546827829504 2.040773 4.357092 0.782116 -0.345706 0.643820 0.519627 0.442686
1403638546927829504 2.051537 4.461760 0.801711 -0.345913 0.640744 0.523847 0.442013
1403638547027829504 2.060295 4.568167 0.815475 -0.344433 0.637662 0.527675 0.443071
1403638547127829504 2.066805 4.675331 0.821202 -0.340909 0.634991 0.531620 0.444912
1403638547227829504 2.069954 4.784575 0.824589 -0.338914 0.633701 0.533643 0.445853
1403638547327829504 2.067323 4.893310 0.821143 -0.337744 0.632772 0.534477 0.447061
1403638547427829504 2.060785 5.003636 0.816584 -0.342824 0.636162 0.530570 0.443018
1403638547527829504 2.051580 5.114515 0.808918 -0.347557 0.639484 0.526530 0.439353
1403638547627829504 2.037111 5.218988 0.792077 -0.349943 0.641630 0.524068 0.437268
1403638547727829504 2.025589 5.332132 0.774430 -0.348533 0.641974 0.523692 0.438339
1403638547827829504 2.008309 5.433895 0.750117 -0.344609 0.639628 0.526178 0.441880
1403638547927829504 1.992833 5.550938 0.725836 -0.344164 0.639435 0.526128 0.442566
1403638548027829504 1.970106 5.659625 0.706587 -0.345771 0.638718 0.527350 0.440890
1403638548127829504 1.949972 5.784464 0.695873 -0.349082 0.636009 0.531243 0.437511
1403638548227829504 1.926914 5.910698 0.693741 -0.355033 0.630730 0.537929 0.432162
1403638548327829504 1.898911 6.031051 0.699610 -0.362763 0.622673 0.547851 0.424901
1403638548427829504 1.870743 6.156589 0.713964 -0.369868 0.613003 0.560244 0.416595
1403638548527829504 1.843154 6.290049 0.729629 -0.377569 0.604521 0.568907 0.410294
1403638548627829504 1.816379 6.414280 0.743297 -0.382848 0.597206 0.576003 0.406193
1403638548727829504 1.790301 6.537248 0.752969 -0.386633 0.592619 0.580672 0.402663
1403638548827829504 1.765133 6.662331 0.764194 -0.389081 0.589663 0.583872 0.400008
1403638548927829504 1.739209 6.791134 0.782697 -0.391046 0.587989 0.585242 0.398552
1403638549027829504 1.711114 6.923743 0.805373 -0.390131 0.587307 0.587059 0.397781
1403638549127829504 1.685577 7.050640 0.836080 -0.392457 0.587767 0.585657 0.396880
1403638549227829504 1.656925 7.179981 0.871281 -0.392868 0.587809 0.585198 0.397088
1403638549327829504 1.630397 7.311856 0.912757 -0.394479 0.589034 0.583390 0.396335
1403638549427829504 1.601699 7.444924 0.953640 -0.396930 0.590282 0.580885 0.395711
1403638549527829504 1.574644 7.580386 0.991002 -0.397715 0.591570 0.579447 0.395106
1403638549627829504 1.548130 7.717658 1.021679 -0.399671 0.590790 0.577556 0.397065
1403638549727829504 1.523751 7.853006 1.050997 -0.398521 0.590245 0.577493 0.399116
1403638549827829504 1.499151 7.990762 1.081391 -0.398657 0.591828 0.577147 0.397130
1403638549927829504 1.475975 8.131574 1.122145 -0.396647 0.592727 0.577901 0.396708
1403638550027829504 1.453905 8.272943 1.168681 -0.397336 0.593626 0.577330 0.395503
1403638550127829504 1.432781 8.416151 1.225436 -0.398443 0.594559 0.576798 0.393761
1403638550227829504 1.413574 8.564215 1.287709 -0.398199 0.594309 0.577602 0.393204
1403638550327829504 1.395524 8.710626 1.357403 -0.397587 0.593463 0.578349 0.394003
1403638550427829504 1.378342 8.863673 1.424519 -0.399601 0.593016 0.577520 0.393856
1403638550527829504 1.363424 9.009952 1.481644 -0.402288 0.594251 0.575943 0.391561
1403638550627829504 1.351734 9.152807 1.532730 -0.406993 0.593504 0.572868 0.392342
1403638550727829504 1.343443 9.300126 1.581112 -0.411220 0.592309 0.569974 0.393951
1403638550827829504 1.341136 9.438226 1.621653 -0.414825 0.590012 0.567264 0.397515
1403638550927829504 1.341416 9.577088 1.659718 -0.421180 0.585508 0.562465 0.404253
1403638551027829504 1.343147 9.714253 1.692593 -0.426355 0.582449 0.558632 0.408540
1403638551127829504 1.347845 9.844910 1.723732 -0.429557 0.581597 0.556210 0.409703
1403638551227829504 1.356225 9.966998 1.757722 -0.433249 0.582073 0.554153 0.407922
1403638551327829504 1.370317 10.084205 1.801751 -0.430510 0.586490 0.553269 0.405689
1403638551427829504 1.389409 10.198291 1.840144 -0.424641 0.597023 0.546697 0.405422
1403638551527829504 1.416968 10.306246 1.878886 -0.417419 0.611698 0.533980 0.407985
1403638551627829504 1.449868 10.413666 1.908824 -0.411287 0.628180 0.516061 0.412205
1403638551727829504 1.491388 10.516381 1.934779 -0.403331 0.643439 0.497652 0.419109
1403638551827829504 1.542542 10.613723 1.954671 -0.393723 0.656862 0.479814 0.428127
1403638551927829504 1.601187 10.706052 1.974404 -0.381682 0.663624 0.468980 0.440430
1403638552027829504 1.666576 10.788981 2.000091 -0.371043 0.665384 0.462732 0.453288
1403638552127829504 1.735449 10.861973 2.031545 -0.363332 0.668368 0.458892 0.459012
1403638552227829504 1.807001 10.927720 2.068260 -0.358649 0.673285 0.456847 0.457547
1403638552327829504 1.881440 10.986162 2.108334 -0.356611 0.675910 0.455620 0.456492
1403638552427829504 1.960732 11.043630 2.144236 -0.362399 0.674387 0.450596 0.459165
1403638552527829504 2.042518 11.087147 2.175494 -0.369303 0.670832 0.445839 0.463494
1403638552627829504 2.127510 11.122030 2.200324 -0.372880 0.667284 0.444390 0.467129
1403638552727829504 2.216099 11.146459 2.217854 -0.372782 0.666406 0.446322 0.466619
1403638552827829504 2.307683 11.162756 2.230142 -0.371617 0.665117 0.449446 0.466388
1403638552927829504 2.402724 11.176244 2.236932 -0.367702 0.663581 0.455151 0.466147
1403638553027829504 2.499713 11.179519 2.240357 -0.362986 0.661137 0.461216 0.467353
1403638553127829504 2.598632 11.184422 2.240060 -0.363490 0.658135 0.463628 0.468810
1403638553227829504 2.697846 11.181197 2.238106 -0.371754 0.652970 0.459993 0.473113
1403638553327829504 2.797166 11.171647 2.238916 -0.376627 0.647086 0.458523 0.478736
1403638553427829504 2.894887 11.149287 2.245183 -0.374560 0.641753 0.461373 0.484760
1403638553527829504 2.992033 11.118409 2.257440 -0.371433 0.637207 0.464806 0.489857
1403638553627829504 3.087389 11.075676 2.273855 -0.368547 0.634221 0.467470 0.493365
1403638553727829504 3.179761 11.022296 2.297955 -0.367022 0.633841 0.469475 0.493087
1403638553827829504 3.267809 10.958425 2.327645 -0.364849 0.635175 0.471426 0.491117
1403638553927829504 3.345947 10.882109 2.360900 -0.362657 0.637012 0.472686 0.489146
1403638554027829504 3.429495 10.805881 2.394190 -0.363140 0.641550 0.472523 0.482975
1403638554127829504 3.502592 10.718340 2.419202 -0.360781 0.643334 0.474268 0.480655
1403638554227829504 3.583835 10.635463 2.442684 -0.352567 0.648317 0.480551 0.473765
1403638554327829504 3.654279 10.544094 2.457384 -0.345445 0.652826 0.485902 0.467316
1403638554427829504 3.735028 10.466925 2.478445 -0.341849 0.655224 0.489011 0.463345
1403638554527829504 3.807469 10.387339 2.492809 -0.340350 0.656001 0.490380 0.461901
1403638554627829504 3.871526 10.298395 2.498768 -0.343183 0.657755 0.488912 0.458857
1403638554727829504 3.938888 10.219673 2.514117 -0.348822 0.658701 0.485243 0.457139
1403638554827829504 4.002601 10.132722 2.529712 -0.353378 0.659483 0.482558 0.455350
1403638554927829504 4.067275 10.049430 2.550136 -0.356696 0.659779 0.479986 0.455052
1403638555027829504 4.137634 9.975564 2.571575 -0.356995 0.661634 0.475748 0.456573
1403638555127829504 4.203540 9.888409 2.580897 -0.350780 0.666272 0.470821 0.459743
1403638555227829504 4.275460 9.811091 2.589330 -0.344688 0.673204 0.462621 0.462568
1403638555327829504 4.348572 9.729915 2.591463 -0.338763 0.678501 0.455830 0.465934
1403638555427829504 4.423303 9.645800 2.589642 -0.331056 0.680734 0.452961 0.470988
1403638555527829504 4.497690 9.561347 2.583968 -0.328127 0.682845 0.449360 0.473424
1403638555627829504 4.573116 9.475797 2.580764 -0.325832 0.683882 0.447899 0.474895
1403638555727829504 4.647669 9.390126 2.586242 -0.326147 0.685367 0.446616 0.473746
1403638555827829504 4.720614 9.304368 2.602500 -0.324633 0.685711 0.447785 0.473184
1403638555927829504 4.792655 9.216522 2.620690 -0.323252 0.685391 0.449327 0.473131
1403638556027829504 4.867155 9.134176 2.648098 -0.322315 0.684235 0.450669 0.474165
1403638556127829504 4.940577 9.052235 2.673141 -0.321039 0.686218 0.451758 0.471119
1403638556227829504 5.015342 8.973310 2.692886 -0.318877 0.690801 0.453031 0.464623
1403638556327829504 5.091491 8.894609 2.705853 -0.317932 0.693382 0.453678 0.460778
1403638556427829504 5.166493 8.827127 2.718979 -0.316830 0.695385 0.454399 0.457800
1403638556527829504 5.245386 8.758400 2.729089 -0.314005 0.698916 0.455729 0.453022
1403638556627829504 5.324116 8.705626 2.742065 -0.318153 0.702097 0.452023 0.448903
1403638556727829504 5.406993 8.655554 2.758963 -0.325626 0.701753 0.445985 0.450120
1403638556827829504 5.494009 8.599938 2.782405 -0.331832 0.698951 0.441573 0.454278
1403638556927829504 5.584589 8.556437 2.812400 -0.336430 0.697718 0.438145 0.456105
1403638557027829504 5.679145 8.514850 2.839284 -0.337513 0.696537 0.437480 0.457746
1403638557127829504 5.780838 8.470458 2.858340 -0.335082 0.694814 0.439681 0.460036
1403638557227829504 5.886328 8.419564 2.872768 -0.334058 0.693451 0.440761 0.461801
1403638557327829504 5.989622 8.382751 2.879714 -0.332713 0.692723 0.441921 0.462755
1403638557427829504 6.099799 8.339293 2.887066 -0.329318 0.690736 0.444856 0.465335
1403638557527829504 6.212143 8.296623 2.898181 -0.323546 0.687984 0.449208 0.469262
1403638557627829504 6.322504 8.253790 2.914085 -0.320155 0.685799 0.451686 0.472398
1403638557727829504 6.433214 8.211757 2.935051 -0.318987 0.685128 0.452413 0.473465
1403638557827829504 6.542880 8.170507 2.954237 -0.316988 0.684859 0.453239 0.474406
1403638557927829504 6.651943 8.127575 2.967753 -0.314189 0.685102 0.454990 0.474241
1403638558027829504 6.757687 8.085834 2.974099 -0.312552 0.687749 0.456080 0.470430
1403638558127829504 6.863712 8.045372 2.976498 -0.310519 0.692803 0.457072 0.463344
1403638558227829504 6.969140 8.010993 2.978540 -0.307496 0.699053 0.458379 0.454597
1403638558327829504 7.078591 7.979580 2.991539 -0.303381 0.700728 0.460748 0.452385
1403638558427829504 7.186535 7.955865 3.015240 -0.297258 0.703093 0.464358 0.449076
1403638558527829504 7.296259 7.939330 3.046173 -0.293902 0.706207 0.465982 0.444695
1403638558627829504 7.411739 7.930678 3.084606 -0.298906 0.707391 0.462139 0.443487
1403638558727829504 7.530779 7.930563 3.125836 -0.309441 0.707910 0.454349 0.443483
1403638558827829504 7.648513 7.939914 3.161629 -0.314853 0.707430 0.450072 0.444797
1403638558927829504 7.775611 7.949824 3.189800 -0.315773 0.704216 0.449539 0.449758
1403638559027829504 7.903617 7.965096 3.210503 -0.316503 0.699037 0.449438 0.457361
1403638559127829504 8.031380 7.984573 3.223591 -0.317624 0.695203 0.449181 0.462649
1403638559227829504 8.157986 8.007352 3.229628 -0.316671 0.691885 0.450753 0.466729
1403638559327829504 8.284933 8.030316 3.229453 -0.314945 0.689479 0.452856 0.469414
1403638559427829504 8.411255 8.053854 3.223882 -0.310841 0.686800 0.456553 0.472485
1403638559527829504 8.530685 8.079231 3.213268 -0.309454 0.684898 0.458013 0.474740
1403638559627829504 8.646846 8.106852 3.197960 -0.309728 0.683181 0.458605 0.476460
1403638559727829504 8.760179 8.136516 3.182846 -0.310078 0.682266 0.459208 0.476962
1403638559827829504 8.869160 8.167754 3.172030 -0.311300 0.682837 0.459260 0.475296
1403638559927829504 8.975042 8.199822 3.166344 -0.311493 0.683936 0.456709 0.476046
1403638560027829504 9.081610 8.234010 3.156462 -0.308356 0.689888 0.447323 0.478407
1403638560127829504 9.187514 8.268587 3.140036 -0.300968 0.699047 0.431676 0.484156
1403638560227829504 9.292631 8.303106 3.117671 -0.289264 0.709852 0.412164 0.492501
1403638560327829504 9.397615 8.336862 3.093684 -0.277391 0.719091 0.389409 0.504305
1403638560427829504 9.499629 8.368971 3.067318 -0.265511 0.727369 0.364838 0.517040
1403638560527829504 9.596318 8.398191 3.036733 -0.252869 0.735697 0.339341 0.528825
1403638560627829504 9.688392 8.423289 3.001096 -0.242623 0.746185 0.311441 0.536048
1403638560727829504 9.776125 8.443071 2.964601 -0.235282 0.756580 0.283942 0.540005
1403638560827829504 9.860986 8.456195 2.934249 -0.224767 0.764098 0.260905 0.545493
1403638560927829504 9.945234 8.462456 2.911345 -0.214385 0.769907 0.238240 0.551837
1403638561027829504 10.028989 8.460991 2.896771 -0.201386 0.772458 0.218459 0.561274
1403638561127829504 10.108768 8.450795 2.889371 -0.189725 0.774961 0.199191 0.569002
1403638561227829504 10.182345 8.431870 2.888050 -0.180545 0.776085 0.183574 0.575670
1403638561327829504 10.248550 8.404902 2.892685 -0.174222 0.777632 0.173544 0.578634
1403638561427829504 10.309539 8.370306 2.896157 -0.162165 0.783691 0.173868 0.573847
1403638561527829504 10.367090 8.330137 2.895067 -0.149600 0.788143 0.178772 0.569641
1403638561627829504 10.421028 8.287707 2.888222 -0.142819 0.790877 0.182488 0.566405
1403638561727829504 10.469852 8.243320 2.876673 -0.141326 0.791683 0.184879 0.564875
1403638561827829504 10.517304 8.198347 2.859895 -0.140065 0.791161 0.186875 0.565265
1403638561927829504 10.564848 8.153008 2.835917 -0.135736 0.791079 0.185664 0.566832
1403638562027829504 10.609697 8.104870 2.810730 -0.130391 0.792479 0.178266 0.568504
1403638562127829504 10.649152 8.056838 2.791140 -0.122863 0.794466 0.168475 0.570391
1403638562227829504 10.686845 8.006654 2.777653 -0.115978 0.795793 0.160335 0.572325
1403638562327829504 10.722259 7.958383 2.770576 -0.110047 0.796949 0.150589 0.574530
1403638562427829504 10.758312 7.909153 2.766963 -0.103374 0.798353 0.136917 0.577236
1403638562527829504 10.793345 7.860492 2.770088 -0.094508 0.801398 0.119208 0.578463
1403638562627829504 10.827715 7.811341 2.778331 -0.085988 0.803475 0.096861 0.581079
1403638562727829504 10.860136 7.760694 2.790282 -0.077188 0.806046 0.072087 0.582354
1403638562827829504 10.886572 7.707049 2.801192 -0.065955 0.807830 0.046622 0.583856
1403638562927829504 10.908073 7.649437 2.805189 -0.052275 0.809297 0.022774 0.584626
1403638563027829504 10.924856 7.588365 2.803404 -0.040186 0.809521 -0.000026 0.585714
1403638563127829504 10.940804 7.522882 2.796746 -0.033282 0.809991 -0.023900 0.585009
1403638563227829504 10.946518 7.454583 2.787831 -0.019899 0.808289 -0.039743 0.587106
1403638563327829504 10.949371 7.380662 2.773636 -0.010091 0.803722 -0.050564 0.592767
1403638563427829504 10.946752 7.302463 2.755300 -0.006293 0.795129 -0.058741 0.603556
1403638563527829504 10.937602 7.219461 2.732421 -0.002821 0.792950 -0.061306 0.606188
1403638563627829504 10.920651 7.131894 2.712984 0.000745 0.795626 -0.060422 0.602767
1403638563727829504 10.895514 7.040333 2.700805 -0.001685 0.798503 -0.060994 0.598890
1403638563827829504 10.863983 6.943340 2.695741 -0.005424 0.799877 -0.060999 0.597031
1403638563927829504 10.828608 6.841322 2.699233 -0.008792 0.799311 -0.059799 0.597870
1403638564027829504 10.787801 6.732720 2.704514 -0.012718 0.798937 -0.057515 0.598523
1403638564127829504 10.739134 6.620997 2.704982 -0.015956 0.798787 -0.054178 0.598957
1403638564227829504 10.685186 6.502962 2.700784 -0.016373 0.798037 -0.048698 0.600414
1403638564327829504 10.630097 6.374397 2.698480 -0.014619 0.796992 -0.042155 0.602340
1403638564427829504 10.564509 6.247418 2.703225 -0.014973 0.795035 -0.038219 0.605174
1403638564527829504 10.494338 6.113188 2.713383 -0.016249 0.795058 -0.035839 0.605255
1403638564627829504 10.413326 5.979566 2.725680 -0.020347 0.797237 -0.036713 0.602205
1403638564727829504 10.329867 5.838813 2.734416 -0.025362 0.798627 -0.039889 0.599968
1403638564827829504 10.236637 5.695859 2.735042 -0.028132 0.798865 -0.042962 0.599315
1403638564927829504 10.143468 5.546418 2.726413 -0.030397 0.798081 -0.045412 0.600068
1403638565027829504 10.041729 5.389074 2.694386 -0.031732 0.798044 -0.046265 0.599983
1403638565127829504 9.941448 5.224717 2.651829 -0.032757 0.798722 -0.046880 0.598976
1403638565227829504 9.834537 5.054394 2.592523 -0.032449 0.799564 -0.046308 0.597913
1403638565327829504 9.726978 4.876909 2.533594 -0.030170 0.800445 -0.045511 0.596914
1403638565427829504 9.615735 4.698893 2.472647 -0.027834 0.801341 -0.044300 0.595916
1403638565527829504 9.500705 4.515774 2.414372 -0.022330 0.799277 -0.042688 0.599029
1403638565627829504 9.382672 4.329089 2.364957 -0.013839 0.797691 -0.039265 0.601628
1403638565727829504 9.261366 4.142582 2.322699 -0.001657 0.798766 -0.032971 0.600736
1403638565827829504 9.134761 3.956642 2.287125 0.004621 0.801713 -0.030466 0.596914
1403638565927829504 9.002192 3.774693 2.257655 0.010689 0.804059 -0.028527 0.593768
1403638566027829504 8.866888 3.596212 2.226587 0.011505 0.805237 -0.029577 0.592104
1403638566127829504 8.728223 3.421436 2.188443 0.011935 0.805375 -0.030014 0.591885
1403638566227829504 8.588118 3.250900 2.141170 0.012328 0.805047 -0.029891 0.592330
1403638566327829504 8.448388 3.082816 2.086293 0.011710 0.806059 -0.029864 0.590966
1403638566427829504 8.308273 2.918094 2.023667 0.011304 0.805910 -0.028657 0.591236
1403638566527829504 8.169438 2.756764 1.955320 0.009241 0.806219 -0.028034 0.590880
1403638566627829504 8.031890 2.600222 1.879885 0.007374 0.812823 -0.026882 0.581844
1403638566727829504 7.897220 2.447659 1.797506 0.006302 0.825101 -0.025787 0.564362
1403638566827829504 7.769208 2.297398 1.711336 0.006737 0.834756 -0.022627 0.550113
1403638566927829504 7.650125 2.151388 1.622797 0.006465 0.840950 -0.020031 0.540703
1403638567027829504 7.541886 2.009956 1.533077 0.005248 0.840801 -0.018765 0.540994
1403638567127829504 7.441996 1.872483 1.446098 0.006869 0.828238 -0.016371 0.560096
1403638567227829504 7.342816 1.733889 1.354714 0.008443 0.816911 -0.014854 0.576511
1403638567327829504 7.246780 1.599894 1.257050 0.011578 0.811271 -0.013638 0.584396
1403638567427829504 7.156922 1.475851 1.159467 0.013846 0.810895 -0.013959 0.584861
1403638567527829504 7.059572 1.349174 1.066218 0.015585 0.813446 -0.015116 0.581235
1403638567627829504 6.963963 1.227151 0.982646 0.017644 0.817346 -0.016147 0.575650
1403638567727829504 6.863487 1.107409 0.907274 0.020307 0.820483 -0.016794 0.571063
1403638567827829504 6.765768 0.994468 0.842220 0.022285 0.824469 -0.017173 0.565208
1403638567927829504 6.672126 0.886177 0.783002 0.020042 0.825962 -0.019823 0.563020
1403638568027829504 6.585832 0.782972 0.731544 0.021268 0.826610 -0.019947 0.562019
1403638568127829504 6.507138 0.683622 0.690029 0.024054 0.825767 -0.018487 0.563195
1403638568227829504 6.433668 0.590819 0.657630 0.026213 0.825090 -0.017445 0.564123
1403638568327829504 6.362868 0.502438 0.629323 0.027057 0.825257 -0.017452 0.563839
1403638568427829504 6.295106 0.419219 0.595041 0.027211 0.826513 -0.017881 0.561976
1403638568527829504 6.233175 0.341531 0.560315 0.027987 0.827307 -0.017398 0.560782
1403638568627829504 6.174253 0.268208 0.519013 0.028656 0.828933 -0.017037 0.558354
1403638568727829504 6.120886 0.199691 0.481455 0.030274 0.830313 -0.015339 0.556263
1403638568827829504 6.069765 0.136887 0.450186 0.028314 0.830270 -0.016376 0.556401
1403638568927829504 6.023961 0.080245 0.423755 0.029403 0.830212 -0.015766 0.556448
1403638569027829504 5.981707 0.028388 0.409174 0.029418 0.829349 -0.015805 0.557732
1403638569127829504 5.945985 -0.018330 0.397770 0.031100 0.829447 -0.014657 0.557526
1403638569227829504 5.912878 -0.060168 0.394111 0.033123 0.830973 -0.013748 0.555155
1403638569327829504 5.882738 -0.097448 0.383919 0.034301 0.831666 -0.013562 0.554050
1403638569427829504 5.857011 -0.131511 0.370658 0.035278 0.830698 -0.013028 0.555452
1403638569527829504 5.836567 -0.159075 0.350721 0.035344 0.829453 -0.012761 0.557312
1403638569627829504 5.820769 -0.181358 0.331855 0.034880 0.828043 -0.013389 0.559419
1403638569727829504 5.809458 -0.196062 0.320858 0.035780 0.827107 -0.013054 0.560753
1403638569827829504 5.799933 -0.206834 0.316481 0.035698 0.826478 -0.012634 0.561694
1403638569927829504 5.793959 -0.211597 0.316789 0.036783 0.824629 -0.011985 0.564349
1403638570027829504 5.792293 -0.210042 0.318672 0.034582 0.823445 -0.013218 0.566187
1403638570127829504 5.793225 -0.203193 0.315537 0.031044 0.823605 -0.015547 0.566100
1403638570227829504 5.795350 -0.193625 0.306560 0.024946 0.823182 -0.018905 0.566915
1403638570327829504 5.798068 -0.182380 0.292530 0.016123 0.822940 -0.025223 0.567340
1403638570427829504 5.803368 -0.170633 0.273944 0.012444 0.822720 -0.035362 0.567210
1403638570527829504 5.808388 -0.162466 0.252197 0.006119 0.821723 -0.057285 0.566967
1403638570627829504 5.812996 -0.159847 0.221286 0.002001 0.818314 -0.086434 0.568232
1403638570727829504 5.815522 -0.166251 0.190949 0.007424 0.810686 -0.114036 0.574220
1403638570827829504 5.815872 -0.183445 0.157127 0.016811 0.798467 -0.141196 0.585006
1403638570927829504 5.809580 -0.210700 0.121607 0.030860 0.788911 -0.164135 0.591376
1403638571027829504 5.796197 -0.248995 0.081991 0.046007 0.782359 -0.185315 0.592837
1403638571127829504 5.774959 -0.297305 0.038869 0.066204 0.783647 -0.201251 0.583963
1403638571227829504 5.744418 -0.353513 0.002009 0.087759 0.786120 -0.209946 0.574662
1403638571327829504 5.707475 -0.415792 -0.024335 0.105999 0.786578 -0.214710 0.569174
1403638571427829504 5.665634 -0.480475 -0.041805 0.113849 0.784454 -0.220763 0.568273
1403638571527829504 5.619079 -0.549085 -0.051952 0.119755 0.781421 -0.224104 0.569928
1403638571627829504 5.568455 -0.620580 -0.063142 0.126324 0.780168 -0.230972 0.567479
1403638571727829504 5.514754 -0.695124 -0.079775 0.133291 0.780180 -0.242607 0.560976
1403638571827829504 5.458147 -0.773042 -0.101240 0.141520 0.778882 -0.257918 0.553888
1403638571927829504 5.399220 -0.854504 -0.123419 0.148827 0.774195 -0.277189 0.549217
1403638572027829504 5.337098 -0.940059 -0.138856 0.157658 0.767822 -0.296687 0.545499
1403638572127829504 5.272227 -1.029962 -0.145900 0.168625 0.760567 -0.314678 0.542292
1403638572227829504 5.203081 -1.122974 -0.145670 0.185223 0.755128 -0.329507 0.535630
1403638572327829504 5.131998 -1.218749 -0.144676 0.198545 0.750942 -0.347343 0.525375
1403638572427829504 5.061071 -1.318560 -0.146797 0.212195 0.746228 -0.364091 0.515320
1403638572527829504 4.990919 -1.421850 -0.151595 0.224840 0.742823 -0.374682 0.507222
1403638572627829504 4.922877 -1.528449 -0.156533 0.233345 0.739636 -0.381284 0.503101
1403638572727829504 4.856256 -1.638317 -0.156636 0.240471 0.739326 -0.383865 0.498215
1403638572827829504 4.792063 -1.751256 -0.147270 0.246302 0.741429 -0.383005 0.492875
1403638572927829504 4.732157 -1.867845 -0.130523 0.247690 0.743290 -0.382416 0.489824
1403638573027829504 4.676130 -1.986657 -0.113503 0.248042 0.745740 -0.381234 0.486835
1403638573127829504 4.624384 -2.107880 -0.102040 0.246770 0.747927 -0.379614 0.485390
1403638573227829504 4.575899 -2.231990 -0.095431 0.245205 0.748814 -0.377821 0.486213
1403638573327829504 4.535139 -2.358714 -0.089082 0.243718 0.749851 -0.375756 0.486962
1403638573427829504 4.493562 -2.487980 -0.081341 0.244738 0.750868 -0.376097 0.484615
1403638573527829504 4.463827 -2.620687 -0.066408 0.247743 0.750698 -0.376154 0.483306
1403638573627829504 4.434606 -2.754659 -0.043275 0.249033 0.750305 -0.376581 0.482919
1403638573727829504 4.411543 -2.889159 -0.015011 0.253477 0.749614 -0.378529 0.480150
1403638573827829504 4.396487 -3.025776 0.016169 0.264368 0.742496 -0.382707 0.482021
1403638573927829504 4.386274 -3.163154 0.043129 0.278578 0.730055 -0.391540 0.485912
1403638574027829504 4.380179 -3.299784 0.063889 0.286325 0.711886 -0.409955 0.493126
1403638574127829504 4.375936 -3.430867 0.078470 0.292008 0.690500 -0.433142 0.500329
1403638574227829504 4.369943 -3.558783 0.087750 0.299365 0.669538 -0.457034 0.503210
1403638574327829504 4.360628 -3.680950 0.092296 0.310261 0.654001 -0.478514 0.497036
1403638574427829504 4.347402 -3.800490 0.092712 0.324364 0.642244 -0.497074 0.485004
1403638574527829504 4.328955 -3.916053 0.091984 0.336264 0.631105 -0.514292 0.473432
1403638574627829504 4.304551 -4.031194 0.098816 0.347070 0.621594 -0.525016 0.466391
1403638574727829504 4.275256 -4.145669 0.112852 0.359352 0.618692 -0.529200 0.456107
1403638574827829504 4.245929 -4.258465 0.132802 0.366038 0.620840 -0.532003 0.444461
1403638574927829504 4.216592 -4.367989 0.150325 0.364775 0.623120 -0.536682 0.436615
1403638575027829504 4.187404 -4.475836 0.161523 0.360873 0.623975 -0.540384 0.434064
1403638575127829504 4.157533 -4.582963 0.165991 0.353543 0.621465 -0.545094 0.437791
1403638575227829504 4.125281 -4.689363 0.167330 0.349153 0.619376 -0.546909 0.441990
1403638575327829504 4.089940 -4.797698 0.161592 0.345584 0.619997 -0.547401 0.443313
1403638575427829504 4.050921 -4.906734 0.154113 0.342123 0.625148 -0.546990 0.439254
1403638575527829504 4.009657 -5.019619 0.141366 0.340683 0.629876 -0.544753 0.436390
1403638575627829504 3.967047 -5.134114 0.134051 0.342901 0.636631 -0.540185 0.430488
1403638575727829504 3.922255 -5.259745 0.134208 0.345298 0.642873 -0.535540 0.425066
1403638575827829504 3.879087 -5.389916 0.142492 0.346060 0.648778 -0.532899 0.418745
1403638575927829504 3.839821 -5.523955 0.161401 0.345077 0.650646 -0.531743 0.418128
1403638576027829504 3.804339 -5.657748 0.191188 0.345248 0.651030 -0.530467 0.419009
1403638576127829504 3.772651 -5.794188 0.227156 0.346109 0.650711 -0.529789 0.419652
1403638576227829504 3.743289 -5.938303 0.265336 0.348537 0.649795 -0.528130 0.421148
1403638576327829504 3.716292 -6.089569 0.297222 0.353298 0.650820 -0.524950 0.419572
1403638576427829504 3.693578 -6.242972 0.322298 0.356663 0.652910 -0.522826 0.416118
1403638576527829504 3.676522 -6.399711 0.341509 0.362057 0.656689 -0.519087 0.410150
1403638576627829504 3.666117 -6.559575 0.356026 0.365621 0.659497 -0.516717 0.405449
1403638576727829504 3.665230 -6.719831 0.366403 0.368861 0.658781 -0.514221 0.406848
1403638576827829504 3.672123 -6.883586 0.372408 0.373649 0.654748 -0.510776 0.413279
1403638576927829504 3.686364 -7.045374 0.373144 0.373719 0.649144 -0.511022 0.421667
1403638577027829504 3.707490 -7.204998 0.370764 0.369587 0.644431 -0.514035 0.428815
1403638577127829504 3.731792 -7.363580 0.372888 0.366302 0.640776 -0.516703 0.433874
1403638577227829504 3.759192 -7.520117 0.382663 0.363984 0.639198 -0.518509 0.435992
1403638577327829504 3.789522 -7.675253 0.399260 0.367812 0.641590 -0.515646 0.432649
1403638577427829504 3.822938 -7.829621 0.423807 0.373968 0.646216 -0.510698 0.426309
1403638577527829504 3.861835 -7.980010 0.449470 0.374376 0.646850 -0.510126 0.425676
1403638577627829504 3.905912 -8.128791 0.469432 0.371555 0.646002 -0.512052 0.427119
1403638577727829504 3.954208 -8.275542 0.483558 0.369144 0.645825 -0.513505 0.427733
1403638577827829504 4.006110 -8.420390 0.489583 0.366766 0.645566 -0.514669 0.428769
1403638577927829504 4.061213 -8.561878 0.490040 0.366774 0.645765 -0.513927 0.429352
1403638578027829504 4.120820 -8.700205 0.493288 0.367753 0.645931 -0.512516 0.429951
1403638578127829504 4.184782 -8.843670 0.504723 0.365126 0.644477 -0.513277 0.433450
1403638578227829504 4.252128 -8.980444 0.520554 0.357180 0.639351 -0.518437 0.441448
1403638578327829504 4.319312 -9.116826 0.540455 0.351212 0.635943 -0.522461 0.446386
1403638578427829504 4.384854 -9.254462 0.556132 0.351126 0.635289 -0.522972 0.446788
1403638578527829504 4.448237 -9.387621 0.564827 0.351226 0.634684 -0.523548 0.446894
1403638578627829504 4.509909 -9.526222 0.570525 0.352389 0.633825 -0.523443 0.447320
1403638578727829504 4.568176 -9.655904 0.571219 0.356354 0.635340 -0.521070 0.444794
1403638578827829504 4.625991 -9.789495 0.569370 0.361550 0.639025 -0.517392 0.439583
1403638578927829504 4.685603 -9.916392 0.564145 0.365831 0.640174 -0.514586 0.437659
1403638579027829504 4.747479 -10.045794 0.563736 0.367597 0.641311 -0.512474 0.436993
1403638579127829504 4.810578 -10.166854 0.571352 0.368032 0.641559 -0.511458 0.437453
1403638579227829504 4.877334 -10.293190 0.588118 0.367792 0.641535 -0.511187 0.438007
1403638579327829504 4.943720 -10.411299 0.608624 0.364619 0.639961 -0.512810 0.441054
1403638579427829504 5.014660 -10.532443 0.627573 0.356959 0.635409 -0.518081 0.447692
1403638579527829504 5.081666 -10.642517 0.640068 0.352036 0.632213 -0.520355 0.453439
1403638579627829504 5.147307 -10.749785 0.649059 0.353951 0.629799 -0.512257 0.464397
1403638579727829504 5.210340 -10.854347 0.651620 0.355084 0.635489 -0.496005 0.473337
1403638579827829504 5.272655 -10.954592 0.649250 0.348556 0.650767 -0.475870 0.478078
1403638579927829504 5.335243 -11.051402 0.640170 0.334081 0.671473 -0.452661 0.482299
1403638580027829504 5.397287 -11.141132 0.627623 0.317616 0.688888 -0.422748 0.495819
1403638580127829504 5.459536 -11.224168 0.613350 0.300708 0.701754 -0.386257 0.517612
1403638580227829504 5.519815 -11.297960 0.593797 0.277115 0.717403 -0.349482 0.535166
1403638580327829504 5.575385 -11.360768 0.568445 0.248099 0.734755 -0.317837 0.545492
1403638580427829504 5.626207 -11.416654 0.537845 0.217919 0.748347 -0.297317 0.551444
1403638580527829504 5.672729 -11.470982 0.504758 0.196738 0.756860 -0.282951 0.555335
1403638580627829504 5.715451 -11.523655 0.470891 0.180620 0.765055 -0.269180 0.556425
1403638580727829504 5.754849 -11.574919 0.440191 0.167036 0.775884 -0.253499 0.553029
1403638580827829504 5.791057 -11.625533 0.418994 0.160035 0.783904 -0.240668 0.549512
1403638580927829504 5.824707 -11.674784 0.406672 0.156043 0.788110 -0.232613 0.548111
1403638581027829504 5.857234 -11.723299 0.405010 0.151781 0.789259 -0.230666 0.548477
1403638581127829504 5.888251 -11.770386 0.410895 0.152799 0.789715 -0.228825 0.548309
1403638581227829504 5.919783 -11.817389 0.424246 0.155523 0.789869 -0.228328 0.547528
1403638581327829504 5.948438 -11.860281 0.435145 0.159432 0.789478 -0.228980 0.546693
1403638581427829504 5.977335 -11.895625 0.454588 0.163086 0.787584 -0.230261 0.547809
1403638581527829504 6.003879 -11.933943 0.471303 0.165547 0.786332 -0.232465 0.547939
1403638581627829504 6.028392 -11.959579 0.503899 0.169683 0.783903 -0.233720 0.549617
1403638581727829504 6.057343 -11.991650 0.521654 0.174283 0.779259 -0.233585 0.554815
1403638581827829504 6.080106 -12.005475 0.545853 0.176325 0.777488 -0.235186 0.555976
1403638581927829504 6.109300 -12.026694 0.559350 0.179683 0.770767 -0.234819 0.564351
1403638582027829504 6.135997 -12.049062 0.562909 0.181936 0.767301 -0.234088 0.568641
1403638582127829504 6.164447 -12.068693 0.573762 0.179994 0.773665 -0.236506 0.559562
1403638582227829504 6.186966 -12.083455 0.591722 0.177138 0.779726 -0.238887 0.550983
1403638582327829504 6.211441 -12.098874 0.621094 0.179221 0.778249 -0.237096 0.553167
1403638582427829504 6.241225 -12.114429 0.660108 0.180858 0.775790 -0.235652 0.556695
1403638582527829504 6.262038 -12.119586 0.707755 0.181857 0.774659 -0.234611 0.558381
1403638582627829504 6.289468 -12.128743 0.763060 0.182478 0.774507 -0.234140 0.558587
1403638582727829504 6.311755 -12.127081 0.831086 0.181647 0.777095 -0.235092 0.554851
1403638582827829504 6.337138 -12.127383 0.899205 0.181043 0.778432 -0.236003 0.552783
1403638582927829504 6.356790 -12.117937 0.969950 0.180743 0.779708 -0.237146 0.550590
1403638583027829504 6.376059 -12.105218 1.031770 0.179825 0.782436 -0.238728 0.546321
1403638583127829504 6.395173 -12.089987 1.085668 0.179302 0.784483 -0.239888 0.543038
1403638583227829504 6.416900 -12.073700 1.132333 0.178384 0.785500 -0.241342 0.541224
1403638583327829504 6.440870 -12.055657 1.173746 0.178869 0.785384 -0.241208 0.541292
1403638583427829504 6.464811 -12.037478 1.201197 0.178481 0.785683 -0.241335 0.540928
1403638583527829504 6.491699 -12.016302 1.240129 0.178191 0.786260 -0.241423 0.540146
1403638583627829504 6.519900 -11.993196 1.287561 0.179006 0.786159 -0.240851 0.540279
1403638583727829504 6.550669 -11.967490 1.339706 0.180271 0.786055 -0.240089 0.540350
1403638583827829504 6.583611 -11.941874 1.371208 0.180787 0.785887 -0.239448 0.540705
1403638583927829504 6.619434 -11.916440 1.412252 0.180506 0.785087 -0.239448 0.541960
1403638584027829504 6.652866 -11.884664 1.444973 0.181583 0.784402 -0.238655 0.542940
1403638584127829504 6.684166 -11.846883 1.456289 0.185971 0.777425 -0.235230 0.552894
1403638584227829504 6.714728 -11.806730 1.480762 0.190266 0.767738 -0.231492 0.566382
1403638584327829504 6.736370 -11.760473 1.480671 0.191623 0.761856 -0.230061 0.574394
1403638584427829504 6.745173 -11.700826 1.467615 0.191409 0.760860 -0.229892 0.575851
1403638584527829504 6.747901 -11.637700 1.454292 0.190733 0.760333 -0.230129 0.576676
1403638584627829504 6.755613 -11.571290 1.458386 0.190389 0.761508 -0.229942 0.575313
1403638584727829504 6.761273 -11.501124 1.474366 0.188214 0.765154 -0.231108 0.570706
1403638584827829504 6.752094 -11.424275 1.476877 0.183456 0.773221 -0.234205 0.560019
1403638584927829504 6.755363 -11.344852 1.499472 0.178387 0.779290 -0.238369 0.551420
1403638585027829504 6.742191 -11.265895 1.487420 0.176566 0.781988 -0.239662 0.547614
1403638585127829504 6.734863 -11.190085 1.474636 0.175178 0.782198 -0.240830 0.547247
1403638585227829504 6.732613 -11.112708 1.472092 0.175118 0.781102 -0.241024 0.548744
1403638585327829504 6.731882 -11.038440 1.458777 0.176227 0.778766 -0.240002 0.552147
1403638585427829504 6.730926 -10.959817 1.450503 0.175995 0.778211 -0.239804 0.553089
1403638585527829504 6.729555 -10.884766 1.439645 0.176176 0.779228 -0.239648 0.551665
1403638585627829504 6.730322 -10.806558 1.442386 0.175280 0.781298 -0.239747 0.548974
1403638585727829504 6.728555 -10.727086 1.450014 0.173909 0.785267 -0.240528 0.543376
1403638585827829504 6.734636 -10.647152 1.470121 0.171110 0.789946 -0.242698 0.536474
1403638585927829504 6.736949 -10.569443 1.497113 0.167976 0.792273 -0.245242 0.532865
1403638586027829504 6.742362 -10.490632 1.531073 0.168176 0.789476 -0.245650 0.536749
1403638586127829504 6.759208 -10.414561 1.560582 0.170574 0.785745 -0.245406 0.541558
1403638586227829504 6.764124 -10.336416 1.584375 0.172383 0.783316 -0.244332 0.544979
1403638586327829504 6.779278 -10.262098 1.602280 0.175787 0.780113 -0.242555 0.549263
1403638586427829504 6.781155 -10.178577 1.616660 0.183553 0.777378 -0.237641 0.552737
1403638586527829504 6.794801 -10.101544 1.624975 0.190222 0.776358 -0.233499 0.553680
1403638586627829504 6.794439 -10.012343 1.625616 0.187659 0.776805 -0.235294 0.553168
1403638586727829504 6.806509 -9.930993 1.620976 0.184184 0.776802 -0.237885 0.553232
1403638586827829504 6.817339 -9.847144 1.610572 0.181073 0.775973 -0.239850 0.554573
1403638586927829504 6.816775 -9.754918 1.592877 0.180980 0.775282 -0.239328 0.555793
1403638587027829504 6.825308 -9.669816 1.571756 0.180132 0.775140 -0.239601 0.556149
1403638587127829504 6.823032 -9.575604 1.552867 0.179286 0.775282 -0.240087 0.556015
1403638587227829504 6.828387 -9.484880 1.541953 0.179089 0.777532 -0.239608 0.553136
1403638587327829504 6.825849 -9.392067 1.539432 0.178666 0.779078 -0.240070 0.550893
1403638587427829504 6.829107 -9.298373 1.540584 0.177231 0.779698 -0.241040 0.550055
1403638587527829504 6.830256 -9.200169 1.541943 0.175978 0.779413 -0.242043 0.550421
1403638587627829504 6.834765 -9.104784 1.538635 0.175041 0.779352 -0.243314 0.550244
1403638587727829504 6.837915 -9.007322 1.529131 0.175382 0.779178 -0.243294 0.550391
1403638587827829504 6.840810 -8.911779 1.515903 0.174661 0.778686 -0.244519 0.550775
1403638587927829504 6.844165 -8.819162 1.496529 0.174280 0.778318 -0.244990 0.551205
1403638588027829504 6.846655 -8.726003 1.474576 0.174109 0.777654 -0.245041 0.552173
1403638588127829504 6.849590 -8.637375 1.447831 0.177322 0.778017 -0.242770 0.551642
1403638588227829504 6.850305 -8.543698 1.420787 0.183677 0.778902 -0.238103 0.550346
1403638588327829504 6.854684 -8.453502 1.394521 0.184351 0.779563 -0.237166 0.549589
1403638588427829504 6.857386 -8.354669 1.379129 0.184189 0.779447 -0.237071 0.549849
1403638588527829504 6.862862 -8.260080 1.368814 0.181939 0.779233 -0.238478 0.550293
1403638588627829504 6.864594 -8.156406 1.369226 0.179678 0.778563 -0.239713 0.551446
1403638588727829504 6.866609 -8.055765 1.375070 0.176962 0.776900 -0.241670 0.553810
1403638588827829504 6.866993 -7.951123 1.383591 0.176161 0.776254 -0.242441 0.554634
1403638588927829504 6.867349 -7.850382 1.385904 0.174827 0.776056 -0.243940 0.554676
1403638589027829504 6.865778 -7.746017 1.379738 0.174743 0.776035 -0.244656 0.554417
1403638589127829504 6.866252 -7.649283 1.369650 0.176166 0.776280 -0.244203 0.553823
1403638589227829504 6.862658 -7.543018 1.352161 0.176326 0.775928 -0.244178 0.554276
1403638589327829504 6.860102 -7.445917 1.333811 0.176437 0.775296 -0.244244 0.555096
1403638589427829504 6.855523 -7.342320 1.315505 0.175781 0.775375 -0.244478 0.555090
1403638589527829504 6.854292 -7.246854 1.304341 0.175487 0.775820 -0.244469 0.554566
1403638589627829504 6.845489 -7.140516 1.299106 0.175877 0.775630 -0.244251 0.554804
1403638589727829504 6.841562 -7.044385 1.306489 0.175139 0.777428 -0.245018 0.552176
1403638589827829504 6.832102 -6.941149 1.314042 0.174774 0.778263 -0.245954 0.550697
1403638589927829504 6.825664 -6.847374 1.321793 0.175903 0.778775 -0.245957 0.549612
1403638590027829504 6.815295 -6.743427 1.318560 0.174964 0.778311 -0.247404 0.549919
1403638590127829504 6.805919 -6.649676 1.317700 0.175590 0.777789 -0.247674 0.550336
1403638590227829504 6.795723 -6.546744 1.305068 0.176020 0.776924 -0.247984 0.551280
1403638590327829504 6.787852 -6.456124 1.295444 0.176003 0.776626 -0.248196 0.551610
1403638590427829504 6.777066 -6.355680 1.275788 0.176422 0.777636 -0.248469 0.549928
1403638590527829504 6.764948 -6.256634 1.255576 0.175258 0.777686 -0.249293 0.549857
1403638590627829504 6.754820 -6.162456 1.242155 0.174371 0.779725 -0.249806 0.547010
1403638590727829504 6.743742 -6.065895 1.236123 0.172202 0.780720 -0.251251 0.545615
1403638590827829504 6.732419 -5.978375 1.238206 0.172207 0.781801 -0.250985 0.544186
1403638590927829504 6.723079 -5.886189 1.246440 0.171300 0.782330 -0.251708 0.543378
1403638591027829504 6.711569 -5.795395 1.262350 0.170095 0.783072 -0.252944 0.542112
1403638591127829504 6.701001 -5.701879 1.275520 0.169453 0.785684 -0.253735 0.538150
1403638591227829504 6.689735 -5.608171 1.282005 0.167863 0.790563 -0.255481 0.530623
1403638591327829504 6.685319 -5.524642 1.283033 0.164470 0.796224 -0.258117 0.521874
1403638591427829504 6.683130 -5.444100 1.279130 0.161989 0.799361 -0.260352 0.516718
1403638591527829504 6.687018 -5.371009 1.268746 0.158976 0.801901 -0.262723 0.512502
1403638591627829504 6.698530 -5.302490 1.252498 0.157010 0.803888 -0.264253 0.509198
1403638591727829504 6.717884 -5.247826 1.236609 0.156745 0.802762 -0.264918 0.510708
1403638591827829504 6.743081 -5.201691 1.220238 0.158191 0.800347 -0.263732 0.514651
1403638591927829504 6.774510 -5.163687 1.208463 0.159452 0.797669 -0.262364 0.519100
1403638592027829504 6.810833 -5.135872 1.206874 0.159904 0.795037 -0.261724 0.523305
1403638592127829504 6.853619 -5.121429 1.213930 0.159887 0.793512 -0.260316 0.526318
1403638592227829504 6.900491 -5.102633 1.230965 0.156019 0.788820 -0.256995 0.536074
1403638592327829504 6.946001 -5.096805 1.258378 0.148848 0.784162 -0.250119 0.548064
1403638592427829504 6.991471 -5.088214 1.293460 0.137728 0.783804 -0.238319 0.556674
1403638592527829504 7.035205 -5.086301 1.336135 0.127164 0.789088 -0.223759 0.557765
1403638592627829504 7.076053 -5.086520 1.385469 0.120358 0.796543 -0.210589 0.553792
1403638592727829504 7.115958 -5.089231 1.435235 0.114657 0.803781 -0.201136 0.548027
1403638592827829504 7.155963 -5.094427 1.480444 0.109444 0.810161 -0.195650 0.541647
1403638592927829504 7.196654 -5.102503 1.521002 0.107553 0.813652 -0.191325 0.538328
1403638593027829504 7.240645 -5.113078 1.556657 0.106594 0.815063 -0.188801 0.537274
1403638593127829504 7.288536 -5.129466 1.587375 0.106142 0.815133 -0.187712 0.537640
1403638593227829504 7.341650 -5.149987 1.623886 0.109141 0.811713 -0.185751 0.542869
1403638593327829504 7.397338 -5.172540 1.667766 0.117316 0.809087 -0.181057 0.546656
1403638593427829504 7.453959 -5.196373 1.713219 0.127492 0.804477 -0.175541 0.552945
1403638593527829504 7.511163 -5.218472 1.752899 0.132883 0.800734 -0.173684 0.557675
1403638593627829504 7.569298 -5.237541 1.785938 0.136015 0.798781 -0.173518 0.559768
1403638593727829504 7.627300 -5.252729 1.812252 0.137972 0.796855 -0.173257 0.562110
1403638593827829504 7.686197 -5.265119 1.834614 0.137002 0.790537 -0.174279 0.570884
1403638593927829504 7.740797 -5.270909 1.862392 0.131388 0.781305 -0.172088 0.585394
1403638594027829504 7.789319 -5.272997 1.892260 0.123528 0.783744 -0.169301 0.584657
1403638594127829504 7.830951 -5.272606 1.926556 0.117989 0.789681 -0.166351 0.578627
1403638594227829504 7.868678 -5.271290 1.961181 0.117844 0.794525 -0.161408 0.573403
1403638594327829504 7.903525 -5.267409 1.994901 0.118137 0.794768 -0.157122 0.574196
1403638594427829504 7.934926 -5.260913 2.026036 0.122599 0.793376 -0.150817 0.576869
1403638594527829504 7.963161 -5.250038 2.062540 0.121129 0.793065 -0.149615 0.577920
1403638594627829504 7.984176 -5.233382 2.111332 0.115391 0.793575 -0.152108 0.577742
1403638594727829504 8.003066 -5.216089 2.154147 0.111659 0.794096 -0.155093 0.576966
1403638594827829504 8.015130 -5.196088 2.197532 0.110210 0.794386 -0.156867 0.576366
1403638594927829504 8.028145 -5.176130 2.227059 0.110089 0.795244 -0.157883 0.574927
1403638595027829504 8.038222 -5.155182 2.251667 0.109408 0.796761 -0.159514 0.572501
1403638595127829504 8.036182 -5.131459 2.276409 0.109299 0.797612 -0.160683 0.571008
1403638595227829504 8.042190 -5.110711 2.287340 0.110064 0.798082 -0.161001 0.570114
1403638595327829504 8.047869 -5.088761 2.294115 0.110491 0.798172 -0.161238 0.569838
1403638595427829504 8.052252 -5.066646 2.295778 0.110162 0.798003 -0.162132 0.569885
1403638595527829504 8.054614 -5.043911 2.292139 0.110185 0.798587 -0.162138 0.569059
1403638595627829504 8.056645 -5.021510 2.291278 0.110807 0.799203 -0.161458 0.568267
1403638595727829504 8.046558 -4.990000 2.307171 0.115187 0.799643 -0.158540 0.567598
1403638595827829504 8.042989 -4.965608 2.312274 0.117974 0.800449 -0.156969 0.566325
1403638595927829504 8.040179 -4.938544 2.309864 0.119230 0.800185 -0.156415 0.566589
1403638596027829504 8.037534 -4.910336 2.295402 0.123280 0.799944 -0.153763 0.566788
1403638596127829504 8.034010 -4.878673 2.275120 0.133545 0.801055 -0.146898 0.564710
1403638596227829504 8.025407 -4.835481 2.263692 0.145534 0.802980 -0.138339 0.561165
1403638596327829504 8.024729 -4.791371 2.252702 0.156454 0.804072 -0.130170 0.558611
1403638596427829504 8.024392 -4.731845 2.255703 0.163256 0.803975 -0.124736 0.558044
1403638596527829504 8.026436 -4.664674 2.261330 0.169771 0.803732 -0.119011 0.557700
1403638596627829504 8.034800 -4.582656 2.281309 0.177065 0.804220 -0.113286 0.555917
1403638596727829504 8.046729 -4.486086 2.303416 0.183287 0.804821 -0.108353 0.554011
1403638596827829504 8.065674 -4.373143 2.337164 0.187408 0.804471 -0.104931 0.553800
1403638596927829504 8.087061 -4.242415 2.371941 0.189722 0.803443 -0.102992 0.554867
1403638597027829504 8.113460 -4.099079 2.409552 0.191348 0.802461 -0.102973 0.555733
1403638597127829504 8.143064 -3.939274 2.440217 0.194067 0.800859 -0.101999 0.557278
1403638597227829504 8.175339 -3.763946 2.464670 0.194443 0.798714 -0.103240 0.559991
1403638597327829504 8.212943 -3.571377 2.481653 0.190828 0.796667 -0.106951 0.563442
1403638597427829504 8.251236 -3.363866 2.494601 0.184680 0.794621 -0.112647 0.567257
1403638597527829504 8.290631 -3.143053 2.502379 0.172778 0.790167 -0.121687 0.575306
1403638597627829504 8.327171 -2.912488 2.505043 0.163501 0.786855 -0.129011 0.580932
1403638597727829504 8.360969 -2.674240 2.503249 0.163082 0.786045 -0.129616 0.582011
1403638597827829504 8.392044 -2.428820 2.496399 0.168285 0.788627 -0.119816 0.579130
1403638597927829504 8.420141 -2.174321 2.484119 0.172390 0.791238 -0.108475 0.576591
1403638598027829504 8.447633 -1.909561 2.472785 0.170090 0.792202 -0.101960 0.577139
1403638598127829504 8.474622 -1.632319 2.468425 0.154553 0.792716 -0.105902 0.580085
1403638598227829504 8.499169 -1.345921 2.469459 0.133737 0.793747 -0.115558 0.582002
1403638598327829504 8.522504 -1.056272 2.472214 0.119411 0.796304 -0.122904 0.580117
1403638598427829504 8.544057 -0.767550 2.470219 0.112217 0.798363 -0.126371 0.577975
1403638598527829504 8.563761 -0.480390 2.462045 0.108401 0.800026 -0.126208 0.576437
1403638598627829504 8.581368 -0.195518 2.445016 0.103679 0.803259 -0.121142 0.573891
1403638598727829504 8.599010 0.086555 2.426923 0.097499 0.805097 -0.110816 0.574485
1403638598827829504 8.613898 0.366658 2.412721 0.088629 0.806221 -0.098125 0.576648
1403638598927829504 8.626284 0.642732 2.403180 0.079255 0.808753 -0.082495 0.576916
1403638599027829504 8.636465 0.916949 2.396675 0.066545 0.810556 -0.066770 0.578025
1403638599127829504 8.645364 1.189333 2.397261 0.055611 0.811748 -0.048522 0.579325
1403638599227829504 8.650756 1.459901 2.401701 0.044069 0.813259 -0.029978 0.579456
1403638599327829504 8.654698 1.728410 2.412263 0.030821 0.815285 -0.011869 0.578117
1403638599427829504 8.655084 1.994986 2.430110 0.021500 0.818101 0.004584 0.574654
1403638599527829504 8.655460 2.260818 2.449829 0.014557 0.820266 0.015711 0.571581
1403638599627829504 8.654631 2.525334 2.463379 0.008660 0.821916 0.021039 0.569154
1403638599727829504 8.651636 2.789166 2.466892 0.006509 0.823106 0.024215 0.567334
1403638599827829504 8.651549 3.051953 2.462996 0.005419 0.823715 0.023391 0.566495
1403638599927829504 8.655193 3.312268 2.454278 0.002637 0.824953 0.019584 0.564856
1403638600027829504 8.663276 3.571769 2.441406 -0.002277 0.824357 0.012949 0.565918
1403638600127829504 8.674876 3.826536 2.425447 -0.010519 0.826472 0.003442 0.562870
1403638600227829504 8.688684 4.075048 2.405935 -0.022371 0.829282 -0.008286 0.558320
1403638600327829504 8.704895 4.315488 2.382257 -0.031143 0.830987 -0.017944 0.555130
1403638600427829504 8.726548 4.543926 2.360764 -0.038968 0.832246 -0.026299 0.552410
1403638600527829504 8.754552 4.757307 2.348871 -0.040109 0.832996 -0.029155 0.551053
1403638600627829504 8.787476 4.956374 2.346453 -0.039668 0.834342 -0.030530 0.548970
1403638600727829504 8.824758 5.141303 2.351743 -0.040231 0.836527 -0.031739 0.545525
1403638600827829504 8.865743 5.315484 2.361615 -0.036650 0.840449 -0.028632 0.539891
1403638600927829504 8.913622 5.473193 2.374650 -0.021073 0.843608 -0.016237 0.536300
1403638601027829504 8.968274 5.621254 2.382966 -0.007597 0.844441 -0.005080 0.535570
1403638601127829504 9.031488 5.764081 2.386351 -0.000977 0.843241 0.000618 0.537534
1403638601227829504 9.102413 5.898856 2.385090 0.007637 0.840266 0.008012 0.542062
1403638601327829504 9.179515 6.038540 2.380849 0.013939 0.832854 0.014539 0.553126
1403638601427829504 9.260990 6.181260 2.376481 0.003473 0.828452 0.016997 0.559792
1403638601527829504 9.343279 6.328036 2.378785 -0.008251 0.824198 0.026545 0.565620
1403638601627829504 9.425428 6.475258 2.387724 -0.019286 0.820798 0.043489 0.569234
1403638601727829504 9.507731 6.620440 2.402960 -0.031444 0.818182 0.066544 0.570230
1403638601827829504 9.586970 6.766426 2.426604 -0.044984 0.813751 0.094249 0.571754
1403638601927829504 9.663123 6.912973 2.456578 -0.059114 0.809128 0.121853 0.571812
1403638602027829504 9.736842 7.058154 2.484702 -0.072221 0.806702 0.142039 0.569071
1403638602127829504 9.807188 7.204302 2.506312 -0.080495 0.803572 0.157421 0.568341
1403638602227829504 9.873908 7.352770 2.522080 -0.086094 0.797221 0.174196 0.571561
1403638602327829504 9.934867 7.504120 2.534584 -0.099547 0.788569 0.190309 0.576221
1403638602427829504 9.988044 7.659598 2.552763 -0.131719 0.772751 0.198035 0.588463
1403638602527829504 10.032984 7.813169 2.579835 -0.167344 0.749162 0.203167 0.607844
1403638602627829504 10.063515 7.954520 2.613608 -0.196642 0.732145 0.211219 0.616994
1403638602727829504 10.079730 8.079898 2.651754 -0.211718 0.725896 0.228074 0.613378
1403638602827829504 10.082040 8.186913 2.695898 -0.219948 0.722080 0.249287 0.606695
1403638602927829504 10.067938 8.277076 2.743419 -0.234081 0.720396 0.267392 0.595598
1403638603027829504 10.040328 8.353586 2.790156 -0.255950 0.718934 0.281033 0.581932
1403638603127829504 10.005953 8.416658 2.833358 -0.272783 0.711085 0.294967 0.577012
1403638603227829504 9.963589 8.462074 2.866682 -0.277358 0.710347 0.310927 0.567278
1403638603327829504 9.914869 8.493397 2.888627 -0.271224 0.722165 0.327664 0.545483
1403638603427829504 9.862942 8.513794 2.902839 -0.265547 0.732941 0.338912 0.526707
1403638603527829504 9.812904 8.531873 2.913923 -0.263687 0.736440 0.344284 0.519224
1403638603627829504 9.763727 8.547992 2.921444 -0.268193 0.730317 0.346655 0.523965
1403638603727829504 9.714373 8.560851 2.922543 -0.265263 0.721892 0.351595 0.533749
1403638603827829504 9.663150 8.567393 2.916821 -0.259212 0.713804 0.357170 0.543804
1403638603927829504 9.605763 8.570341 2.903072 -0.252338 0.706551 0.361627 0.553477
1403638604027829504 9.541365 8.567898 2.882326 -0.247166 0.701364 0.364345 0.560580
1403638604127829504 9.465257 8.566524 2.862768 -0.243539 0.698292 0.365955 0.564936
1403638604227829504 9.380694 8.560968 2.849742 -0.246690 0.699682 0.364468 0.562808
1403638604327829504 9.283763 8.552997 2.844351 -0.253332 0.706200 0.360552 0.554172
1403638604427829504 9.179244 8.538927 2.844456 -0.255542 0.714343 0.359303 0.543428
1403638604527829504 9.072024 8.520604 2.851522 -0.252689 0.721572 0.361543 0.533638
1403638604627829504 8.961939 8.499855 2.858789 -0.251740 0.724669 0.362511 0.529214
1403638604727829504 8.849903 8.479092 2.860117 -0.255845 0.727328 0.359862 0.525392
1403638604827829504 8.737524 8.455703 2.858432 -0.259185 0.729645 0.357560 0.522104
1403638604927829504 8.626354 8.429609 2.858930 -0.257671 0.733738 0.358625 0.516354
1403638605027829504 8.517449 8.402335 2.864095 -0.254823 0.740908 0.360745 0.505948
1403638605127829504 8.410488 8.373671 2.878137 -0.252112 0.746230 0.362848 0.497917
1403638605227829504 8.307697 8.348209 2.898653 -0.249155 0.748031 0.365021 0.495107
1403638605327829504 8.210357 8.328189 2.916716 -0.244531 0.746911 0.368416 0.496586
1403638605427829504 8.116737 8.315511 2.930900 -0.237809 0.739215 0.373478 0.507466
1403638605527829504 8.019805 8.304375 2.937972 -0.231863 0.728909 0.377930 0.521633
1403638605627829504 7.921469 8.297489 2.939235 -0.225736 0.721437 0.382303 0.531429
1403638605727829504 7.817117 8.296022 2.938999 -0.222912 0.718141 0.384333 0.535603
1403638605827829504 7.710793 8.299174 2.948633 -0.221498 0.718673 0.385233 0.534830
1403638605927829504 7.594382 8.310709 2.963464 -0.218554 0.718130 0.386694 0.535715
1403638606027829504 7.474581 8.326262 2.984741 -0.214554 0.717419 0.388411 0.537042
1403638606127829504 7.344580 8.349845 2.997884 -0.211564 0.717536 0.389225 0.537481
1403638606227829504 7.210189 8.375975 3.007207 -0.208488 0.717694 0.390689 0.537411
1403638606327829504 7.066525 8.410792 3.005405 -0.209601 0.721705 0.388675 0.533048
1403638606427829504 6.919531 8.449561 2.998868 -0.216528 0.731999 0.382950 0.520233
1403638606527829504 6.769633 8.495859 2.983473 -0.224938 0.742665 0.376047 0.506400
1403638606627829504 6.621074 8.547111 2.964410 -0.230435 0.748758 0.374732 0.495819
1403638606727829504 6.477029 8.605725 2.940625 -0.234456 0.750196 0.381258 0.486702
1403638606827829504 6.336292 8.670377 2.913942 -0.241056 0.747618 0.392437 0.478490
1403638606927829504 6.203624 8.743165 2.889113 -0.250792 0.741548 0.406801 0.470875
1403638607027829504 6.078438 8.824909 2.870770 -0.264107 0.733280 0.421771 0.463310
1403638607127829504 5.961926 8.912508 2.861991 -0.280975 0.725677 0.431391 0.456451
1403638607227829504 5.854186 9.006701 2.859747 -0.295589 0.712959 0.437636 0.461292
1403638607327829504 5.749144 9.103491 2.851939 -0.308542 0.701164 0.439655 0.468908
1403638607427829504 5.647789 9.200406 2.834415 -0.317870 0.694545 0.440279 0.471933
1403638607527829504 5.549918 9.296300 2.807592 -0.322211 0.693609 0.440854 0.469824
1403638607627829504 5.457760 9.389146 2.776034 -0.323387 0.692349 0.442084 0.469718
1403638607727829504 5.369059 9.480150 2.742147 -0.323061 0.689951 0.442463 0.473102
1403638607827829504 5.284344 9.569025 2.704806 -0.322328 0.690572 0.442129 0.473008
1403638607927829504 5.205431 9.653622 2.664840 -0.324748 0.694781 0.438787 0.468278
1403638608027829504 5.130768 9.738195 2.619755 -0.326948 0.696507 0.435204 0.467526
1403638608127829504 5.064146 9.820149 2.571048 -0.325413 0.693872 0.434250 0.473366
1403638608227829504 5.001601 9.898687 2.517721 -0.321916 0.689883 0.434787 0.481032
1403638608327829504 4.944066 9.970982 2.460402 -0.321995 0.684884 0.433316 0.489378
1403638608427829504 4.885634 10.041528 2.398024 -0.322563 0.681343 0.432511 0.494630
1403638608527829504 4.832801 10.103768 2.329240 -0.321017 0.683164 0.433303 0.492426
1403638608627829504 4.774917 10.164910 2.258398 -0.323195 0.682404 0.430916 0.494146
1403638608727829504 4.722731 10.217742 2.193944 -0.327260 0.679570 0.428779 0.497227
1403638608827829504 4.665171 10.264756 2.131961 -0.325580 0.682273 0.430138 0.493439
1403638608927829504 4.612990 10.303025 2.079021 -0.324057 0.686097 0.431616 0.487817
1403638609027829504 4.561095 10.337692 2.032622 -0.324303 0.689752 0.431862 0.482250
1403638609127829504 4.511839 10.368278 1.993723 -0.323284 0.691206 0.432671 0.480122
1403638609227829504 4.463628 10.395786 1.957931 -0.330101 0.691239 0.427796 0.479805
1403638609327829504 4.416135 10.419611 1.917274 -0.333910 0.691677 0.424770 0.479226
1403638609427829504 4.373977 10.440434 1.869087 -0.330748 0.691637 0.426718 0.479746
1403638609527829504 4.334809 10.454573 1.814810 -0.327023 0.691702 0.428848 0.480306
1403638609627829504 4.298378 10.470923 1.754261 -0.325028 0.691748 0.429795 0.480747
1403638609727829504 4.263843 10.480100 1.689821 -0.322029 0.690567 0.431977 0.482504
1403638609827829504 4.230526 10.499349 1.627835 -0.322317 0.691670 0.431665 0.481009
1403638609927829504 4.200577 10.504512 1.575642 -0.322528 0.691267 0.431422 0.481665
1403638610027829504 4.176009 10.517118 1.530449 -0.324754 0.690178 0.429843 0.483140
1403638610127829504 4.152522 10.518360 1.494295 -0.327883 0.687347 0.427578 0.487056
1403638610227829504 4.130296 10.515483 1.456578 -0.329180 0.684597 0.426543 0.490946
1403638610327829504 4.109093 10.507199 1.413391 -0.330423 0.683713 0.425331 0.492392
1403638610427829504 4.088723 10.495490 1.362971 -0.331647 0.683388 0.424109 0.493076
1403638610527829504 4.069245 10.478000 1.308630 -0.331259 0.680442 0.424034 0.497455
1403638610627829504 4.051775 10.462593 1.249594 -0.336753 0.673365 0.419968 0.506758
1403638610727829504 4.030512 10.428062 1.194467 -0.337021 0.674052 0.420241 0.505439
1403638610827829504 4.007535 10.388036 1.142747 -0.333816 0.681330 0.423704 0.494804
1403638610927829504 3.987358 10.343459 1.102187 -0.332174 0.684261 0.426270 0.489634
1403638611027829504 3.969161 10.298831 1.062065 -0.334833 0.683264 0.424485 0.490765
1403638611127829504 3.951478 10.246561 1.018432 -0.337286 0.680610 0.423452 0.493657
1403638611227829504 3.935714 10.187302 0.971991 -0.337091 0.680058 0.424392 0.493743
1403638611327829504 3.920140 10.121879 0.928491 -0.334374 0.679403 0.426730 0.494477
1403638611427829504 3.903348 10.049712 0.889802 -0.323681 0.674751 0.433829 0.501731
1403638611527829504 3.881643 9.973918 0.855780 -0.312911 0.671849 0.440719 0.506431
1403638611627829504 3.855154 9.894250 0.827916 -0.307661 0.673747 0.443242 0.504922
1403638611727829504 3.825003 9.812695 0.803058 -0.309565 0.677939 0.441409 0.499726
1403638611827829504 3.794832 9.732373 0.776767 -0.315948 0.683822 0.436397 0.492058
1403638611927829504 3.762136 9.646703 0.744729 -0.319608 0.688644 0.432801 0.486110
1403638612027829504 3.731342 9.562777 0.712656 -0.321256 0.691367 0.431093 0.482665
1403638612127829504 3.702791 9.481149 0.683937 -0.322673 0.693257 0.429508 0.480416
1403638612227829504 3.675936 9.398634 0.664707 -0.321796 0.693836 0.429575 0.480109
1403638612327829504 3.653487 9.317150 0.651699 -0.321267 0.693474 0.429870 0.480722
1403638612427829504 3.632479 9.233814 0.640063 -0.320435 0.692469 0.429575 0.482984
1403638612527829504 3.613547 9.150844 0.622679 -0.318435 0.690464 0.429477 0.487245
1403638612627829504 3.594640 9.066310 0.598184 -0.313637 0.688785 0.431322 0.491089
1403638612727829504 3.573382 8.979255 0.565297 -0.309400 0.687015 0.432346 0.495337
1403638612827829504 3.552971 8.896897 0.531473 -0.308417 0.686102 0.430726 0.498617
1403638612927829504 3.525409 8.808395 0.497421 -0.309371 0.685686 0.428222 0.500750
1403638613027829504 3.499649 8.726237 0.472059 -0.309211 0.688188 0.427230 0.498257
1403638613127829504 3.470213 8.640848 0.455327 -0.309431 0.689707 0.426352 0.496771
1403638613227829504 3.436281 8.549546 0.442055 -0.309430 0.691428 0.425968 0.494703
1403638613327829504 3.406234 8.465513 0.438937 -0.308448 0.692002 0.426524 0.494035
1403638613427829504 3.370449 8.372816 0.435910 -0.307796 0.691278 0.426931 0.495102
1403638613527829504 3.336963 8.287794 0.430258 -0.308888 0.691218 0.423448 0.497491
1403638613627829504 3.302547 8.202385 0.418717 -0.310722 0.692863 0.417233 0.499309
1403638613727829504 3.262588 8.109066 0.398795 -0.314652 0.691933 0.410432 0.503755
1403638613827829504 3.226576 8.021467 0.372874 -0.314423 0.692492 0.403046 0.509065
1403638613927829504 3.188010 7.923197 0.339181 -0.309153 0.696721 0.394184 0.513442
1403638614027829504 3.151985 7.825421 0.303149 -0.298576 0.703900 0.383481 0.517995
1403638614127829504 3.113767 7.722015 0.263244 -0.285683 0.713472 0.370487 0.521615
1403638614227829504 3.072023 7.611308 0.225517 -0.272149 0.723515 0.357104 0.524345
1403638614327829504 3.029389 7.498208 0.194991 -0.262355 0.731485 0.345863 0.525812
1403638614427829504 2.984140 7.383123 0.171491 -0.257115 0.737342 0.336144 0.526523
1403638614527829504 2.940201 7.272577 0.159278 -0.254124 0.741853 0.328011 0.526767
1403638614627829504 2.896346 7.161109 0.153021 -0.250541 0.746432 0.317976 0.528167
1403638614727829504 2.855958 7.050999 0.157195 -0.248100 0.754050 0.303754 0.526866
1403638614827829504 2.817911 6.940219 0.172625 -0.242916 0.764830 0.286722 0.523275
1403638614927829504 2.785062 6.828688 0.196706 -0.232155 0.775292 0.269070 0.522137
1403638615027829504 2.759960 6.715967 0.225739 -0.217608 0.784431 0.248449 0.524965
1403638615127829504 2.742481 6.603637 0.260395 -0.197045 0.790985 0.227115 0.532855
1403638615227829504 2.730171 6.486985 0.299302 -0.172857 0.793108 0.206157 0.546442
1403638615327829504 2.720937 6.371854 0.338492 -0.150723 0.796251 0.182072 0.556882
1403638615427829504 2.711357 6.254230 0.371147 -0.129992 0.799800 0.156184 0.564827
1403638615527829504 2.701954 6.136163 0.396940 -0.110526 0.803819 0.130775 0.569700
1403638615627829504 2.691025 6.017199 0.416514 -0.095422 0.806344 0.109789 0.573281
1403638615727829504 2.678921 5.899513 0.435920 -0.085412 0.808242 0.095050 0.574817
1403638615827829504 2.665617 5.784292 0.463538 -0.078649 0.809518 0.084183 0.575681
1403638615927829504 2.650579 5.669508 0.494966 -0.073503 0.810581 0.071568 0.576571
1403638616027829504 2.634057 5.554129 0.520979 -0.065397 0.812230 0.059686 0.576580
1403638616127829504 2.615552 5.436878 0.538344 -0.055666 0.813197 0.047064 0.577406
1403638616227829504 2.595923 5.319933 0.540018 -0.045932 0.814681 0.030642 0.577275
1403638616327829504 2.574913 5.202077 0.523943 -0.033511 0.815690 0.011621 0.577401
1403638616427829504 2.552239 5.082888 0.497015 -0.020610 0.816373 -0.007331 0.577110
1403638616527829504 2.528661 4.962507 0.465234 -0.011189 0.817188 -0.022895 0.575807
1403638616627829504 2.505283 4.841773 0.430576 -0.003388 0.820129 -0.033785 0.571170
1403638616727829504 2.482658 4.719357 0.392532 -0.001743 0.827322 -0.043323 0.560052
1403638616827829504 2.467585 4.596051 0.350907 -0.006581 0.834956 -0.052371 0.547779
1403638616927829504 2.460053 4.471617 0.313409 -0.006956 0.837084 -0.055094 0.544248
1403638617027829504 2.459609 4.343148 0.286684 0.000031 0.833845 -0.050192 0.549712
1403638617127829504 2.464729 4.212753 0.269040 0.006967 0.829977 -0.043355 0.556066
1403638617227829504 2.473411 4.081979 0.257575 0.010426 0.829800 -0.037685 0.556689
1403638617327829504 2.485801 3.952294 0.250628 0.009692 0.832994 -0.034743 0.552104
1403638617427829504 2.502749 3.824212 0.249351 0.010384 0.837155 -0.031076 0.545984
1403638617527829504 2.525129 3.698265 0.258741 0.010212 0.838912 -0.027736 0.543463
1403638617627829504 2.554019 3.573261 0.272638 0.010148 0.838473 -0.024936 0.544278
1403638617727829504 2.591128 3.454930 0.298571 0.011906 0.836745 -0.020768 0.547069
1403638617827829504 2.634191 3.338493 0.329295 0.012147 0.836640 -0.018088 0.547320
1403638617927829504 2.681490 3.229041 0.368317 0.010723 0.835472 -0.017090 0.549163
1403638618027829504 2.733718 3.120898 0.405583 0.009678 0.835006 -0.015943 0.549925
1403638618127829504 2.790091 3.018088 0.436641 0.007711 0.835116 -0.015515 0.549800
1403638618227829504 2.849941 2.916465 0.461822 0.007167 0.834869 -0.014385 0.550214
1403638618327829504 2.912745 2.819446 0.481631 0.007556 0.834182 -0.012901 0.551287
1403638618427829504 2.979260 2.723828 0.497735 0.007388 0.834078 -0.011868 0.551470
1403638618527829504 3.049119 2.633052 0.512789 0.006806 0.833526 -0.010755 0.552334
1403638618627829504 3.122924 2.542838 0.524554 0.009491 0.833180 -0.012641 0.552777
1403638618727829504 3.199035 2.457580 0.539412 0.013691 0.832948 -0.014944 0.552979
1403638618827829504 3.278943 2.376526 0.559474 0.015041 0.831781 -0.018959 0.554576
1403638618927829504 3.361699 2.297178 0.584448 0.019865 0.829135 -0.024341 0.558164
1403638619027829504 3.446736 2.219490 0.605351 0.028533 0.824728 -0.035677 0.563682
1403638619127829504 3.532265 2.141820 0.618630 0.042504 0.821143 -0.051566 0.566796
1403638619227829504 3.618195 2.068990 0.624175 0.056240 0.817576 -0.073318 0.568359
1403638619327829504 3.704127 1.998052 0.622396 0.071741 0.813992 -0.098259 0.567992
1403638619427829504 3.788089 1.931418 0.613168 0.085056 0.809428 -0.121731 0.568132
1403638619527829504 3.873206 1.868330 0.602455 0.093366 0.805483 -0.140133 0.568192
1403638619627829504 3.957896 1.807469 0.589642 0.096150 0.802518 -0.155664 0.567881
1403638619727829504 4.041457 1.747340 0.574016 0.090649 0.799889 -0.170533 0.568225
1403638619827829504 4.122469 1.683946 0.557218 0.088353 0.797065 -0.179542 0.569776
1403638619927829504 4.197869 1.620594 0.534046 0.088900 0.795534 -0.184565 0.570226
1403638620027829504 4.269677 1.550979 0.514949 0.091536 0.794284 -0.186569 0.570899
1403638620127829504 4.335463 1.480239 0.495171 0.094947 0.791498 -0.186651 0.574175
1403638620227829504 4.394635 1.406071 0.487106 0.097714 0.789229 -0.186153 0.576990
1403638620327829504 4.447876 1.330870 0.481987 0.101787 0.790889 -0.183678 0.574801
1403638620427829504 4.493319 1.254530 0.488009 0.103133 0.791966 -0.182023 0.573604
1403638620527829504 4.535664 1.176447 0.493916 0.103733 0.793236 -0.179839 0.572428
1403638620627829504 4.572065 1.098565 0.497521 0.101882 0.795378 -0.179132 0.570006
1403638620727829504 4.607686 1.019077 0.494305 0.098009 0.798583 -0.179748 0.565995
1403638620827829504 4.639624 0.939124 0.485814 0.096762 0.801598 -0.178317 0.562389
1403638620927829504 4.666920 0.859732 0.475321 0.101786 0.803453 -0.172342 0.560715
1403638621027829504 4.698747 0.775716 0.460974 0.106455 0.802677 -0.166470 0.562730
1403638621127829504 4.723898 0.697436 0.446437 0.107097 0.801514 -0.163496 0.565132
1403638621227829504 4.753102 0.616524 0.439945 0.106729 0.799969 -0.161121 0.568066
1403638621327829504 4.781010 0.539103 0.438958 0.108255 0.800446 -0.158169 0.567935
1403638621427829504 4.807489 0.463761 0.438434 0.108152 0.799253 -0.156109 0.570199
1403638621527829504 4.829842 0.393730 0.432075 0.109113 0.797250 -0.153638 0.573483
1403638621627829504 4.851947 0.325462 0.421133 0.109003 0.795570 -0.152264 0.576197
1403638621727829504 4.869393 0.265430 0.403566 0.109315 0.794736 -0.151203 0.577566
1403638621827829504 4.886688 0.202521 0.383330 0.110764 0.792429 -0.149649 0.580855
1403638621927829504 4.897432 0.147169 0.361123 0.112245 0.788984 -0.148117 0.585634
1403638622027829504 4.902699 0.103337 0.334919 0.111631 0.787454 -0.148273 0.587766
1403638622127829504 4.906087 0.054134 0.305541 0.109088 0.788073 -0.150488 0.586851
1403638622227829504 4.900606 0.022108 0.278504 0.106996 0.788358 -0.152412 0.586356
1403638622327829504 4.894078 -0.020570 0.254676 0.104719 0.788333 -0.154411 0.586279
1403638622427829504 4.879168 -0.056522 0.240690 0.107248 0.789187 -0.153882 0.584809
1403638622527829504 4.855078 -0.078875 0.238407 0.110440 0.789190 -0.152830 0.584487
1403638622627829504 4.831714 -0.111880 0.237623 0.115429 0.787638 -0.150345 0.586258
1403638622727829504 4.800159 -0.128920 0.252239 0.118825 0.779655 -0.148802 0.596554
1403638622827829504 4.766972 -0.151163 0.270081 0.120735 0.769997 -0.148354 0.608702
1403638622927829504 4.724773 -0.157970 0.294032 0.120418 0.770069 -0.149607 0.608368
1403638623027829504 4.672786 -0.161545 0.312089 0.117911 0.776211 -0.152669 0.600238
1403638623127829504 4.613912 -0.164104 0.322172 0.113952 0.781924 -0.156273 0.592611
1403638623227829504 4.547383 -0.158849 0.327613 0.110051 0.784988 -0.159207 0.588503
1403638623327829504 4.476620 -0.154191 0.328879 0.107658 0.788442 -0.161039 0.583810
1403638623427829504 4.403144 -0.152138 0.324863 0.107779 0.791194 -0.161141 0.580026
1403638623527829504 4.325775 -0.146602 0.319334 0.106500 0.791703 -0.162018 0.579322
1403638623627829504 4.246103 -0.142580 0.319157 0.109336 0.791101 -0.160763 0.579966
1403638623727829504 4.161667 -0.136370 0.326305 0.111091 0.791798 -0.160400 0.578781
1403638623827829504 4.073705 -0.129293 0.338712 0.112794 0.792645 -0.160145 0.577361
1403638623927829504 3.981386 -0.120285 0.354887 0.114402 0.794367 -0.160816 0.574484
1403638624027829504 3.886552 -0.109573 0.364977 0.114644 0.795024 -0.162033 0.573183
1403638624127829504 3.790654 -0.097164 0.370692 0.112443 0.795472 -0.164944 0.572166
1403638624227829504 3.694310 -0.085083 0.372542 0.109976 0.795413 -0.167851 0.571882
1403638624327829504 3.595791 -0.072331 0.368563 0.108905 0.794666 -0.169855 0.572533
1403638624427829504 3.497657 -0.059490 0.360968 0.108860 0.794407 -0.171199 0.572501
1403638624527829504 3.399805 -0.049030 0.352903 0.107756 0.791279 -0.173504 0.576335
1403638624627829504 3.297138 -0.037515 0.337227 0.105274 0.781556 -0.175947 0.589177
1403638624727829504 3.191075 -0.026596 0.322202 0.109610 0.784028 -0.169189 0.587079
1403638624827829504 3.088377 -0.018027 0.317036 0.112679 0.791113 -0.159528 0.579650
1403638624927829504 2.973153 -0.002718 0.316260 0.110034 0.795568 -0.154154 0.575500
1403638625027829504 2.868096 0.008264 0.322645 0.102689 0.797195 -0.152372 0.575081
1403638625127829504 2.764812 0.020089 0.325407 0.094423 0.798303 -0.152894 0.574822
1403638625227829504 2.651351 0.035475 0.322536 0.090323 0.799435 -0.152049 0.574131
1403638625327829504 2.547461 0.044586 0.319132 0.088993 0.799823 -0.150550 0.574194
1403638625427829504 2.434083 0.056550 0.315115 0.088513 0.799655 -0.149336 0.574818
1403638625527829504 2.322200 0.066743 0.318469 0.088474 0.799471 -0.148848 0.575207
1403638625627829504 2.218158 0.070357 0.329864 0.088944 0.801012 -0.148571 0.573059
1403638625727829504 2.106239 0.078104 0.344646 0.087809 0.803930 -0.149343 0.568932
1403638625827829504 1.996669 0.083688 0.357327 0.087061 0.808272 -0.150366 0.562590
1403638625927829504 1.890315 0.083364 0.369160 0.088186 0.809298 -0.150059 0.561019
1403638626027829504 1.782602 0.085197 0.372508 0.088102 0.810039 -0.151098 0.559682
1403638626127829504 1.679445 0.082749 0.372066 0.086357 0.810444 -0.152942 0.558866
1403638626227829504 1.578107 0.080793 0.365857 0.087951 0.810307 -0.152339 0.558982
1403638626327829504 1.478556 0.076900 0.356138 0.094288 0.808390 -0.148459 0.561761
1403638626427829504 1.389121 0.072134 0.341865 0.099942 0.806266 -0.144335 0.564902
1403638626527829504 1.296384 0.069098 0.325753 0.101359 0.807577 -0.142951 0.563126
1403638626627829504 1.203628 0.068324 0.308511 0.100157 0.809633 -0.143738 0.560180
1403638626727829504 1.113506 0.068031 0.295593 0.098449 0.812458 -0.144487 0.556187
1403638626827829504 1.029372 0.067905 0.288606 0.096708 0.815660 -0.145473 0.551529
1403638626927829504 0.950100 0.067016 0.290455 0.096696 0.817917 -0.144991 0.548306
1403638627027829504 0.878327 0.065767 0.293656 0.096056 0.817982 -0.144828 0.548364
1403638627127829504 0.810213 0.064126 0.294509 0.095306 0.817769 -0.144661 0.548857
1403638627227829504 0.746292 0.061510 0.290455 0.094693 0.817660 -0.144461 0.549177
1403638627327829504 0.688325 0.058960 0.283233 0.097321 0.817689 -0.142204 0.549264
1403638627427829504 0.639246 0.056742 0.268616 0.098533 0.817606 -0.141217 0.549426
1403638627527829504 0.593669 0.053415 0.258079 0.098238 0.817275 -0.141515 0.549894
1403638627627829504 0.554797 0.051313 0.245157 0.101514 0.815243 -0.140026 0.552690
1403638627727829504 0.520962 0.050336 0.230628 0.102458 0.812201 -0.139799 0.557036
1403638627827829504 0.489505 0.049765 0.214941 0.103618 0.810888 -0.139462 0.558815
1403638627927829504 0.479414 0.050580 0.190882 0.104515 0.812122 -0.139545 0.556832
1403638628027829504 0.449339 0.052622 0.176592 0.105683 0.813684 -0.139460 0.554347
1403638628127829504 0.424801 0.057458 0.162913 0.106277 0.814635 -0.140005 0.552697
1403638628227829504 0.403016 0.064799 0.150078 0.106681 0.814732 -0.140734 0.552290
1403638628327829504 0.408929 0.073989 0.134322 0.106393 0.815465 -0.141976 0.550945
1403638628427829504 0.395769 0.082209 0.127706 0.103871 0.815026 -0.144048 0.551537
1403638628527829504 0.390090 0.091663 0.124297 0.095557 0.809199 -0.150367 0.559872
1403638628627829504 0.387031 0.099756 0.123338 0.089279 0.802414 -0.155036 0.569319
1403638628727829504 0.381394 0.106616 0.122017 0.086795 0.801927 -0.156806 0.569905
1403638628827829504 0.405966 0.114442 0.114014 0.090601 0.803484 -0.154895 0.567637
1403638628927829504 0.391726 0.116315 0.102163 0.094984 0.803563 -0.152483 0.567463
1403638629027829504 0.383299 0.119301 0.091008 0.099996 0.804584 -0.149074 0.566059
1403638629127829504 0.372419 0.122932 0.081933 0.103448 0.805902 -0.146314 0.564281
1403638629227829504 0.370432 0.133342 0.077654 0.105417 0.806952 -0.144837 0.562795
1403638629327829504 0.360271 0.139328 0.074333 0.106709 0.807772 -0.144222 0.561532
1403638629427829504 0.353844 0.146693 0.072956 0.106260 0.811859 -0.145160 0.555447
1403638629527829504 0.353681 0.152004 0.075648 0.103451 0.816525 -0.147711 0.548421
1403638629627829504 0.357511 0.159815 0.078242 0.096379 0.816795 -0.153209 0.547799
1403638629727829504 0.363764 0.164576 0.081776 0.086242 0.812729 -0.160882 0.553309
1403638629827829504 0.371753 0.167316 0.084150 0.082395 0.806706 -0.164139 0.561689
1403638629927829504 0.378937 0.166008 0.078989 0.087583 0.800560 -0.161376 0.570430
1403638630027829504 0.382693 0.162100 0.065140 0.098486 0.794728 -0.154054 0.578770
1403638630127829504 0.383541 0.158975 0.040484 0.105078 0.795127 -0.149304 0.578308
1403638630227829504 0.381202 0.158268 0.008903 0.107674 0.799225 -0.147197 0.572695
1403638630327829504 0.376412 0.158642 -0.028494 0.110045 0.805851 -0.146764 0.562987
1403638630427829504 0.383892 0.162739 -0.030438 0.095332 0.812032 -0.153207 0.555016
1403638630527829504 0.393456 0.163958 -0.022014 0.104445 0.802482 -0.145905 0.569057
1403638630627829504 0.402049 0.166361 -0.033856 0.105266 0.801677 -0.146290 0.569941
1403638630727829504 0.406120 0.165132 -0.052191 0.095728 0.827904 -0.139550 0.534730
1403638630827829504 0.396149 0.162400 -0.056695 0.100077 0.825349 -0.141478 0.537371
1403638630927829504 0.389940 0.164334 -0.062132 0.099128 0.826205 -0.139717 0.536692
1403638631027829504 0.383239 0.165945 -0.066197 0.098635 0.826449 -0.139988 0.536337
1403638631127829504 0.375155 0.167884 -0.071009 0.098211 0.826483 -0.140349 0.536268
1403638631227829504 0.366387 0.169962 -0.075410 0.098409 0.826489 -0.140239 0.536250
1403638631327829504 0.358116 0.171742 -0.079751 0.098412 0.826384 -0.140306 0.536394
1403638631427829504 0.349336 0.173771 -0.083917 0.098628 0.826402 -0.140149 0.536368
1403638631527829504 0.340601 0.175736 -0.087843 0.098660 0.826496 -0.140264 0.536188
1403638631627829504 0.331858 0.177720 -0.091681 0.098899 0.826573 -0.140119 0.536063
