1413393890455760384 0.092309 0.071005 0.304766 0.172523 0.746379 -0.141341 0.627038
1413393890555760384 0.132494 0.067918 0.306096 0.255468 0.700774 -0.212983 0.631102
1413393890655760384 0.143089 0.088167 0.308968 0.215453 0.700633 -0.177622 0.656616
1413393890755760384 0.176572 0.086125 0.306770 0.264425 0.693468 -0.215934 0.634471
1413393890855760384 0.173360 0.127680 0.315133 0.188609 0.724277 -0.160426 0.643516
1413393890955760384 0.179719 0.157665 0.322792 0.162337 0.739836 -0.139359 0.637862
1413393891055760384 0.191310 0.181518 0.330756 0.159824 0.747937 -0.134742 0.629993
1413393891155760384 0.202236 0.207991 0.345732 0.154492 0.750376 -0.131587 0.629089
1413393891255760384 0.213754 0.232457 0.357511 0.156883 0.747683 -0.133785 0.631236
1413393891355760384 0.194129 0.280945 0.363126 0.100380 0.743935 -0.086275 0.655012
1413393891455760384 0.242281 0.278923 0.346792 0.175071 0.687696 -0.125606 0.693287
1413393891555760384 0.219178 0.325333 0.335551 0.155491 0.665645 -0.107957 0.721861
1413393891655760384 0.170740 0.373462 0.320604 0.144741 0.665627 -0.096693 0.725700
1413393891755760384 0.238105 0.385467 0.282021 0.293186 0.637559 -0.182942 0.688544
1413393891855760384 -0.000857 0.494198 0.304520 0.119133 0.676757 -0.080503 0.722029
1413393891955760384 -0.120552 0.559373 0.299742 0.114796 0.708260 -0.080660 0.691869
1413393892055760384 -0.193714 0.665212 0.291856 0.154464 0.738560 -0.120113 0.645169
1413393892155760384 -0.418495 0.669937 0.313674 0.094298 0.772250 -0.071764 0.624170
1413393892255760384 -0.668109 0.573789 0.352584 0.015819 0.790229 -0.005729 0.612580
1413393892355760384 -0.753516 0.748370 0.337693 0.073422 0.792878 -0.051841 0.602715
1413393892455760384 -0.782025 0.995093 0.312944 0.143897 0.790219 -0.115462 0.584394
1413393892555760384 -0.891680 1.088970 0.302171 0.155498 0.796597 -0.116720 0.572390
1413393892655760384 -1.076984 1.052594 0.284396 0.108604 0.808007 -0.094435 0.571325
1413393892755760384 -1.252444 0.981707 0.254438 0.095255 0.827825 -0.042022 0.551242
1413393892855760384 -1.458124 0.348557 0.234085 -0.063627 0.832173 0.144317 0.531614
1413393892955760384 -1.524456 0.794959 0.210717 0.036872 0.856463 0.021859 0.514425
1413393893055760384 -1.586877 0.845627 0.195664 0.039448 0.861806 0.020382 0.505291
1413393893155760384 -1.646936 0.811168 0.197853 0.012743 0.861018 0.046463 0.506288
1413393893255760384 -1.639891 0.897542 0.201112 0.028715 0.856265 0.033620 0.514642
1413393893355760384 -1.627664 0.923090 0.218822 0.011756 0.853113 0.036683 0.520303
1413393893455760384 -1.594970 0.964557 0.236888 -0.001375 0.850493 0.032330 0.524990
1413393893555760384 -1.547949 1.011542 0.253084 -0.011185 0.849577 0.028681 0.526565
1413393893655760384 -1.485897 1.057512 0.270434 -0.020793 0.849081 0.025663 0.527228
1413393893755760384 -1.413467 1.097179 0.292974 -0.036748 0.847299 0.026782 0.529167
1413393893855760384 -1.331387 1.135901 0.322347 -0.054308 0.840058 0.034662 0.538658
1413393893955760384 -1.230788 1.173533 0.352252 -0.062649 0.827362 0.041507 0.556618
1413393894055760384 -1.121838 1.210002 0.383503 -0.070732 0.818639 0.046930 0.568001
1413393894155760384 -1.006677 1.244787 0.416208 -0.078548 0.814883 0.049669 0.572126
1413393894255760384 -0.881753 1.266633 0.445057 -0.079309 0.814084 0.047970 0.573303
1413393894355760384 -0.752166 1.278040 0.468014 -0.077337 0.813706 0.044290 0.574404
1413393894455760384 -0.619060 1.281842 0.473875 -0.069866 0.813406 0.044185 0.575792
1413393894555760384 -0.483493 1.279509 0.464741 -0.060769 0.811360 0.044652 0.579662
1413393894655760384 -0.344958 1.264720 0.445301 -0.048894 0.809632 0.043970 0.583243
1413393894755760384 -0.207204 1.242196 0.425902 -0.039338 0.808011 0.042586 0.586308
1413393894855760384 -0.070993 1.217700 0.410265 -0.034662 0.807033 0.040210 0.588115
1413393894955760384 0.063060 1.186457 0.398978 -0.027418 0.802254 0.038618 0.595101
1413393895055760384 0.193901 1.155680 0.392385 -0.022858 0.795140 0.037492 0.604835
1413393895155760384 0.320628 1.123835 0.388295 -0.017011 0.794818 0.037378 0.605456
1413393895255760384 0.442472 1.094749 0.386632 -0.014002 0.797814 0.036939 0.601607
1413393895355760384 0.559570 1.064715 0.382441 -0.011240 0.795795 0.036363 0.604369
1413393895455760384 0.671166 1.032105 0.369676 -0.007502 0.793156 0.034607 0.607988
1413393895555760384 0.779542 1.002309 0.350325 -0.003425 0.792560 0.028728 0.609107
1413393895655760384 0.884405 0.969810 0.332898 0.004163 0.793024 0.018113 0.608907
1413393895755760384 0.984522 0.936505 0.321649 0.017403 0.789335 0.005212 0.613693
1413393895855760384 1.079919 0.902437 0.314466 0.033006 0.785607 -0.014267 0.617680
1413393895955760384 1.164731 0.868039 0.310753 0.052954 0.783561 -0.040385 0.617736
1413393896055760384 1.241004 0.834443 0.308416 0.079301 0.782484 -0.069587 0.613668
1413393896155760384 1.310824 0.803511 0.307918 0.106933 0.777034 -0.102528 0.611777
1413393896255760384 1.374548 0.778945 0.310457 0.135682 0.765389 -0.134142 0.614635
1413393896355760384 1.428430 0.762215 0.315023 0.162642 0.751567 -0.165003 0.617632
1413393896455760384 1.471055 0.752630 0.323384 0.177567 0.735781 -0.205641 0.620329
1413393896555760384 1.503434 0.755338 0.333375 0.180963 0.727133 -0.249210 0.613534
1413393896655760384 1.532031 0.764099 0.343729 0.180317 0.723968 -0.287689 0.600493
1413393896755760384 1.555232 0.771473 0.357134 0.174371 0.720766 -0.323328 0.587835
1413393896855760384 1.569015 0.769928 0.373744 0.167779 0.717668 -0.356939 0.573931
1413393896955760384 1.572474 0.753369 0.391644 0.164649 0.720644 -0.388228 0.550311
1413393897055760384 1.572968 0.717609 0.406219 0.175176 0.738663 -0.403655 0.510641
1413393897155760384 1.570833 0.660923 0.418093 0.206684 0.755348 -0.400018 0.476147
1413393897255760384 1.569678 0.591985 0.428692 0.253518 0.758646 -0.383233 0.461863
1413393897355760384 1.583745 0.519580 0.441270 0.298064 0.749922 -0.361516 0.466992
1413393897455760384 1.612774 0.444609 0.452338 0.308912 0.735855 -0.360269 0.483008
1413393897555760384 1.649326 0.368991 0.461609 0.302455 0.725067 -0.365181 0.499442
1413393897655760384 1.692643 0.300969 0.468676 0.292621 0.722265 -0.371280 0.504833
1413393897755760384 1.741811 0.243741 0.476940 0.288509 0.723204 -0.374214 0.503689
1413393897855760384 1.800998 0.198054 0.485088 0.291915 0.724363 -0.373937 0.500256
1413393897955760384 1.868703 0.161169 0.492768 0.302993 0.723412 -0.377278 0.492475
1413393898055760384 1.949230 0.130768 0.497719 0.324065 0.718042 -0.383219 0.482225
1413393898155760384 2.023066 0.082670 0.520357 0.350395 0.698169 -0.389730 0.487744
1413393898255760384 2.116295 0.062673 0.533953 0.373298 0.664364 -0.402332 0.507344
1413393898355760384 2.209644 0.057238 0.553020 0.385124 0.627933 -0.414650 0.534271
1413393898455760384 2.294016 0.073655 0.575755 0.388818 0.590040 -0.423583 0.566791
1413393898555760384 2.363881 0.107859 0.594532 0.370633 0.573743 -0.443141 0.580583
1413393898655760384 2.420201 0.161879 0.597893 0.335141 0.593992 -0.476124 0.555122
1413393898755760384 2.461949 0.227498 0.590963 0.298093 0.624717 -0.508574 0.512076
1413393898855760384 2.491269 0.289507 0.579979 0.262681 0.657488 -0.537339 0.458231
1413393898955760384 2.510980 0.332839 0.578531 0.241364 0.680474 -0.555801 0.412049
1413393899055760384 2.527160 0.342973 0.589420 0.244860 0.699219 -0.556615 0.375920
1413393899155760384 2.543656 0.315160 0.617489 0.287918 0.700403 -0.531605 0.379386
1413393899255760384 2.570685 0.263171 0.658700 0.348681 0.670445 -0.493586 0.430461
1413393899355760384 2.604570 0.210947 0.703875 0.397437 0.622665 -0.456390 0.496025
1413393899455760384 2.638459 0.174413 0.746571 0.422824 0.581180 -0.430475 0.546023
1413393899555760384 2.668605 0.168066 0.789174 0.428216 0.544144 -0.412903 0.591650
1413393899655760384 2.686463 0.195518 0.822881 0.412873 0.528514 -0.412980 0.616162
1413393899755760384 2.686483 0.257445 0.844696 0.372229 0.551278 -0.438527 0.604344
1413393899855760384 2.666120 0.345005 0.858730 0.317699 0.591253 -0.477719 0.566808
1413393899955760384 2.625523 0.442981 0.864046 0.257364 0.635885 -0.520513 0.508410
1413393900055760384 2.569456 0.531751 0.867629 0.217536 0.665357 -0.551413 0.453786
1413393900155760384 2.500130 0.596087 0.870931 0.209789 0.683207 -0.563790 0.413953
1413393900255760384 2.423436 0.628110 0.870832 0.226203 0.698850 -0.559867 0.383392
1413393900355760384 2.349436 0.625732 0.868783 0.265545 0.708465 -0.539490 0.369478
1413393900455760384 2.289078 0.603251 0.862941 0.317033 0.697263 -0.514362 0.385676
1413393900555760384 2.233444 0.560201 0.851645 0.362425 0.674173 -0.483161 0.425083
1413393900655760384 2.188683 0.517247 0.831058 0.402244 0.636998 -0.451550 0.478055
1413393900755760384 2.148333 0.487277 0.800500 0.424595 0.600584 -0.429179 0.524236
1413393900855760384 2.108283 0.481427 0.764622 0.421220 0.580128 -0.427332 0.550829
1413393900955760384 2.064762 0.504558 0.725605 0.392285 0.586204 -0.448234 0.549148
1413393901055760384 2.012887 0.551129 0.686927 0.350118 0.605962 -0.479854 0.529119
1413393901155760384 1.946657 0.611884 0.653184 0.318467 0.640266 -0.504790 0.483554
1413393901255760384 1.875488 0.669937 0.628515 0.304292 0.673893 -0.515699 0.432815
1413393901355760384 1.808393 0.707018 0.616258 0.298786 0.694148 -0.520036 0.398056
1413393901455760384 1.750581 0.723725 0.607726 0.294622 0.705150 -0.523630 0.376526
1413393901555760384 1.705708 0.720831 0.604808 0.297293 0.712836 -0.522040 0.361878
1413393901655760384 1.674540 0.689324 0.605499 0.315265 0.714494 -0.509541 0.361212
1413393901755760384 1.657002 0.632294 0.613096 0.349063 0.702689 -0.485314 0.385815
1413393901855760384 1.658128 0.563592 0.622563 0.370312 0.682240 -0.470027 0.420111
1413393901955760384 1.671575 0.494437 0.627111 0.370484 0.670856 -0.471147 0.436709
1413393902055760384 1.694017 0.426980 0.631981 0.366817 0.667562 -0.475131 0.440518
1413393902155760384 1.721924 0.360208 0.638933 0.367004 0.666956 -0.475738 0.440626
1413393902255760384 1.762502 0.295205 0.651351 0.368501 0.667115 -0.475364 0.439538
1413393902355760384 1.794713 0.219174 0.653429 0.369134 0.667572 -0.474641 0.439094
1413393902455760384 1.843042 0.147651 0.654625 0.372680 0.665321 -0.472057 0.442288
1413393902555760384 1.903078 0.081798 0.653597 0.375628 0.662588 -0.470111 0.445955
1413393902655760384 1.969704 0.015505 0.656672 0.374447 0.662919 -0.471313 0.445187
1413393902755760384 2.045149 -0.045330 0.673580 0.372201 0.663398 -0.473332 0.444215
1413393902855760384 2.129117 -0.103165 0.701713 0.356407 0.661292 -0.485703 0.446945
1413393902955760384 2.217982 -0.162818 0.733808 0.330047 0.660155 -0.505407 0.447020
1413393903055760384 2.307759 -0.230656 0.767089 0.311044 0.657275 -0.519814 0.448369
1413393903155760384 2.393016 -0.307453 0.804825 0.316158 0.654139 -0.517255 0.452320
1413393903255760384 2.475162 -0.394360 0.841211 0.331189 0.650444 -0.509471 0.455715
1413393903355760384 2.552036 -0.484438 0.872489 0.347114 0.644128 -0.508714 0.453674
1413393903455760384 2.625595 -0.576921 0.891813 0.361424 0.629384 -0.521397 0.448768
1413393903555760384 2.695536 -0.668754 0.889729 0.373226 0.606749 -0.542425 0.445346
1413393903655760384 2.759389 -0.756477 0.877784 0.387687 0.576387 -0.560437 0.450985
1413393903755760384 2.815394 -0.837944 0.865714 -0.398701 -0.549325 0.577800 -0.453240
1413393903855760384 2.862503 -0.913674 0.855832 -0.398889 -0.530375 0.596611 -0.451270
1413393903955760384 2.900067 -0.983716 0.850680 -0.393621 -0.515678 0.613259 -0.450614
1413393904055760384 2.922786 -1.047311 0.849131 -0.392287 -0.507954 0.622554 -0.447794
1413393904155760384 2.929897 -1.104820 0.841166 -0.397826 -0.509159 0.624067 -0.439355
1413393904255760384 2.928741 -1.159583 0.830238 -0.402850 -0.515903 0.623786 -0.427139
1413393904355760384 2.913716 -1.208211 0.830557 -0.408864 -0.519113 0.620912 -0.421686
1413393904455760384 2.888492 -1.254562 0.848374 -0.412892 -0.517572 0.622081 -0.417917
1413393904555760384 2.853051 -1.302641 0.883666 -0.421962 -0.513303 0.625187 -0.409401
1413393904655760384 2.811047 -1.347880 0.917749 -0.433150 -0.520542 0.633308 -0.374617
1413393904755760384 2.766699 -1.392603 0.942378 -0.438013 -0.523782 0.649044 -0.335469
1413393904855760384 2.723810 -1.442097 0.960630 -0.445283 -0.517051 0.664019 -0.305711
1413393904955760384 2.683449 -1.501152 0.974217 -0.464214 -0.498371 0.671710 -0.291442
1413393905055760384 2.646407 -1.571366 0.980927 -0.491781 -0.470092 0.673867 -0.288216
1413393905155760384 2.615512 -1.645120 0.974412 0.512756 0.441422 -0.679911 0.282752
1413393905255760384 2.591546 -1.719646 0.953225 0.524548 0.411004 -0.691598 0.278600
1413393905355760384 2.574066 -1.794013 0.927618 0.531366 0.380439 -0.705888 0.273200
1413393905455760384 2.560931 -1.867838 0.904765 0.536924 0.353187 -0.719403 0.263496
1413393905555760384 2.552032 -1.937905 0.885734 0.538997 0.324944 -0.734649 0.253346
1413393905655760384 2.544542 -2.003033 0.868364 0.536213 0.292684 -0.752405 0.246371
1413393905755760384 2.535989 -2.061516 0.855471 0.537600 0.258474 -0.765548 0.241068
1413393905855760384 2.522387 -2.111879 0.846406 0.532341 0.225205 -0.780789 0.237199
1413393905955760384 2.500420 -2.153251 0.840842 0.518791 0.198744 -0.799921 0.226899
1413393906055760384 2.464834 -2.184458 0.842845 0.514589 0.182656 -0.812509 0.204118
1413393906155760384 2.414705 -2.210848 0.849344 0.527696 0.179166 -0.813100 0.168243
1413393906255760384 2.357652 -2.234756 0.849525 0.552654 0.175950 -0.803188 0.136029
1413393906355760384 2.295348 -2.259782 0.839231 0.573659 0.169464 -0.793361 0.113027
1413393906455760384 2.235801 -2.285098 0.816079 0.585000 0.159000 -0.789000 0.099870
1413393906555760384 2.183002 -2.309829 0.778433 0.591212 0.143403 -0.788089 0.093910
1413393906655760384 2.135267 -2.334221 0.729037 0.593540 0.120529 -0.789689 0.097849
1413393906755760384 2.091926 -2.356462 0.676718 0.591457 0.094605 -0.792726 0.113198
1413393906855760384 2.051118 -2.372911 0.628504 0.594407 0.077363 -0.790985 0.122631
1413393906955760384 2.012893 -2.380277 0.582925 0.600753 0.071386 -0.786825 0.122095
1413393907055760384 1.978737 -2.376337 0.542193 0.603849 0.076844 -0.785659 0.110461
1413393907155760384 1.949989 -2.367642 0.498218 0.602651 0.088821 -0.787766 0.091365
1413393907255760384 1.930217 -2.350607 0.459855 0.601852 0.104715 -0.788916 0.066487
1413393907355760384 1.916996 -2.338909 0.422423 0.601768 0.125809 -0.787968 0.033957
1413393907455760384 1.911636 -2.335985 0.390587 0.596667 0.127833 -0.791760 0.027630
1413393907555760384 1.911594 -2.345753 0.374982 0.592662 0.112359 -0.796088 0.048700
1413393907655760384 1.912788 -2.361932 0.374756 0.590945 0.099472 -0.797736 0.067132
1413393907755760384 1.916340 -2.378467 0.368832 0.585573 0.092887 -0.801681 0.076051
1413393907855760384 1.920851 -2.393103 0.345583 0.587907 0.088893 -0.799999 0.080400
1413393907955760384 1.927988 -2.404664 0.301196 0.594210 0.088140 -0.795418 0.080352
1413393908055760384 1.935735 -2.412684 0.248908 0.598883 0.091782 -0.792223 0.072794
1413393908155760384 1.948805 -2.419498 0.201277 0.593542 0.094481 -0.796483 0.066308
1413393908255760384 1.968643 -2.426274 0.166617 0.589797 0.095816 -0.799439 0.062096
1413393908355760384 2.000415 -2.435237 0.142073 0.600273 0.093960 -0.791764 0.062881
1413393908455760384 2.037236 -2.445454 0.121439 0.602248 0.091224 -0.790498 0.063938
1413393908555760384 2.070723 -2.455133 0.101043 0.596147 0.089521 -0.795371 0.063089
1413393908655760384 2.107917 -2.464311 0.080689 0.587618 0.083238 -0.801936 0.068380
1413393908755760384 2.145644 -2.471900 0.063659 0.581633 0.060002 -0.805303 0.097928
1413393908855760384 2.181488 -2.470449 0.062751 0.590329 0.044631 -0.797566 0.115794
1413393908955760384 2.215042 -2.453650 0.075313 0.600600 0.056393 -0.791758 0.096017
1413393909055760384 2.254037 -2.429730 0.093604 0.598238 0.072651 -0.795064 0.068604
1413393909155760384 2.300402 -2.404957 0.114302 0.594310 0.081520 -0.798544 0.049779
1413393909255760384 2.349543 -2.382503 0.134005 0.594629 0.082877 -0.798673 0.040851
1413393909355760384 2.402194 -2.363707 0.144578 0.596351 0.082778 -0.797719 0.034024
1413393909455760384 2.453974 -2.346086 0.148495 0.595548 0.080664 -0.798665 0.030828
1413393909555760384 2.514869 -2.334705 0.139614 0.592427 0.077855 -0.801302 0.029734
1413393909655760384 2.572911 -2.323677 0.119182 0.578766 0.075652 -0.811539 0.026650
1413393909755760384 2.637137 -2.317914 0.088624 0.559977 0.072522 -0.825048 0.021496
1413393909855760384 2.691681 -2.316435 0.051628 0.545656 0.068284 -0.835044 0.017288
1413393909955760384 2.738448 -2.320958 0.006523 0.534219 0.063876 -0.842830 0.012912
1413393910055760384 2.777083 -2.332147 -0.042056 0.525099 0.060013 -0.848873 0.009180
1413393910155760384 2.797875 -2.351534 -0.078975 0.517306 0.052948 -0.854105 0.009762
1413393910255760384 2.794493 -2.378222 -0.097746 0.511789 0.048574 -0.857688 0.009203
1413393910355760384 2.766871 -2.410696 -0.100414 0.502372 0.042199 -0.863542 0.011725
1413393910455760384 2.724017 -2.447996 -0.088665 -0.490328 -0.029369 0.870690 -0.024796
1413393910555760384 2.648087 -2.483930 -0.072680 -0.483276 -0.022888 0.874405 -0.036555
1413393910655760384 2.547390 -2.514597 -0.063336 -0.490414 -0.025226 0.870039 -0.043467
1413393910755760384 2.436392 -2.543082 -0.067197 0.505318 0.027455 -0.860869 0.052953
1413393910855760384 2.312479 -2.568752 -0.081948 0.519557 0.036776 -0.851748 0.056869
1413393910955760384 2.176797 -2.591641 -0.103878 0.539130 0.049783 -0.838669 0.059112
1413393911055760384 2.033952 -2.612572 -0.133094 0.558419 0.063153 -0.824693 0.063729
1413393911155760384 1.889615 -2.631858 -0.166811 0.569345 0.074184 -0.815673 0.070861
1413393911255760384 1.746216 -2.649011 -0.200809 0.575612 0.083939 -0.810060 0.073676
1413393911355760384 1.604835 -2.663788 -0.233682 0.586279 0.090042 -0.801650 0.074335
1413393911455760384 1.468335 -2.676968 -0.262009 0.603793 0.094250 -0.788402 0.070519
1413393911555760384 1.342205 -2.689604 -0.285409 0.613364 0.096575 -0.781232 0.064304
1413393911655760384 1.230715 -2.702947 -0.293519 0.622090 0.095533 -0.774715 0.060777
1413393911755760384 1.135795 -2.717593 -0.288130 0.619336 0.092998 -0.777617 0.055549
1413393911855760384 1.058948 -2.734292 -0.269587 0.600832 0.090898 -0.792580 0.050541
1413393911955760384 0.993619 -2.753518 -0.241718 0.573556 0.075955 -0.813141 0.063763
1413393912055760384 0.926009 -2.774581 -0.192879 0.537534 0.060748 -0.837601 0.076098
1413393912155760384 0.845879 -2.791997 -0.130539 0.512072 0.051208 -0.853672 0.080030
1413393912255760384 0.745443 -2.806150 -0.066134 -0.497699 -0.046261 0.862561 -0.078385
1413393912355760384 0.624152 -2.816241 0.000706 -0.496302 -0.042595 0.863781 -0.075841
1413393912455760384 0.482588 -2.821161 0.072640 0.516436 0.040034 -0.852162 0.074238
1413393912555760384 0.325930 -2.821355 0.142334 0.543597 0.039855 -0.835156 0.073670
1413393912655760384 0.163243 -2.816801 0.199277 0.561922 0.043001 -0.822920 0.072090
1413393912755760384 -0.001944 -2.807992 0.242047 0.577913 0.048705 -0.811800 0.068013
1413393912855760384 -0.167356 -2.795398 0.273072 0.589649 0.051283 -0.803827 0.059550
1413393912955760384 -0.326783 -2.778502 0.290647 0.594582 0.044817 -0.801286 0.049040
1413393913055760384 -0.480133 -2.758119 0.298105 0.595871 0.023758 -0.801450 0.045286
1413393913155760384 -0.626114 -2.732364 0.298838 0.602324 -0.005858 -0.797087 0.042720
1413393913255760384 -0.763737 -2.700339 0.292497 0.608313 -0.039969 -0.791785 0.037884
1413393913355760384 -0.892049 -2.659809 0.278414 0.606628 -0.074496 -0.791065 0.025846
1413393913455760384 -1.012110 -2.608414 0.262647 0.605386 -0.112720 -0.787796 0.013354
1413393913555760384 -1.122198 -2.542489 0.253925 0.610565 -0.148697 -0.777843 -0.007756
1413393913655760384 -1.219332 -2.462636 0.254409 0.618263 -0.180005 -0.764163 -0.037459
1413393913755760384 -1.303590 -2.369860 0.265099 0.623833 -0.208981 -0.749875 -0.069621
1413393913855760384 -1.370471 -2.269506 0.282722 0.624589 -0.238361 -0.737124 -0.098593
1413393913955760384 -1.419321 -2.163654 0.303414 0.620134 -0.266976 -0.727005 -0.124986
1413393914055760384 -1.447643 -2.055075 0.328932 0.616554 -0.287752 -0.714396 -0.163396
1413393914155760384 -1.455789 -1.948585 0.355783 0.601468 -0.306110 -0.708349 -0.206819
1413393914255760384 -1.446642 -1.847357 0.380649 0.570285 -0.330342 -0.712480 -0.240877
1413393914355760384 -1.426678 -1.753939 0.407011 0.544647 -0.358216 -0.710309 -0.265523
1413393914455760384 -1.399669 -1.667392 0.435688 0.525685 -0.389129 -0.702118 -0.281539
1413393914555760384 -1.366868 -1.586494 0.464540 0.514229 -0.419695 -0.688834 -0.291431
1413393914655760384 -1.330771 -1.507000 0.494236 0.508128 -0.446486 -0.672195 -0.301014
1413393914755760384 -1.296536 -1.424817 0.523007 0.501550 -0.475721 -0.654452 -0.306316
1413393914855760384 -1.261969 -1.339134 0.552122 -0.490222 0.503646 0.639708 0.311122
1413393914955760384 -1.221248 -1.251948 0.582834 -0.471001 0.518721 0.635536 0.324315
1413393915055760384 -1.178036 -1.160974 0.615125 -0.449179 0.527198 0.638351 0.335869
1413393915155760384 -1.132835 -1.066470 0.650118 -0.434468 0.531945 0.641048 0.342533
1413393915255760384 -1.089044 -0.966469 0.682507 -0.427139 0.533640 0.642326 0.346695
1413393915355760384 -1.047846 -0.861930 0.706847 -0.428371 0.527228 0.644079 0.351698
1413393915455760384 -1.012119 -0.753984 0.723863 -0.434159 0.505006 0.650647 0.364875
1413393915555760384 -0.984146 -0.643111 0.739306 -0.441102 0.483331 0.656872 0.374620
1413393915655760384 -0.965784 -0.534029 0.753170 -0.452132 0.473522 0.658549 0.371035
1413393915755760384 -0.956604 -0.430785 0.765007 -0.457865 0.465478 0.661509 0.368911
1413393915855760384 -0.955994 -0.334873 0.774895 -0.457933 0.457890 0.666440 0.369449
1413393915955760384 -0.968100 -0.250128 0.781046 -0.457420 0.452918 0.670179 0.369447
1413393916055760384 -0.990344 -0.175837 0.788175 -0.458264 0.446174 0.671671 0.373872
1413393916155760384 -1.014480 -0.103122 0.804402 -0.459004 0.439956 0.671768 0.380108
1413393916255760384 -1.057722 -0.050256 0.813183 -0.463551 0.444486 0.664576 0.381958
1413393916355760384 -1.104332 -0.000214 0.824086 -0.466213 0.462592 0.652199 0.378536
1413393916455760384 -1.150992 0.050726 0.842594 -0.459911 0.486576 0.638896 0.378864
1413393916555760384 -1.197508 0.094666 0.864970 -0.448406 0.512797 0.622062 0.386018
1413393916655760384 -1.243529 0.133199 0.888148 -0.426992 0.543214 0.604616 0.396277
1413393916755760384 -1.290409 0.169547 0.912163 -0.402774 0.576233 0.583085 0.407112
1413393916855760384 -1.337065 0.204629 0.932113 -0.383878 0.603641 0.554480 0.425214
1413393916955760384 -1.384128 0.243298 0.953191 -0.371305 0.630383 0.519545 0.441388
1413393917055760384 -1.430958 0.283332 0.977406 -0.366842 0.657015 0.475961 0.455214
1413393917155760384 -1.474134 0.321540 1.003080 -0.356983 0.680239 0.434963 0.469730
1413393917255760384 -1.511831 0.355956 1.030357 -0.341928 0.703064 0.397495 0.480400
1413393917355760384 -1.543528 0.384697 1.056528 -0.317082 0.727709 0.366302 0.485512
1413393917455760384 -1.567532 0.409068 1.077260 -0.292115 0.751353 0.330988 0.490494
1413393917555760384 -1.582150 0.430821 1.089140 -0.264097 0.773213 0.293969 0.495960
1413393917655760384 -1.586657 0.447216 1.092023 -0.227387 0.791465 0.259317 0.504612
1413393917755760384 -1.579939 0.459916 1.087466 -0.188868 0.801630 0.223783 0.521191
1413393917855760384 -1.567349 0.471876 1.082754 -0.156263 0.803250 0.183820 0.544593
1413393917955760384 -1.550280 0.479814 1.077078 -0.132198 0.807718 0.138436 0.557629
1413393918055760384 -1.529460 0.485186 1.072213 -0.111020 0.812819 0.092737 0.564269
1413393918155760384 -1.505917 0.485076 1.067971 -0.089262 0.818076 0.049235 0.566003
1413393918255760384 -1.478517 0.481012 1.064250 -0.068100 0.823225 0.006447 0.563580
1413393918355760384 -1.446557 0.465092 1.064692 -0.045812 0.825226 -0.035339 0.561831
1413393918455760384 -1.410592 0.437436 1.066899 -0.019704 0.825292 -0.075397 0.559303
1413393918555760384 -1.368857 0.399155 1.072015 0.007114 0.822882 -0.117853 0.555811
1413393918655760384 -1.325686 0.347093 1.080001 0.039747 0.813013 -0.160433 0.558293
1413393918755760384 -1.281557 0.284790 1.088744 0.068957 0.797700 -0.209170 0.561398
1413393918855760384 -1.240588 0.212097 1.097571 0.095525 0.774687 -0.264367 0.566432
1413393918955760384 -1.206895 0.127990 1.109030 0.137845 0.744820 -0.312346 0.573307
1413393919055760384 -1.185781 0.035080 1.121044 0.187798 0.715527 -0.354422 0.571960
1413393919155760384 -1.176429 -0.060767 1.132864 0.233016 0.686835 -0.395704 0.563365
1413393919255760384 -1.181370 -0.154204 1.145908 0.273006 0.652799 -0.434892 0.556947
1413393919355760384 -1.198328 -0.242207 1.157114 0.309513 0.612664 -0.468920 0.555840
1413393919455760384 -1.228828 -0.319387 1.158916 0.330991 0.576539 -0.501632 0.553546
1413393919555760384 -1.273756 -0.387697 1.150809 0.341692 0.552665 -0.533172 0.541789
1413393919655760384 -1.337212 -0.443074 1.132752 -0.354329 -0.534465 0.557468 -0.527283
1413393919755760384 -1.416288 -0.487572 1.109118 -0.377399 -0.523377 0.564725 -0.514521
1413393919855760384 -1.507074 -0.518032 1.077457 -0.411235 -0.521749 0.555970 -0.499560
1413393919955760384 -1.604140 -0.531914 1.034635 -0.434962 -0.528786 0.546823 -0.481849
1413393920055760384 -1.699747 -0.527332 0.979662 -0.440803 -0.539292 0.545283 -0.466394
1413393920155760384 -1.792490 -0.507204 0.917610 0.440111 0.547539 -0.545194 0.457456
1413393920255760384 -1.882415 -0.475203 0.849720 0.437703 0.553415 -0.545051 0.452843
1413393920355760384 -1.971221 -0.434311 0.782086 0.434067 0.559426 -0.544787 0.449261
1413393920455760384 -2.058729 -0.383036 0.717546 0.422922 0.570422 -0.550407 0.439098
1413393920555760384 -2.144669 -0.326577 0.657454 0.412903 0.581095 -0.554737 0.429076
1413393920655760384 -2.227144 -0.268990 0.601845 0.407743 0.588842 -0.554826 0.423295
1413393920755760384 -2.305272 -0.211982 0.550240 0.406780 0.593393 -0.552339 0.421113
1413393920855760384 -2.379945 -0.156876 0.499386 0.405940 0.596944 -0.550688 0.419063
1413393920955760384 -2.448986 -0.102062 0.448750 0.401704 0.605361 -0.551693 0.409642
1413393921055760384 -2.511858 -0.049388 0.397662 0.391628 0.616415 -0.557948 0.394150
1413393921155760384 -2.567024 -0.003832 0.350072 0.383036 0.624963 -0.562935 0.381849
1413393921255760384 -2.613264 0.031010 0.307531 0.380401 0.630585 -0.563987 0.373599
1413393921355760384 -2.650245 0.053102 0.268835 0.377779 0.631434 -0.565893 0.371940
1413393921455760384 -2.678800 0.062843 0.235658 0.380482 0.625550 -0.564864 0.380590
1413393921555760384 -2.700755 0.061360 0.207740 0.391048 0.614786 -0.557694 0.397615
1413393921655760384 -2.718811 0.054019 0.178857 0.400407 0.606351 -0.552062 0.408950
1413393921755760384 -2.731606 0.046190 0.139311 0.405531 0.601213 -0.549930 0.414325
1413393921855760384 -2.740358 0.036745 0.089879 0.411518 0.596624 -0.546584 0.419451
1413393921955760384 -2.744330 0.027917 0.037196 0.422172 0.587546 -0.540175 0.429851
1413393922055760384 -2.745919 0.024322 -0.018273 0.424453 0.584848 -0.539973 0.431534
1413393922155760384 -2.743618 0.026600 -0.074730 0.417157 0.590751 -0.547230 0.421346
1413393922255760384 -2.736963 0.030592 -0.132790 0.399717 0.603433 -0.562171 0.400074
1413393922355760384 -2.727418 0.031155 -0.191061 0.381128 0.613792 -0.576765 0.381238
1413393922455760384 -2.712991 0.019959 -0.243044 0.366535 0.616409 -0.588593 0.373163
1413393922555760384 -2.695979 -0.007087 -0.288074 0.358935 0.604764 -0.596173 0.387304
1413393922655760384 -2.680426 -0.048570 -0.327594 -0.357653 -0.588637 0.598551 -0.409057
1413393922755760384 -2.670237 -0.100797 -0.364906 -0.358751 -0.580060 0.597642 -0.421487
1413393922855760384 -2.667306 -0.161657 -0.402045 -0.360195 -0.583704 0.596117 -0.417366
1413393922955760384 -2.671360 -0.230437 -0.431104 0.362659 0.595266 -0.594072 0.401516
1413393923055760384 -2.678465 -0.308882 -0.445772 0.370649 0.609140 -0.588945 0.380409
1413393923155760384 -2.683372 -0.400740 -0.447148 0.374985 0.615942 -0.587054 0.367925
1413393923255760384 -2.683444 -0.507574 -0.436038 0.378513 0.616522 -0.585891 0.365186
1413393923355760384 -2.678303 -0.627237 -0.422107 0.374418 0.605123 -0.589378 0.382453
1413393923455760384 -2.671369 -0.758139 -0.406453 0.358535 0.592455 -0.591694 0.412732
1413393923555760384 -2.668691 -0.897221 -0.388769 0.344657 0.590176 -0.579290 0.444215
1413393923655760384 -2.673642 -1.040720 -0.369989 0.332945 0.606504 -0.552314 0.465026
1413393923755760384 -2.687332 -1.186063 -0.349970 0.325530 0.639173 -0.513540 0.470920
1413393923855760384 -2.706258 -1.332702 -0.333701 0.310212 0.673236 -0.475293 0.473940
1413393923955760384 -2.727622 -1.478631 -0.317030 0.290423 0.701601 -0.438842 0.480446
1413393924055760384 -2.749418 -1.624831 -0.303519 0.268019 0.726056 -0.406483 0.485572
1413393924155760384 -2.768359 -1.773736 -0.289536 0.257096 0.749641 -0.368925 0.485628
1413393924255760384 -2.779987 -1.923500 -0.271953 0.263097 0.769433 -0.320854 0.485598
1413393924355760384 -2.780572 -2.068842 -0.254262 0.272554 0.784312 -0.276189 0.484034
1413393924455760384 -2.765579 -2.204817 -0.234066 0.286313 0.794282 -0.238553 0.479826
1413393924555760384 -2.730682 -2.323779 -0.209806 0.298269 0.798400 -0.211173 0.478539
1413393924655760384 -2.673440 -2.418515 -0.179095 0.312606 0.793931 -0.189163 0.485972
1413393924755760384 -2.592011 -2.485600 -0.137726 0.326747 0.784706 -0.173596 0.497330
1413393924855760384 -2.487368 -2.514904 -0.081520 0.326468 0.778809 -0.179073 0.504785
1413393924955760384 -2.358772 -2.512479 -0.010405 0.294458 0.778814 -0.212658 0.511390
1413393925055760384 -2.213646 -2.486190 0.077458 0.253242 0.779510 -0.244683 0.518037
1413393925155760384 -2.057265 -2.446228 0.176908 0.212418 0.781788 -0.265096 0.522886
1413393925255760384 -1.894680 -2.403031 0.281188 0.164786 0.788321 -0.276405 0.524400
1413393925355760384 -1.729053 -2.365480 0.387924 0.131670 0.796017 -0.270825 0.525047
1413393925455760384 -1.562887 -2.340924 0.497547 0.123980 0.800059 -0.252855 0.529716
1413393925555760384 -1.396035 -2.326994 0.606531 0.123301 0.800601 -0.236336 0.536638
1413393925655760384 -1.227550 -2.322614 0.706930 0.119725 0.800091 -0.226896 0.542254
1413393925755760384 -1.057239 -2.325116 0.783580 0.120769 0.800324 -0.218384 0.545165
1413393925855760384 -0.887173 -2.332369 0.830460 0.122854 0.797885 -0.212399 0.550611
1413393925955760384 -0.718595 -2.342918 0.853449 0.127062 0.791275 -0.206874 0.561197
1413393926055760384 -0.552741 -2.355371 0.860141 0.130161 0.779136 -0.203992 0.578267
1413393926155760384 -0.393612 -2.367296 0.861911 0.129271 0.767775 -0.204227 0.593382
1413393926255760384 -0.245852 -2.377383 0.861482 0.125995 0.764790 -0.207673 0.596736
1413393926355760384 -0.107809 -2.390387 0.861186 0.121413 0.769757 -0.212624 0.589512
1413393926455760384 0.020360 -2.407154 0.861266 0.118713 0.776070 -0.210322 0.582569
1413393926555760384 0.134519 -2.424600 0.854254 0.117844 0.774545 -0.199764 0.588462
1413393926655760384 0.242397 -2.444965 0.829232 0.115862 0.773418 -0.183408 0.595620
1413393926755760384 0.340461 -2.465092 0.801336 0.109332 0.777099 -0.164056 0.597703
1413393926855760384 0.426045 -2.482278 0.786769 0.096308 0.783794 -0.144823 0.596170
1413393926955760384 0.504988 -2.495569 0.792218 0.078660 0.795436 -0.126574 0.587430
1413393927055760384 0.578443 -2.508631 0.813645 0.059723 0.809360 -0.113767 0.573085
1413393927155760384 0.652565 -2.524310 0.848121 0.038241 0.817657 -0.109256 0.563948
1413393927255760384 0.727552 -2.546477 0.885851 0.018210 0.822771 -0.109654 0.557398
1413393927355760384 0.805049 -2.577307 0.924504 0.009021 0.832507 -0.102393 0.544396
1413393927455760384 0.890272 -2.618057 0.966905 0.018557 0.837414 -0.079652 0.540415
1413393927555760384 0.985055 -2.663758 1.013695 0.037983 0.835243 -0.050757 0.546215
1413393927655760384 1.087355 -2.707365 1.062745 0.054211 0.830726 -0.019247 0.553702
1413393927755760384 1.194348 -2.741906 1.116118 0.068082 0.820676 0.012613 0.567183
1413393927855760384 1.303193 -2.762893 1.173026 0.078731 0.809279 0.036093 0.581004
1413393927955760384 1.409085 -2.764960 1.231734 0.078370 0.802505 0.045315 0.589737
1413393928055760384 1.511906 -2.749180 1.285193 0.079466 0.798314 0.050159 0.594865
1413393928155760384 1.609633 -2.715684 1.329767 0.080939 0.794932 0.052315 0.598995
1413393928255760384 1.699982 -2.664712 1.365795 0.077446 0.796543 0.048465 0.597639
1413393928355760384 1.783970 -2.596743 1.393066 0.051662 0.801276 0.028548 0.595376
1413393928455760384 1.862038 -2.517590 1.413095 0.023723 0.800175 0.006642 0.599261
1413393928555760384 1.932138 -2.434093 1.424671 0.004817 0.795011 -0.009615 0.606499
1413393928655760384 1.994682 -2.350727 1.432789 -0.003822 0.784319 -0.018767 0.620062
1413393928755760384 2.047114 -2.270086 1.441860 -0.001685 0.781176 -0.021502 0.623938
1413393928855760384 2.085230 -2.192501 1.452372 0.013452 0.781357 -0.016889 0.623711
1413393928955760384 2.110862 -2.115577 1.463900 0.035248 0.781301 -0.012703 0.623028
1413393929055760384 2.129154 -2.036969 1.476442 0.056109 0.782973 -0.019390 0.619217
1413393929155760384 2.132131 -1.952272 1.490506 0.076271 0.783430 -0.034274 0.615829
1413393929255760384 2.132228 -1.861177 1.507132 0.093754 0.786502 -0.058023 0.607665
1413393929355760384 2.124150 -1.762723 1.524214 0.104996 0.789592 -0.091924 0.597553
1413393929455760384 2.112299 -1.658542 1.544820 0.116243 0.789282 -0.129704 0.588810
1413393929555760384 2.096243 -1.551262 1.567174 0.134003 0.787999 -0.165590 0.577651
1413393929655760384 2.076671 -1.441378 1.592436 0.156358 0.783832 -0.199295 0.566958
1413393929755760384 2.054536 -1.330773 1.618987 0.177253 0.776454 -0.232568 0.558223
1413393929855760384 2.032487 -1.219460 1.646544 0.187460 0.765370 -0.272025 0.552332
1413393929955760384 2.010354 -1.110777 1.676332 0.188343 0.749706 -0.314740 0.550823
1413393930055760384 1.987027 -1.007838 1.703811 0.191994 0.734530 -0.351961 0.547474
1413393930155760384 1.960057 -0.912632 1.724309 0.199325 0.722016 -0.379303 0.543224
1413393930255760384 1.928145 -0.825879 1.736374 0.209079 0.714433 -0.393904 0.539176
1413393930355760384 1.890424 -0.747652 1.738685 0.228974 0.715304 -0.392828 0.530658
1413393930455760384 1.848764 -0.675454 1.729678 0.251141 0.721561 -0.382716 0.519429
1413393930555760384 1.807714 -0.606785 1.700382 0.262677 0.725018 -0.375766 0.513955
1413393930655760384 1.768005 -0.540835 1.648184 0.258965 0.721050 -0.376478 0.520853
1413393930755760384 1.728568 -0.477378 1.579241 0.252386 0.714729 -0.377587 0.531876
1413393930855760384 1.688751 -0.412045 1.511780 0.247727 0.710922 -0.375848 0.540333
1413393930955760384 1.641878 -0.354634 1.452089 0.246089 0.713865 -0.371738 0.540045
1413393931055760384 1.591363 -0.298888 1.410120 0.243543 0.717613 -0.369251 0.537933
1413393931155760384 1.537804 -0.244487 1.385829 0.238880 0.720632 -0.368509 0.536496
1413393931255760384 1.482074 -0.190237 1.373538 0.232624 0.724639 -0.369601 0.533085
1413393931355760384 1.423525 -0.136949 1.358199 0.224501 0.726564 -0.372955 0.531609
1413393931455760384 1.365743 -0.091062 1.329657 0.213872 0.726733 -0.377823 0.532323
1413393931555760384 1.302677 -0.049311 1.292420 0.206047 0.725999 -0.380941 0.534185
1413393931655760384 1.233493 -0.013856 1.245174 0.201941 0.726431 -0.381344 0.534878
1413393931755760384 1.163638 0.009720 1.192360 0.200825 0.727169 -0.379761 0.535422
1413393931855760384 1.090174 0.024757 1.134919 0.201689 0.728429 -0.377379 0.535069
1413393931955760384 1.012011 0.031962 1.078778 0.202912 0.729691 -0.374851 0.534662
1413393932055760384 0.930055 0.030198 1.028668 0.206781 0.732441 -0.370779 0.532254
1413393932155760384 0.844488 0.021834 0.984121 0.214388 0.737518 -0.364496 0.526543
1413393932255760384 0.758230 0.007555 0.942501 0.227274 0.743199 -0.355152 0.519489
1413393932355760384 0.673338 -0.010597 0.903527 0.238656 0.747860 -0.347354 0.512927
1413393932455760384 0.594113 -0.032102 0.867077 0.245567 0.750754 -0.343430 0.508056
1413393932555760384 0.520872 -0.055345 0.832351 0.251564 0.751355 -0.341164 0.505756
1413393932655760384 0.453907 -0.078399 0.802832 0.257288 0.747672 -0.339439 0.509482
1413393932755760384 0.392735 -0.100472 0.777205 0.260436 0.743831 -0.339591 0.513388
1413393932855760384 0.337701 -0.121158 0.754291 0.265146 0.741215 -0.338908 0.515208
1413393932955760384 0.288740 -0.139601 0.736083 0.272445 0.736270 -0.336329 0.520156
1413393933055760384 0.244695 -0.153305 0.721787 0.280387 0.725418 -0.329320 0.535444
1413393933155760384 0.203466 -0.158341 0.710017 0.283804 0.715887 -0.324521 0.549224
1413393933255760384 0.161619 -0.154173 0.701155 0.276235 0.710507 -0.328481 0.557651
1413393933355760384 0.117128 -0.141205 0.696820 0.259512 0.704963 -0.339232 0.566218
1413393933455760384 0.068012 -0.120086 0.697367 0.237376 0.703381 -0.354460 0.568565
1413393933555760384 0.009543 -0.098834 0.697009 0.212662 0.707408 -0.370924 0.562817
1413393933655760384 -0.056385 -0.081463 0.692878 0.201243 0.712549 -0.380057 0.554375
1413393933755760384 -0.129741 -0.069911 0.683822 0.212106 0.721311 -0.374200 0.542859
1413393933855760384 -0.207371 -0.062095 0.666993 0.227805 0.729865 -0.364519 0.531534
1413393933955760384 -0.284182 -0.056776 0.644145 0.238697 0.732681 -0.357743 0.527468
1413393934055760384 -0.358540 -0.052057 0.629926 0.257115 0.725745 -0.344262 0.537280
1413393934155760384 -0.431468 -0.043191 0.628742 0.268739 0.720463 -0.334303 0.544935
1413393934255760384 -0.504593 -0.023947 0.633142 0.268467 0.720419 -0.332486 0.546237
1413393934355760384 -0.576909 -0.000153 0.633536 0.255683 0.723804 -0.339249 0.543732
1413393934455760384 -0.649609 0.026360 0.621321 0.237782 0.727758 -0.350096 0.539686
1413393934555760384 -0.724267 0.052370 0.596487 0.222747 0.729666 -0.359195 0.537540
1413393934655760384 -0.802453 0.074280 0.563699 0.209962 0.728368 -0.367358 0.538929
1413393934755760384 -0.886118 0.090273 0.523462 0.193235 0.726253 -0.375618 0.542335
1413393934855760384 -0.971563 0.098288 0.475006 0.167098 0.729249 -0.380393 0.543668
1413393934955760384 -1.061418 0.095802 0.419594 0.148224 0.745218 -0.368611 0.535542
1413393935055760384 -1.154167 0.080131 0.360371 0.153968 0.772102 -0.328745 0.521612
1413393935155760384 -1.241484 0.053016 0.302747 0.157337 0.796619 -0.280835 0.511639
1413393935255760384 -1.317842 0.019451 0.258916 0.146559 0.814265 -0.236530 0.509457
1413393935355760384 -1.379674 -0.018952 0.230970 0.125706 0.825706 -0.198441 0.512864
1413393935455760384 -1.433006 -0.057444 0.216798 0.108473 0.832526 -0.156779 0.520148
1413393935555760384 -1.473753 -0.096430 0.217079 0.093800 0.836540 -0.112873 0.527885
1413393935655760384 -1.508964 -0.131634 0.221121 0.087332 0.840412 -0.070305 0.530224
1413393935755760384 -1.524658 -0.164299 0.230451 0.091242 0.841657 -0.031446 0.531318
1413393935855760384 -1.528997 -0.184876 0.239071 0.099504 0.839150 0.006955 0.534675
1413393935955760384 -1.517091 -0.185954 0.249663 0.083224 0.836917 0.028997 0.540187
1413393936055760384 -1.493227 -0.167416 0.262061 0.038662 0.835154 0.036807 0.547419
1413393936155760384 -1.460117 -0.135639 0.276422 -0.011905 0.831222 0.048202 0.553719
1413393936255760384 -1.419981 -0.097281 0.292748 -0.063534 0.827841 0.064635 0.553593
1413393936355760384 -1.372784 -0.059073 0.311414 -0.108310 0.824493 0.089732 0.548114
1413393936455760384 -1.319545 -0.026257 0.331793 -0.142458 0.818534 0.122921 0.542769
1413393936555760384 -1.260979 0.000885 0.356677 -0.163286 0.804203 0.165229 0.547078
1413393936655760384 -1.199308 0.022679 0.384239 -0.182876 0.783609 0.203392 0.557804
1413393936755760384 -1.136914 0.039103 0.412709 -0.202436 0.762941 0.234797 0.567284
1413393936855760384 -1.078306 0.050123 0.442090 -0.220131 0.745881 0.264476 0.570313
1413393936955760384 -1.025414 0.055436 0.474150 -0.236317 0.728591 0.295865 0.570765
1413393937055760384 -0.982644 0.055984 0.509293 -0.250671 0.708952 0.330326 0.570470
1413393937155760384 -0.951239 0.051119 0.546111 -0.267989 0.690814 0.362568 0.565246
1413393937255760384 -0.934299 0.039225 0.585507 -0.287238 0.673424 0.391477 0.557441
1413393937355760384 -0.931722 0.020003 0.627115 -0.305354 0.659547 0.416364 0.546258
1413393937455760384 -0.942116 -0.007164 0.667531 -0.316216 0.652604 0.435815 0.533086
1413393937555760384 -0.959454 -0.040097 0.693429 -0.320144 0.660277 0.450157 0.508823
1413393937655760384 -0.981948 -0.075418 0.698940 -0.325188 0.669621 0.456397 0.487404
1413393937755760384 -1.003169 -0.110315 0.693369 -0.325038 0.680131 0.460576 0.468659
1413393937855760384 -1.021413 -0.142628 0.689615 -0.322600 0.689931 0.463114 0.453265
1413393937955760384 -1.035143 -0.168095 0.693159 -0.320131 0.687366 0.464791 0.457180
1413393938055760384 -1.046630 -0.187813 0.700397 -0.314179 0.678220 0.467731 0.471738
1413393938155760384 -1.059003 -0.201242 0.711574 -0.305151 0.660117 0.476060 0.494464
1413393938255760384 -1.082566 -0.212079 0.724510 -0.299298 0.636575 0.488704 0.516102
1413393938355760384 -1.120256 -0.222289 0.739702 -0.310450 0.622447 0.495945 0.519827
1413393938455760384 -1.173055 -0.232742 0.757473 -0.340212 0.618860 0.497146 0.504098
1413393938555760384 -1.236634 -0.246559 0.776996 -0.369400 0.615913 0.502402 0.481443
1413393938655760384 -1.304555 -0.264316 0.790737 -0.391811 0.609386 0.513433 0.459912
1413393938755760384 -1.372481 -0.286295 0.791240 -0.409232 0.601731 0.526176 0.439987
1413393938855760384 -1.439118 -0.315765 0.784375 -0.424250 0.584593 0.539345 0.432863
1413393938955760384 -1.505199 -0.351716 0.778481 -0.433621 0.566504 0.555638 0.426981
1413393939055760384 -1.568021 -0.394061 0.777309 -0.441609 0.550082 0.571496 0.419267
1413393939155760384 -1.628301 -0.443156 0.785960 -0.465632 0.522957 0.573807 0.424792
1413393939255760384 -1.685562 -0.503199 0.790658 -0.469889 0.512272 0.588220 0.413255
1413393939355760384 -1.739705 -0.573761 0.788288 -0.449923 0.521515 0.614257 0.385071
1413393939455760384 -1.792506 -0.646222 0.775846 -0.418741 0.546987 0.640528 0.339389
1413393939555760384 -1.843956 -0.708795 0.755224 -0.391581 0.574653 0.656023 0.293379
1413393939655760384 -1.893250 -0.750580 0.729188 -0.369614 0.595653 0.663883 0.260463
1413393939755760384 -1.938265 -0.760603 0.702795 -0.353914 0.597673 0.671219 0.258839
1413393939855760384 -1.982055 -0.734455 0.681303 -0.375019 0.578993 0.660499 0.296426
1413393939955760384 -2.027059 -0.686786 0.668907 -0.432482 0.547013 0.622353 0.355545
1413393940055760384 -2.069184 -0.636824 0.659971 -0.490809 0.514160 0.576251 0.403337
1413393940155760384 -2.105431 -0.602706 0.651784 0.534790 -0.491604 -0.537753 -0.427956
1413393940255760384 -2.131073 -0.598415 0.642710 0.556384 -0.481057 -0.518231 -0.436415
1413393940355760384 -2.145070 -0.625591 0.631680 0.536835 -0.496549 -0.536974 -0.420603
1413393940455760384 -2.148498 -0.679770 0.620064 -0.488251 0.527686 0.576646 0.388121
1413393940555760384 -2.142772 -0.744543 0.606244 -0.432096 0.567733 0.614754 0.336228
1413393940655760384 -2.130921 -0.799545 0.599946 -0.396726 0.600104 0.630642 0.291160
1413393940755760384 -2.111008 -0.828531 0.603429 -0.385731 0.623975 0.627932 0.259937
1413393940855760384 -2.078338 -0.821715 0.621602 -0.397628 0.625172 0.616015 0.267538
1413393940955760384 -2.032143 -0.785036 0.651146 -0.420662 0.599041 0.604383 0.314508
1413393941055760384 -1.978140 -0.737287 0.686840 -0.458649 0.563230 0.580261 0.368388
1413393941155760384 -1.918602 -0.690688 0.722960 -0.495420 0.528106 0.553521 0.411434
1413393941255760384 -1.854284 -0.660147 0.755094 0.514486 -0.507349 -0.539620 -0.432102
1413393941355760384 -1.784255 -0.651592 0.777652 -0.499169 0.515034 0.557086 0.418599
1413393941455760384 -1.710287 -0.660295 0.795619 -0.465739 0.537093 0.587722 0.386267
1413393941555760384 -1.633097 -0.676695 0.811567 -0.424154 0.560674 0.619950 0.348426
1413393941655760384 -1.555402 -0.686868 0.830895 -0.391418 0.576751 0.642367 0.318614
1413393941755760384 -1.477869 -0.678451 0.848658 -0.368527 0.587714 0.653496 0.302857
1413393941855760384 -1.401969 -0.645743 0.858777 -0.359034 0.591582 0.655086 0.303295
1413393941955760384 -1.328094 -0.587047 0.868091 -0.382773 0.580312 0.638076 0.331033
1413393942055760384 -1.257455 -0.511069 0.880506 -0.424817 0.557010 0.607558 0.374358
1413393942155760384 -1.188278 -0.434257 0.894724 -0.464598 0.529395 0.574338 0.417163
1413393942255760384 -1.119172 -0.370087 0.909895 -0.488020 0.508132 0.551828 0.446233
1413393942355760384 -1.048727 -0.327882 0.924891 -0.495967 0.499511 0.543002 0.457881
1413393942455760384 -0.977504 -0.312852 0.938571 -0.483528 0.507025 0.552940 0.450981
1413393942555760384 -0.909579 -0.320182 0.951738 -0.455565 0.526047 0.576284 0.428522
1413393942655760384 -0.846614 -0.339438 0.958536 -0.417883 0.552990 0.604145 0.393173
1413393942755760384 -0.789250 -0.359714 0.960055 -0.384775 0.573291 0.626270 0.362038
1413393942855760384 -0.738231 -0.368932 0.953872 -0.362177 0.584363 0.640887 0.341483
1413393942955760384 -0.695121 -0.363951 0.937255 -0.350540 0.589980 0.648579 0.329228
1413393943055760384 -0.657406 -0.336182 0.917865 -0.364217 0.581563 0.642578 0.340918
1413393943155760384 -0.622075 -0.286706 0.906485 -0.404375 0.557417 0.619731 0.376431
1413393943255760384 -0.589370 -0.231351 0.900112 -0.446506 0.528225 0.591539 0.414357
1413393943355760384 -0.558438 -0.184310 0.894742 -0.480201 0.506000 0.565919 0.439439
1413393943455760384 -0.529704 -0.156447 0.888647 -0.498273 0.494323 0.550309 0.452250
1413393943555760384 -0.502962 -0.150924 0.878872 -0.481722 0.505324 0.562780 0.442573
1413393943655760384 -0.476536 -0.165950 0.866749 -0.446065 0.528882 0.589387 0.417053
1413393943755760384 -0.452421 -0.188287 0.857260 -0.406252 0.555577 0.615480 0.384029
1413393943855760384 -0.432627 -0.203995 0.853463 -0.373912 0.576482 0.631631 0.359028
1413393943955760384 -0.417474 -0.201694 0.857931 -0.356302 0.590454 0.631917 0.353687
1413393944055760384 -0.406254 -0.177476 0.872192 -0.366479 0.595444 0.610916 0.371378
1413393944155760384 -0.398634 -0.138532 0.890122 -0.394955 0.599088 0.573855 0.394708
1413393944255760384 -0.388719 -0.096621 0.911820 -0.426530 0.598397 0.530438 0.422645
1413393944355760384 -0.373169 -0.061295 0.934514 -0.447439 0.593536 0.491900 0.453374
1413393944455760384 -0.352811 -0.039797 0.954830 -0.451274 0.592584 0.467947 0.475628
1413393944555760384 -0.330609 -0.037516 0.971062 -0.426644 0.602201 0.471140 0.483069
1413393944655760384 -0.308350 -0.051407 0.982991 -0.385110 0.625010 0.490846 0.469173
1413393944755760384 -0.288804 -0.072227 0.994715 -0.345637 0.651315 0.510993 0.441826
1413393944855760384 -0.271651 -0.087804 1.010413 -0.317787 0.671526 0.523875 0.416677
1413393944955760384 -0.254873 -0.091072 1.031443 -0.302732 0.684473 0.528588 0.400556
1413393945055760384 -0.234208 -0.074499 1.061554 -0.306339 0.683291 0.519365 0.411740
1413393945155760384 -0.209456 -0.041521 1.095774 -0.328596 0.664446 0.493634 0.454820
1413393945255760384 -0.184523 -0.005444 1.121289 -0.352572 0.640135 0.458237 0.505904
1413393945355760384 -0.163799 0.020692 1.130934 -0.363300 0.626390 0.426165 0.542247
1413393945455760384 -0.150032 0.031412 1.122552 -0.355829 0.634206 0.404929 0.554258
1413393945555760384 -0.144669 0.026664 1.097368 -0.335936 0.663509 0.392541 0.541123
1413393945655760384 -0.146060 0.008546 1.068431 -0.305668 0.694174 0.386276 0.524862
1413393945755760384 -0.152753 -0.016763 1.040833 -0.270776 0.724186 0.380886 0.507111
1413393945855760384 -0.159320 -0.038608 1.016311 -0.236561 0.752834 0.372782 0.488174
1413393945955760384 -0.160511 -0.050939 1.000783 -0.214743 0.767372 0.356987 0.487428
1413393946055760384 -0.155784 -0.049960 0.996070 -0.210217 0.758603 0.330921 0.520406
1413393946155760384 -0.149991 -0.043181 0.995564 -0.211728 0.739280 0.299611 0.564685
1413393946255760384 -0.152406 -0.038655 0.994496 -0.209663 0.723006 0.267268 0.601558
1413393946355760384 -0.167011 -0.040932 0.988022 -0.199257 0.728902 0.238446 0.610035
1413393946455760384 -0.193247 -0.050474 0.976462 -0.186306 0.754447 0.209276 0.593552
1413393946555760384 -0.225968 -0.068002 0.965914 -0.163438 0.784364 0.182592 0.569843
1413393946655760384 -0.259236 -0.089809 0.956959 -0.128318 0.815728 0.160729 0.540637
1413393946755760384 -0.284657 -0.111225 0.953225 -0.086455 0.839705 0.139486 0.517654
1413393946855760384 -0.296348 -0.126017 0.959409 -0.053435 0.847457 0.112098 0.516135
1413393946955760384 -0.296219 -0.132391 0.973697 -0.031796 0.833793 0.082510 0.544950
1413393947055760384 -0.289779 -0.134015 0.988087 -0.016822 0.802884 0.051595 0.593661
1413393947155760384 -0.285526 -0.132078 0.986579 -0.000550 0.778681 0.021071 0.627065
1413393947255760384 -0.294244 -0.128933 0.967410 0.018143 0.772279 -0.009342 0.634956
1413393947355760384 -0.315958 -0.123297 0.935426 0.037113 0.771656 -0.040828 0.633643
1413393947455760384 -0.347379 -0.113312 0.892008 0.044660 0.776078 -0.080962 0.623822
1413393947555760384 -0.387479 -0.104626 0.841565 0.042506 0.783360 -0.128010 0.606756
1413393947655760384 -0.433683 -0.100947 0.794297 0.042238 0.790271 -0.174456 0.585877
1413393947755760384 -0.484129 -0.108162 0.751785 0.058890 0.803413 -0.208136 0.554743
1413393947855760384 -0.530725 -0.128904 0.718849 0.098328 0.812649 -0.224459 0.528726
1413393947955760384 -0.569577 -0.158304 0.694539 0.140028 0.809286 -0.235322 0.519685
1413393948055760384 -0.598012 -0.191101 0.680176 0.190860 0.794027 -0.231609 0.528631
1413393948155760384 -0.618753 -0.213991 0.663146 0.225351 0.777218 -0.234851 0.538511
1413393948255760384 -0.631264 -0.230160 0.650490 0.240798 0.756912 -0.246928 0.555091
1413393948355760384 -0.639908 -0.235735 0.641914 0.245269 0.733474 -0.262845 0.576864
1413393948455760384 -0.651154 -0.230232 0.635922 0.251710 0.712805 -0.276413 0.593419
1413393948555760384 -0.669704 -0.211780 0.629470 0.252425 0.706844 -0.294829 0.591379
1413393948655760384 -0.694434 -0.183096 0.619407 0.249424 0.722944 -0.317959 0.560394
1413393948755760384 -0.723841 -0.148319 0.610468 0.246820 0.742282 -0.341974 0.520722
1413393948855760384 -0.750564 -0.113755 0.605613 0.243233 0.753422 -0.368227 0.487445
1413393948955760384 -0.770459 -0.087042 0.608830 0.245538 0.750248 -0.392802 0.471747
1413393949055760384 -0.785437 -0.068650 0.618525 0.266161 0.730894 -0.407344 0.478564
1413393949155760384 -0.796425 -0.057420 0.633856 0.296064 0.704914 -0.415640 0.492632
1413393949255760384 -0.806211 -0.042974 0.650290 0.324279 0.677476 -0.422987 0.506904
1413393949355760384 -0.814891 -0.022809 0.668375 0.350856 0.650233 -0.428968 0.519695
1413393949455760384 -0.824584 0.008950 0.685817 0.370296 0.623106 -0.437792 0.531938
1413393949555760384 -0.837421 0.054853 0.696934 0.363105 0.609864 -0.461620 0.532098
1413393949655760384 -0.856791 0.112824 0.703047 0.339403 0.610814 -0.490931 0.520287
1413393949755760384 -0.886399 0.176839 0.709515 0.312273 0.608549 -0.519479 0.512148
1413393949855760384 -0.930709 0.240671 0.720073 0.288047 0.597220 -0.547596 0.510388
1413393949955760384 -0.992839 0.296315 0.733934 0.268442 0.585952 -0.570516 0.509029
1413393950055760384 -1.079246 0.337208 0.754459 0.270429 0.589368 -0.577427 0.496077
1413393950155760384 -1.187697 0.367085 0.779146 0.298949 0.615281 -0.564384 0.462093
1413393950255760384 -1.308408 0.387636 0.805433 0.323981 0.642361 -0.548960 0.425501
1413393950355760384 -1.428802 0.396682 0.829938 0.334654 0.656352 -0.542854 0.403136
1413393950455760384 -1.544054 0.394063 0.847103 0.334873 0.658097 -0.544609 0.397705
1413393950555760384 -1.652940 0.377901 0.856302 0.339505 0.649666 -0.544706 0.407389
1413393950655760384 -1.755919 0.347665 0.858019 0.351849 0.636815 -0.539114 0.424292
1413393950755760384 -1.855958 0.311378 0.850504 0.364688 0.626133 -0.532176 0.437891
1413393950855760384 -1.953401 0.273494 0.829371 0.373956 0.620718 -0.527521 0.443382
1413393950955760384 -2.048916 0.237123 0.795987 0.385197 0.623597 -0.521370 0.436948
1413393951055760384 -2.135809 0.199945 0.760578 0.394581 0.630967 -0.515771 0.424462
1413393951155760384 -2.210236 0.160907 0.728276 0.390843 0.629641 -0.519833 0.424933
1413393951255760384 -2.273855 0.119875 0.700935 0.386655 0.624260 -0.524782 0.430583
1413393951355760384 -2.329160 0.077121 0.678401 0.384215 0.620665 -0.529553 0.432120
1413393951455760384 -2.377751 0.034156 0.659904 0.381207 0.621994 -0.535402 0.425617
1413393951555760384 -2.419449 -0.009337 0.637431 0.378051 0.625622 -0.540619 0.416419
1413393951655760384 -2.458620 -0.054939 0.609547 0.379881 0.626025 -0.542454 0.411736
1413393951755760384 -2.490606 -0.104280 0.575851 0.387451 0.623715 -0.540246 0.411091
1413393951855760384 -2.515775 -0.156735 0.539380 0.392609 0.617431 -0.540750 0.415001
1413393951955760384 -2.534210 -0.212395 0.505577 0.395481 0.611734 -0.543396 0.417249
1413393952055760384 -2.546875 -0.270444 0.477275 0.398738 0.606815 -0.545767 0.418236
1413393952155760384 -2.555898 -0.327693 0.458185 0.401009 0.602048 -0.548192 0.419781
1413393952255760384 -2.560671 -0.383818 0.451593 0.400325 0.596844 -0.552362 0.422389
1413393952355760384 -2.561137 -0.437256 0.457075 0.397945 0.595408 -0.553083 0.425710
1413393952455760384 -2.557924 -0.489851 0.467350 0.395610 0.600896 -0.545715 0.429665
1413393952555760384 -2.551624 -0.541257 0.478431 0.390193 0.612067 -0.533973 0.433586
1413393952655760384 -2.542580 -0.591856 0.489450 0.383133 0.625214 -0.519162 0.439076
1413393952755760384 -2.529798 -0.640551 0.499811 0.372550 0.638191 -0.504343 0.446718
1413393952855760384 -2.514164 -0.686722 0.509806 0.361580 0.648346 -0.492874 0.453852
1413393952955760384 -2.496875 -0.731078 0.520992 0.345593 0.651313 -0.490211 0.464811
1413393953055760384 -2.479379 -0.774974 0.534681 0.330421 0.651767 -0.491339 0.473928
1413393953155760384 -2.464231 -0.820811 0.542911 0.320076 0.651470 -0.492908 0.479770
1413393953255760384 -2.452140 -0.869415 0.533063 0.313370 0.650298 -0.494290 0.484344
1413393953355760384 -2.444760 -0.922127 0.516566 0.305753 0.645987 -0.498056 0.491076
1413393953455760384 -2.445800 -0.978412 0.510607 0.306107 0.640120 -0.498165 0.498375
1413393953555760384 -2.456692 -1.034557 0.521073 0.320753 0.638264 -0.490046 0.499592
1413393953655760384 -2.474566 -1.089279 0.539244 0.343477 0.641298 -0.477037 0.493150
1413393953755760384 -2.495227 -1.138889 0.557607 0.360834 0.641230 -0.467369 0.490091
1413393953855760384 -2.515234 -1.180804 0.565499 0.367344 0.641850 -0.461012 0.490465
1413393953955760384 -2.534032 -1.211596 0.560691 0.363975 0.646777 -0.455057 0.492062
1413393954055760384 -2.551493 -1.233788 0.550549 0.350590 0.661837 -0.452184 0.484342
1413393954155760384 -2.566237 -1.253843 0.544486 0.330671 0.680132 -0.450987 0.474012
1413393954255760384 -2.576986 -1.273151 0.540959 0.307309 0.700787 -0.447900 0.462433
1413393954355760384 -2.581572 -1.297907 0.544189 0.285746 0.719397 -0.438586 0.456573
1413393954455760384 -2.579275 -1.331542 0.550698 0.267587 0.736000 -0.421976 0.456769
1413393954555760384 -2.568950 -1.372623 0.560626 0.251725 0.751416 -0.400342 0.460146
1413393954655760384 -2.549365 -1.422072 0.573018 0.237462 0.763648 -0.379221 0.465452
1413393954755760384 -2.521018 -1.482867 0.585495 0.226474 0.773553 -0.362562 0.467840
1413393954855760384 -2.483759 -1.553152 0.597702 0.218560 0.780299 -0.351043 0.469185
1413393954955760384 -2.436204 -1.632322 0.610540 0.216032 0.783340 -0.342011 0.471950
1413393955055760384 -2.377466 -1.719516 0.627033 0.221049 0.777260 -0.330639 0.487527
1413393955155760384 -2.308536 -1.810195 0.641927 0.225237 0.771331 -0.316993 0.503817
1413393955255760384 -2.231867 -1.901300 0.654658 0.217259 0.766580 -0.309397 0.519063
1413393955355760384 -2.151422 -1.992299 0.667766 0.203924 0.765234 -0.301933 0.530724
1413393955455760384 -2.069016 -2.082473 0.682637 0.193307 0.767482 -0.284193 0.541145
1413393955555760384 -1.986321 -2.170962 0.699970 0.182934 0.767042 -0.254377 0.559887
1413393955655760384 -1.906982 -2.254855 0.710176 0.177069 0.767877 -0.213179 0.577552
1413393955755760384 -1.832516 -2.332433 0.708981 0.182265 0.776479 -0.169666 0.578855
1413393955855760384 -1.764007 -2.399016 0.695134 0.189483 0.788113 -0.134316 0.570029
1413393955955760384 -1.695612 -2.449292 0.674531 0.171078 0.801816 -0.125632 0.558606
1413393956055760384 -1.622394 -2.486063 0.655891 0.136158 0.810426 -0.132090 0.554277
1413393956155760384 -1.542544 -2.515386 0.645728 0.105658 0.813665 -0.133577 0.555826
1413393956255760384 -1.457826 -2.541057 0.640680 0.084089 0.812687 -0.121829 0.563583
1413393956355760384 -1.370959 -2.564330 0.640388 0.069478 0.805765 -0.098045 0.579916
1413393956455760384 -1.285583 -2.583940 0.642386 0.054171 0.798656 -0.069550 0.595296
1413393956555760384 -1.204481 -2.599268 0.643542 0.033151 0.798777 -0.039961 0.599382
1413393956655760384 -1.127631 -2.610766 0.643264 0.008202 0.804752 -0.009638 0.593476
1413393956755760384 -1.056029 -2.619015 0.641629 -0.016690 0.814067 0.020743 0.580160
1413393956855760384 -0.988674 -2.624148 0.641883 -0.043551 0.819031 0.048893 0.570000
1413393956955760384 -0.922289 -2.629328 0.643672 -0.073288 0.819006 0.073801 0.564280
1413393957055760384 -0.854705 -2.635843 0.645518 -0.097869 0.816906 0.101173 0.559330
1413393957155760384 -0.782710 -2.643265 0.648169 -0.115637 0.812502 0.136196 0.554904
1413393957255760384 -0.707176 -2.649228 0.653176 -0.136133 0.805125 0.173105 0.550705
1413393957355760384 -0.630044 -2.655338 0.659433 -0.159163 0.796019 0.210050 0.544885
1413393957455760384 -0.550260 -2.661596 0.665615 -0.181980 0.783800 0.243903 0.541343
1413393957555760384 -0.469171 -2.667686 0.665746 -0.203885 0.769599 0.274055 0.539483
1413393957655760384 -0.390360 -2.673959 0.654799 -0.228494 0.752102 0.302061 0.539344
1413393957755760384 -0.317417 -2.681387 0.632562 -0.253687 0.729730 0.329920 0.542484
1413393957855760384 -0.250727 -2.690530 0.599632 -0.267466 0.708837 0.364120 0.541691
1413393957955760384 -0.196085 -2.703462 0.563813 -0.269833 0.691691 0.401021 0.536597
1413393958055760384 -0.159020 -2.719567 0.534136 -0.266852 0.682539 0.432257 0.525437
1413393958155760384 -0.123181 -2.731906 0.522503 -0.270934 0.679264 0.448959 0.513450
1413393958255760384 -0.096434 -2.734049 0.527906 -0.281366 0.678087 0.454274 0.504645
1413393958355760384 -0.074167 -2.727506 0.545707 -0.298262 0.683573 0.448991 0.492112
1413393958455760384 -0.056424 -2.718183 0.562766 -0.307739 0.690555 0.444576 0.480398
1413393958555760384 -0.040250 -2.706971 0.570375 -0.307282 0.699177 0.444798 0.467850
1413393958655760384 -0.020070 -2.691897 0.563925 -0.301562 0.707496 0.447142 0.456700
1413393958755760384 -0.002127 -2.679162 0.551169 -0.298731 0.710129 0.446992 0.454615
1413393958855760384 0.019806 -2.663532 0.533696 -0.302477 0.703706 0.441831 0.467002
1413393958955760384 0.047136 -2.636277 0.501773 -0.306281 0.697500 0.435857 0.479284
1413393959055760384 0.071519 -2.612515 0.464887 -0.317219 0.695105 0.424611 0.485702
1413393959155760384 0.096765 -2.587783 0.425486 -0.333056 0.693685 0.409772 0.489859
1413393959255760384 0.125470 -2.566565 0.388963 -0.335056 0.688027 0.405367 0.500034
1413393959355760384 0.156194 -2.548948 0.352712 -0.324818 0.689134 0.410220 0.501305
1413393959455760384 0.186581 -2.533714 0.321634 -0.315535 0.691826 0.415247 0.499384
1413393959555760384 0.215487 -2.518680 0.294061 -0.311788 0.689701 0.416579 0.503550
1413393959655760384 0.241124 -2.506443 0.275850 -0.320941 0.673024 0.409070 0.526021
1413393959755760384 0.259339 -2.506153 0.260053 -0.330487 0.659147 0.400786 0.543760
1413393959855760384 0.270272 -2.514405 0.241841 -0.323657 0.667308 0.405222 0.534548
1413393959955760384 0.273878 -2.531872 0.226174 -0.308939 0.683074 0.415080 0.515436
1413393960055760384 0.272700 -2.553014 0.215313 -0.297304 0.696347 0.422515 0.498189
1413393960155760384 0.268341 -2.573815 0.209202 -0.287685 0.706413 0.428737 0.484151
1413393960255760384 0.263657 -2.589545 0.203927 -0.277046 0.718329 0.435158 0.466783
1413393960355760384 0.261031 -2.595811 0.201893 -0.272887 0.723225 0.438142 0.458814
1413393960455760384 0.261108 -2.589585 0.204482 -0.283154 0.712097 0.437801 0.470182
1413393960555760384 0.261232 -2.575801 0.198697 -0.297857 0.696585 0.443746 0.478685
1413393960655760384 0.258917 -2.558452 0.171386 -0.314971 0.679730 0.458275 0.478273
1413393960755760384 0.253592 -2.539261 0.120925 -0.330965 0.663499 0.479077 0.469805
1413393960855760384 0.246394 -2.518834 0.055608 -0.342019 0.652264 0.502451 0.452900
1413393960955760384 0.239058 -2.496320 -0.009830 -0.346506 0.650555 0.522186 0.428993
1413393961055760384 0.234284 -2.466892 -0.063389 -0.351860 0.649194 0.533027 0.413067
1413393961155760384 0.232532 -2.429461 -0.101284 -0.361072 0.638262 0.535051 0.419486
1413393961255760384 0.232814 -2.386391 -0.119120 -0.387915 0.622912 0.519427 0.437834
1413393961355760384 0.235198 -2.345956 -0.118465 -0.429590 0.603144 0.488781 0.461263
1413393961455760384 0.242337 -2.316443 -0.102760 -0.451200 0.586325 0.471314 0.480109
1413393961555760384 0.253976 -2.306411 -0.071857 -0.433242 0.589388 0.484627 0.479645
1413393961655760384 0.263726 -2.316649 -0.030279 -0.403222 0.602712 0.506765 0.466196
1413393961755760384 0.270717 -2.334614 0.028984 -0.388383 0.607373 0.516877 0.461622
1413393961855760384 0.271742 -2.359689 0.105681 -0.379987 0.612783 0.522040 0.455612
1413393961955760384 0.269113 -2.387235 0.188985 -0.372254 0.618696 0.527172 0.448030
1413393962055760384 0.258651 -2.425176 0.287682 -0.365751 0.624905 0.531606 0.439449
1413393962155760384 0.252071 -2.444874 0.394309 -0.359673 0.630432 0.536112 0.431016
1413393962255760384 0.240477 -2.466370 0.515683 -0.356130 0.634116 0.539593 0.424155
1413393962355760384 0.230608 -2.470507 0.640079 -0.349241 0.639266 0.544301 0.416061
1413393962455760384 0.218756 -2.482675 0.749924 -0.334922 0.648931 0.551800 0.402781
1413393962555760384 0.209629 -2.473404 0.835958 -0.316107 0.663331 0.554443 0.390719
1413393962655760384 0.201355 -2.461402 0.901806 -0.298643 0.673797 0.548145 0.395407
1413393962755760384 0.195839 -2.433422 0.957693 -0.284092 0.678147 0.532093 0.419864
1413393962855760384 0.188853 -2.386304 1.006508 -0.268396 0.678694 0.508795 0.456581
1413393962955760384 0.177595 -2.327654 1.046021 -0.250842 0.680390 0.479799 0.493903
1413393963055760384 0.158620 -2.260321 1.074293 -0.232891 0.688798 0.445283 0.522534
1413393963155760384 0.129158 -2.181862 1.094188 -0.216594 0.698639 0.407259 0.546929
1413393963255760384 0.086831 -2.096004 1.103873 -0.210764 0.712820 0.362639 0.562103
1413393963355760384 0.034335 -2.006306 1.105704 -0.202131 0.727030 0.320469 0.572599
1413393963455760384 -0.026153 -1.915373 1.096215 -0.185293 0.741345 0.284357 0.578978
1413393963555760384 -0.093334 -1.823343 1.082540 -0.169277 0.753544 0.250741 0.583648
1413393963655760384 -0.165979 -1.730350 1.065291 -0.153126 0.761059 0.220879 0.590384
1413393963755760384 -0.244945 -1.639971 1.037943 -0.134877 0.766212 0.194930 0.597268
1413393963855760384 -0.331706 -1.553678 1.009195 -0.113294 0.771799 0.172467 0.601453
1413393963955760384 -0.426255 -1.469504 0.976090 -0.089720 0.780054 0.151360 0.600463
1413393964055760384 -0.526204 -1.388283 0.925569 -0.067754 0.788252 0.129386 0.597769
1413393964155760384 -0.629028 -1.300662 0.863766 -0.052140 0.793921 0.102419 0.597060
1413393964255760384 -0.734789 -1.210139 0.796940 -0.044316 0.798356 0.069904 0.596470
1413393964355760384 -0.844098 -1.119578 0.732897 -0.037152 0.803665 0.038409 0.592678
1413393964455760384 -0.955265 -1.029779 0.674708 -0.028884 0.807269 0.008774 0.589412
1413393964555760384 -1.065156 -0.941909 0.622633 -0.020788 0.808752 -0.018775 0.587482
1413393964655760384 -1.176326 -0.860555 0.575434 -0.015439 0.808277 -0.046660 0.586748
1413393964755760384 -1.286026 -0.787233 0.533321 -0.008288 0.806294 -0.072988 0.586937
1413393964855760384 -1.397770 -0.723788 0.494795 -0.001978 0.809023 -0.098814 0.579408
1413393964955760384 -1.509042 -0.672848 0.458984 0.002748 0.817379 -0.126100 0.562123
1413393965055760384 -1.616576 -0.636592 0.427347 -0.002690 0.826081 -0.159748 0.540428
1413393965155760384 -1.716936 -0.619291 0.400489 -0.010248 0.831784 -0.195123 0.519575
1413393965255760384 -1.808652 -0.626603 0.379453 -0.003128 0.838809 -0.219244 0.498319
1413393965355760384 -1.892022 -0.659638 0.366394 0.021949 0.849441 -0.222668 0.477899
1413393965455760384 -1.955698 -0.719694 0.363135 0.067216 0.858496 -0.201114 0.466926
1413393965555760384 -1.994101 -0.794431 0.368376 0.123700 0.860675 -0.161324 0.466809
1413393965655760384 -2.006485 -0.869693 0.375683 0.162315 0.856385 -0.130634 0.472434
1413393965755760384 -1.989604 -0.937452 0.387040 0.166810 0.845315 -0.126856 0.491451
1413393965855760384 -1.948714 -0.994672 0.402049 0.156600 0.825480 -0.133576 0.525563
1413393965955760384 -1.896724 -1.043332 0.409126 0.159589 0.813328 -0.130634 0.544025
1413393966055760384 -1.834808 -1.083228 0.409024 0.171055 0.808913 -0.121534 0.549208
1413393966155760384 -1.765218 -1.109200 0.415919 0.164154 0.808157 -0.126371 0.551331
1413393966255760384 -1.686522 -1.121413 0.436026 0.158730 0.808535 -0.130315 0.551447
1413393966355760384 -1.598236 -1.121292 0.471459 0.170291 0.808591 -0.120977 0.550042
1413393966455760384 -1.503706 -1.105046 0.522275 0.182731 0.799105 -0.109108 0.562259
1413393966555760384 -1.406702 -1.071451 0.575338 0.177396 0.783632 -0.109122 0.585273
1413393966655760384 -1.312657 -1.023631 0.616836 0.168949 0.770612 -0.112187 0.604175
1413393966755760384 -1.225216 -0.962468 0.645452 0.162760 0.761683 -0.115556 0.616437
1413393966855760384 -1.147428 -0.887589 0.662766 0.157821 0.759332 -0.119587 0.619843
1413393966955760384 -1.080202 -0.801131 0.670092 0.141826 0.768367 -0.134951 0.609332
1413393967055760384 -1.019516 -0.707475 0.668722 0.121233 0.777972 -0.159979 0.595372
1413393967155760384 -0.964833 -0.612376 0.661836 0.111095 0.782477 -0.178646 0.586066
1413393967255760384 -0.915695 -0.520327 0.649913 0.111274 0.781407 -0.192523 0.583058
1413393967355760384 -0.873166 -0.433858 0.631493 0.122715 0.775821 -0.205225 0.583888
1413393967455760384 -0.837448 -0.352863 0.605403 0.139292 0.765797 -0.222812 0.586948
1413393967555760384 -0.807120 -0.275313 0.573766 0.153557 0.756195 -0.246529 0.586355
1413393967655760384 -0.784034 -0.200748 0.543186 0.167121 0.748667 -0.273258 0.580429
1413393967755760384 -0.768715 -0.130668 0.517320 0.186322 0.741739 -0.297524 0.571478
1413393967855760384 -0.762687 -0.059721 0.500932 0.203816 0.736322 -0.320988 0.559693
1413393967955760384 -0.762725 0.010244 0.495798 0.209812 0.742186 -0.345427 0.534620
1413393968055760384 -0.763322 0.072261 0.508884 0.214126 0.749168 -0.362203 0.511573
1413393968155760384 -0.761352 0.123738 0.542128 0.220571 0.748532 -0.370370 0.503860
1413393968255760384 -0.756367 0.167297 0.582311 0.217711 0.744627 -0.380091 0.503650
1413393968355760384 -0.749188 0.204784 0.617375 0.221117 0.748107 -0.380216 0.496869
1413393968455760384 -0.737520 0.234115 0.644063 0.236432 0.756212 -0.368632 0.486162
1413393968555760384 -0.719375 0.258782 0.663741 0.251131 0.756283 -0.356097 0.488021
1413393968655760384 -0.693510 0.279442 0.671775 0.258762 0.756699 -0.351663 0.486602
1413393968755760384 -0.661050 0.297635 0.669552 0.260136 0.755335 -0.357565 0.483679
1413393968855760384 -0.620180 0.310128 0.659188 0.268263 0.744423 -0.364962 0.490584
1413393968955760384 -0.573877 0.319102 0.639910 0.277576 0.723549 -0.378960 0.505785
1413393969055760384 -0.529616 0.330806 0.607151 0.283912 0.700709 -0.400584 0.517622
1413393969155760384 -0.488147 0.342946 0.569675 0.300059 0.681179 -0.419104 0.519915
1413393969255760384 -0.450412 0.358142 0.534503 0.320437 0.666564 -0.437325 0.511624
1413393969355760384 -0.414566 0.377620 0.502643 0.333679 0.653556 -0.461094 0.498913
1413393969455760384 -0.379847 0.399882 0.474773 0.336676 0.635489 -0.489310 0.493334
1413393969555760384 -0.350541 0.423352 0.449628 0.333011 0.612300 -0.518972 0.494834
1413393969655760384 -0.331196 0.446891 0.427975 0.331680 0.596328 -0.545628 0.486488
1413393969755760384 -0.323901 0.466122 0.418035 0.333238 0.585374 -0.566379 0.474874
1413393969855760384 -0.330027 0.482493 0.427070 -0.334300 -0.576746 0.580838 -0.467157
1413393969955760384 -0.351511 0.495910 0.454065 -0.344581 -0.572716 0.584339 -0.460226
1413393970055760384 -0.385896 0.506577 0.496226 0.366012 0.583029 -0.576304 0.440438
1413393970155760384 -0.426960 0.516438 0.541027 0.385625 0.598401 -0.565820 0.416003
1413393970255760384 -0.466685 0.524342 0.577032 0.392596 0.607051 -0.561451 0.402654
1413393970355760384 -0.503560 0.534479 0.599851 0.393981 0.610307 -0.559782 0.398684
1413393970455760384 -0.534752 0.535004 0.619193 0.395195 0.612414 -0.557082 0.398032
1413393970555760384 -0.559278 0.527239 0.641529 0.402757 0.608127 -0.549865 0.406961
1413393970655760384 -0.576340 0.513534 0.663599 0.414255 0.605284 -0.539687 0.413233
1413393970755760384 -0.588720 0.500614 0.675421 0.431922 0.607627 -0.526081 0.409233
1413393970855760384 -0.591378 0.489328 0.672061 0.449777 0.617561 -0.512910 0.391462
1413393970955760384 -0.578242 0.482009 0.660212 0.460071 0.623065 -0.505272 0.380558
1413393971055760384 -0.544248 0.476021 0.649661 0.457448 0.617515 -0.506714 0.390713
1413393971155760384 -0.491121 0.475645 0.647382 0.453032 0.602697 -0.507145 0.417519
1413393971255760384 -0.423450 0.482572 0.661012 0.457244 0.584201 -0.498495 0.448486
1413393971355760384 -0.348344 0.504997 0.681240 0.467338 0.568436 -0.484683 0.472819
1413393971455760384 -0.269859 0.546509 0.689111 0.466675 0.562201 -0.481386 0.484161
1413393971555760384 -0.188517 0.607793 0.680743 0.440359 0.569201 -0.500957 0.480766
1413393971655760384 -0.107080 0.684511 0.668156 0.395696 0.567982 -0.533428 0.486082
1413393971755760384 -0.032752 0.769298 0.663069 -0.354905 -0.552258 0.562843 -0.502257
1413393971855760384 0.023004 0.858053 0.666015 -0.326925 -0.537770 0.584510 -0.512125
1413393971955760384 0.053401 0.946955 0.677958 -0.327308 -0.539979 0.590207 -0.502939
1413393972055760384 0.060295 1.034277 0.696479 -0.342102 -0.550926 0.587678 -0.483819
1413393972155760384 0.052340 1.119783 0.708736 -0.343047 -0.559064 0.592518 -0.467642
1413393972255760384 0.033950 1.202540 0.701374 -0.336199 -0.569286 0.600287 -0.450044
1413393972355760384 0.002290 1.277341 0.688423 -0.360919 -0.582679 0.586072 -0.432136
1413393972455760384 -0.033931 1.347309 0.676857 0.386240 0.593855 -0.568578 0.418179
1413393972555760384 -0.069294 1.413197 0.663965 0.393343 0.608680 -0.562334 0.398210
1413393972655760384 -0.099342 1.471427 0.652607 0.392739 0.616782 -0.562730 0.385578
1413393972755760384 -0.118857 1.521168 0.639641 0.394917 0.617836 -0.562548 0.381915
1413393972855760384 -0.130685 1.563142 0.624973 0.400577 0.614672 -0.561113 0.383234
1413393972955760384 -0.135308 1.596698 0.612362 0.407861 0.612507 -0.559085 0.381979
1413393973055760384 -0.130527 1.621238 0.597532 0.417345 0.610393 -0.554336 0.382040
1413393973155760384 -0.115982 1.643904 0.585476 0.427523 0.603677 -0.547478 0.391237
1413393973255760384 -0.091466 1.665826 0.571565 0.439767 0.594302 -0.536885 0.406404
1413393973355760384 -0.056964 1.692410 0.559626 0.452748 0.582303 -0.524248 0.425566
1413393973455760384 -0.013925 1.727586 0.548458 0.463291 0.571863 -0.511799 0.443165
1413393973555760384 0.036343 1.778362 0.536353 0.471848 0.563816 -0.501221 0.456343
1413393973655760384 0.093710 1.848023 0.523561 0.465633 0.558226 -0.502196 0.468368
1413393973755760384 0.155895 1.936640 0.508339 0.431133 0.555412 -0.524469 0.480182
1413393973855760384 0.215560 2.040274 0.493791 -0.380191 -0.552162 0.557221 -0.489976
1413393973955760384 0.261877 2.149083 0.482426 -0.323935 -0.548566 0.591272 -0.494509
1413393974055760384 0.283983 2.255578 0.475168 -0.276259 -0.566863 0.620278 -0.466479
1413393974155760384 0.276459 2.349941 0.474661 -0.239663 -0.594599 0.641596 -0.421151
1413393974255760384 0.240458 2.413161 0.487940 -0.238023 -0.632412 0.639685 -0.366338
1413393974355760384 0.187518 2.433342 0.515610 0.257226 0.665257 -0.623543 0.320097
1413393974455760384 0.135943 2.406740 0.551217 0.282574 0.688768 -0.601993 0.288713
1413393974555760384 0.097095 2.332778 0.596676 0.319189 0.704578 -0.570192 0.276712
1413393974655760384 0.082933 2.223832 0.646584 0.358545 0.705102 -0.538234 0.290827
1413393974755760384 0.095080 2.091110 0.696271 0.396146 0.692505 -0.508826 0.323422
1413393974855760384 0.130524 1.948997 0.736816 0.419061 0.673079 -0.491514 0.360231
1413393974955760384 0.185874 1.807036 0.762056 0.422974 0.648247 -0.490741 0.400052
1413393975055760384 0.253758 1.668057 0.771421 0.420155 0.625727 -0.494832 0.432523
1413393975155760384 0.327231 1.536149 0.767915 0.411532 0.609632 -0.502879 0.453985
1413393975255760384 0.403106 1.414688 0.757212 0.401055 0.603385 -0.512177 0.461255
1413393975355760384 0.475513 1.298299 0.752187 0.399368 0.602441 -0.514072 0.461845
1413393975455760384 0.549150 1.192656 0.753690 0.410244 0.602541 -0.505811 0.461302
1413393975555760384 0.625073 1.099631 0.755608 0.421146 0.601861 -0.496798 0.462160
1413393975655760384 0.704862 1.023100 0.757681 0.424867 0.600049 -0.493079 0.465082
1413393975755760384 0.787372 0.961198 0.759817 0.412901 0.594359 -0.502586 0.472924
1413393975855760384 0.870475 0.911906 0.762954 0.400611 0.585695 -0.514529 0.481386
1413393975955760384 0.949807 0.873420 0.767087 0.391784 0.578415 -0.525455 0.485632
1413393976055760384 1.022950 0.845079 0.767974 0.389605 0.582082 -0.533466 0.474133
1413393976155760384 1.090836 0.823363 0.759140 0.389956 0.585892 -0.539348 0.462351
1413393976255760384 1.154751 0.806122 0.740461 0.385652 0.584039 -0.546671 0.459697
1413393976355760384 1.213347 0.793058 0.717850 0.381917 0.575747 -0.551365 0.467601
1413393976455760384 1.265383 0.783376 0.702000 0.378543 0.570076 -0.550487 0.478207
1413393976555760384 1.308165 0.779986 0.696461 0.367966 0.577254 -0.547723 0.481018
1413393976655760384 1.340847 0.780457 0.693080 0.357612 0.588161 -0.543498 0.480406
1413393976755760384 1.364407 0.785310 0.682040 0.345952 0.593092 -0.540509 0.486219
1413393976855760384 1.378134 0.790393 0.661959 0.333735 0.601903 -0.540867 0.483525
1413393976955760384 1.379730 0.796584 0.642896 0.324307 0.618597 -0.542131 0.467180
1413393977055760384 1.374291 0.798330 0.628592 0.328750 0.635270 -0.536774 0.447470
1413393977155760384 1.368312 0.791193 0.623798 0.341302 0.643477 -0.527375 0.437408
1413393977255760384 1.365700 0.774763 0.634931 0.354897 0.643686 -0.518184 0.437267
1413393977355760384 1.366928 0.754896 0.657742 0.364739 0.640978 -0.511767 0.440689
1413393977455760384 1.372147 0.734288 0.691334 0.371367 0.638512 -0.509151 0.441762
1413393977555760384 1.381900 0.713126 0.726140 0.376591 0.638502 -0.508301 0.438320
1413393977655760384 1.395791 0.693672 0.751395 0.378724 0.637812 -0.509651 0.435912
1413393977755760384 1.413020 0.673722 0.762917 0.380185 0.636487 -0.511850 0.433998
1413393977855760384 1.437870 0.648701 0.775391 0.382072 0.634200 -0.514005 0.433140
1413393977955760384 1.467003 0.625902 0.784331 0.383525 0.631457 -0.516833 0.432498
1413393978055760384 1.503392 0.602176 0.798010 0.382227 0.627661 -0.522605 0.432237
1413393978155760384 1.544201 0.578603 0.813005 0.378917 0.622491 -0.529580 0.434134
1413393978255760384 1.586700 0.555388 0.828516 0.377460 0.614535 -0.536776 0.437884
1413393978355760384 1.628942 0.529779 0.845843 0.379948 0.601855 -0.545859 0.442095
1413393978455760384 1.667451 0.507076 0.866916 0.386179 0.585332 -0.557147 0.444791
1413393978555760384 1.701381 0.483569 0.886837 -0.396544 -0.565807 0.570287 -0.444284
1413393978655760384 1.728550 0.467791 0.908381 -0.406969 -0.547481 0.587890 -0.434770
1413393978755760384 1.750316 0.454246 0.928176 -0.415324 -0.530221 0.608686 -0.419373
1413393978855760384 1.766289 0.442680 0.949721 -0.422834 -0.511208 0.629158 -0.405016
1413393978955760384 1.775763 0.433065 0.973254 -0.433365 -0.489163 0.647003 -0.392813
1413393979055760384 1.777530 0.426312 0.995719 -0.441759 -0.464555 0.665475 -0.382336
1413393979155760384 1.769850 0.423979 1.017589 -0.451991 -0.438755 0.682917 -0.369896
1413393979255760384 1.753149 0.425102 1.033763 -0.465186 -0.414050 0.698250 -0.353003
1413393979355760384 1.729852 0.431716 1.036956 -0.476799 -0.386190 0.713243 -0.338829
1413393979455760384 1.700265 0.447290 1.026982 -0.485795 -0.356402 0.728072 -0.326944
1413393979555760384 1.663989 0.468416 1.008069 -0.492903 -0.325567 0.742366 -0.316142
1413393979655760384 1.616221 0.495661 0.984145 0.501834 0.298122 -0.754862 0.299113
1413393979755760384 1.560712 0.531016 0.962914 0.513705 0.274447 -0.764360 0.276659
1413393979855760384 1.498287 0.575093 0.946967 0.525245 0.256082 -0.772855 0.247456
1413393979955760384 1.430645 0.625717 0.936602 0.531750 0.237239 -0.782852 0.219323
1413393980055760384 1.359135 0.680597 0.928366 0.533961 0.218201 -0.794209 0.191068
1413393980155760384 1.283423 0.736379 0.921130 0.532779 0.205550 -0.805876 0.156395
1413393980255760384 1.203156 0.788699 0.914874 0.528170 0.197286 -0.816565 0.123838
1413393980355760384 1.117941 0.832530 0.908334 0.524860 0.191136 -0.823013 0.103140
1413393980455760384 1.026792 0.865846 0.903001 0.529134 0.186622 -0.822480 0.093354
1413393980555760384 0.931445 0.887061 0.898200 0.544105 0.182502 -0.813753 0.091917
1413393980655760384 0.833149 0.898167 0.893574 0.561642 0.180585 -0.802144 0.092266
1413393980755760384 0.736072 0.899060 0.889493 0.566675 0.180000 -0.798649 0.092945
1413393980855760384 0.641789 0.893141 0.887035 0.556696 0.178116 -0.805665 0.096269
1413393980955760384 0.546793 0.879966 0.885855 0.541287 0.173320 -0.816240 0.103545
1413393981055760384 0.448843 0.860659 0.889348 0.532438 0.164452 -0.822181 0.116118
1413393981155760384 0.344535 0.837655 0.902213 0.534205 0.155724 -0.820896 0.128466
1413393981255760384 0.233574 0.814803 0.929103 0.539464 0.150054 -0.817008 0.137698
1413393981355760384 0.116036 0.793638 0.967415 0.537191 0.149650 -0.817898 0.141683
1413393981455760384 -0.006775 0.776657 1.006124 0.534310 0.156064 -0.819306 0.137456
1413393981555760384 -0.135182 0.763247 1.036545 0.536265 0.167778 -0.817471 0.126538
1413393981655760384 -0.267691 0.748073 1.054351 0.537814 0.176803 -0.815664 0.119114
1413393981755760384 -0.404182 0.729002 1.060482 0.539290 0.184216 -0.813850 0.113484
1413393981855760384 -0.541195 0.703996 1.057047 0.544605 0.192766 -0.808838 0.109669
1413393981955760384 -0.676044 0.670145 1.044689 0.550952 0.206857 -0.800807 0.111223
1413393982055760384 -0.804466 0.627733 1.029912 0.555122 0.224006 -0.791891 0.120706
1413393982155760384 -0.928551 0.576067 1.015978 0.557037 0.246033 -0.781324 0.136784
1413393982255760384 -1.051097 0.515192 1.004714 0.554188 0.272022 -0.770354 0.159482
1413393982355760384 -1.171036 0.446971 0.996170 0.546089 0.303506 -0.758651 0.184713
1413393982455760384 -1.284896 0.374126 0.990087 0.532403 0.340846 -0.745893 0.209796
1413393982555760384 -1.392074 0.297574 0.985521 0.516504 0.381540 -0.729037 0.236973
1413393982655760384 -1.492393 0.215218 0.983082 0.501166 0.425404 -0.705517 0.264784
1413393982755760384 -1.584664 0.127041 0.980239 -0.485978 -0.471968 0.675523 -0.291102
1413393982855760384 -1.668578 0.033575 0.978336 -0.471854 -0.517781 0.639524 -0.316648
1413393982955760384 -1.740457 -0.062432 0.975639 -0.454615 -0.561692 0.601312 -0.340955
1413393983055760384 -1.799811 -0.159946 0.970303 0.433758 0.601408 -0.563452 0.364259
1413393983155760384 -1.844233 -0.258179 0.965520 0.414339 0.638569 -0.522436 0.384206
1413393983255760384 -1.873819 -0.356306 0.960002 0.395469 0.672485 -0.479447 0.401869
1413393983355760384 -1.886961 -0.451865 0.954814 0.376346 0.702265 -0.435048 0.419430
1413393983455760384 -1.880466 -0.542026 0.951575 0.357423 0.725717 -0.389817 0.440029
1413393983555760384 -1.853178 -0.624622 0.951426 0.337622 0.743219 -0.345083 0.463200
1413393983655760384 -1.808860 -0.694652 0.954580 0.316476 0.757920 -0.300891 0.484628
1413393983755760384 -1.751064 -0.754197 0.960194 0.290914 0.769692 -0.260923 0.504840
1413393983855760384 -1.680240 -0.798183 0.967423 0.261507 0.780004 -0.226262 0.521550
1413393983955760384 -1.599139 -0.828079 0.979429 0.235672 0.787913 -0.191563 0.535682
1413393984055760384 -1.508159 -0.841250 0.994062 0.212996 0.794423 -0.155264 0.547191
1413393984155760384 -1.408973 -0.836323 1.011261 0.191373 0.799132 -0.116819 0.557780
1413393984255760384 -1.304019 -0.810688 1.030871 0.168699 0.802221 -0.078952 0.567229
1413393984355760384 -1.195524 -0.765338 1.052003 0.141496 0.803938 -0.048256 0.575616
1413393984455760384 -1.087916 -0.701092 1.075770 0.118483 0.803140 -0.020588 0.583527
1413393984555760384 -0.982161 -0.620345 1.100969 0.099658 0.800216 0.003302 0.591365
1413393984655760384 -0.880961 -0.524130 1.121674 0.074619 0.801897 0.016119 0.592565
1413393984755760384 -0.782563 -0.417907 1.132935 0.040557 0.804967 0.012454 0.591800
1413393984855760384 -0.686283 -0.306160 1.133210 0.012455 0.808990 0.001760 0.587688
1413393984955760384 -0.593205 -0.195448 1.121423 -0.009859 0.816261 -0.022471 0.577162
1413393985055760384 -0.501512 -0.090852 1.101744 -0.013290 0.819964 -0.049560 0.570111
1413393985155760384 -0.407735 0.004157 1.077669 0.006575 0.816750 -0.072066 0.572436
1413393985255760384 -0.314308 0.091401 1.048057 0.037932 0.809605 -0.093043 0.578311
1413393985355760384 -0.223399 0.174364 1.015848 0.073980 0.802779 -0.114772 0.580431
1413393985455760384 -0.136087 0.256523 0.985244 0.106788 0.796076 -0.140740 0.578836
1413393985555760384 -0.051607 0.339937 0.956322 0.132567 0.789252 -0.171238 0.574617
1413393985655760384 0.031021 0.426219 0.927548 0.145975 0.786664 -0.208840 0.562349
1413393985755760384 0.111223 0.512322 0.899624 0.153278 0.785685 -0.248551 0.545369
1413393985855760384 0.191156 0.594136 0.875656 0.161175 0.782715 -0.285182 0.529199
1413393985955760384 0.271750 0.665022 0.859043 0.168846 0.775093 -0.320978 0.517393
1413393986055760384 0.355259 0.723719 0.851106 0.180387 0.763146 -0.352849 0.510458
1413393986155760384 0.437383 0.771378 0.849268 0.191083 0.747480 -0.384724 0.506704
1413393986255760384 0.518232 0.806394 0.851122 0.198509 0.727022 -0.418632 0.506735
1413393986355760384 0.595023 0.828232 0.855176 0.208254 0.705656 -0.451291 0.504992
1413393986455760384 0.663923 0.834124 0.861701 0.222209 0.684081 -0.481470 0.500843
1413393986555760384 0.721785 0.830143 0.872835 0.254725 0.667033 -0.498206 0.491906
1413393986655760384 0.769251 0.813536 0.888100 0.303020 0.655510 -0.501733 0.476182
1413393986755760384 0.813249 0.791857 0.904843 0.347451 0.638776 -0.505327 0.464637
1413393986855760384 0.857192 0.771539 0.922512 0.386433 0.620961 -0.509132 0.453720
1413393986955760384 0.903717 0.757508 0.937659 0.408767 0.607598 -0.516799 0.443455
1413393987055760384 0.959627 0.749808 0.944716 0.411831 0.600935 -0.531853 0.431746
1413393987155760384 1.022107 0.747401 0.939957 0.410752 0.597553 -0.543701 0.422614
1413393987255760384 1.083994 0.740988 0.927926 0.408407 0.596098 -0.551955 0.416192
1413393987355760384 1.147102 0.727194 0.921124 0.405857 0.595845 -0.556837 0.412530
1413393987455760384 1.211522 0.710616 0.919941 0.403391 0.596573 -0.558526 0.411613
1413393987555760384 1.277242 0.693069 0.922186 0.405124 0.595763 -0.558064 0.411711
1413393987655760384 1.343942 0.673846 0.924716 0.411118 0.592141 -0.558834 0.409947
1413393987755760384 1.417405 0.659388 0.935693 0.416347 0.584432 -0.564601 0.407824
1413393987855760384 1.488004 0.642093 0.936505 0.416273 0.576564 -0.573072 0.407282
1413393987955760384 1.565174 0.628016 0.934472 -0.414450 -0.570535 0.580711 -0.406811
1413393988055760384 1.638418 0.612337 0.912895 -0.415408 -0.566031 0.584916 -0.406102
1413393988155760384 1.714741 0.598353 0.885214 -0.421317 -0.562858 0.584673 -0.404772
1413393988255760384 1.787605 0.587497 0.843960 -0.430496 -0.561199 0.581252 -0.402338
1413393988355760384 1.864585 0.576561 0.801352 -0.438731 -0.561037 0.576838 -0.400013
1413393988455760384 1.940928 0.570348 0.757819 -0.448433 -0.565419 0.570847 -0.391589
1413393988555760384 2.026958 0.565156 0.719348 0.459533 0.574572 -0.563644 0.375502
1413393988655760384 2.123321 0.565390 0.684485 0.463008 0.575798 -0.562282 0.371375
1413393988755760384 2.236333 0.566690 0.652921 -0.450107 -0.568494 0.574700 -0.379393
1413393988855760384 2.356598 0.567094 0.625486 -0.425049 -0.554552 0.600627 -0.388655
1413393988955760384 2.474272 0.562603 0.613668 -0.396457 -0.535403 0.632809 -0.394611
1413393989055760384 2.580136 0.553751 0.619774 -0.374864 -0.516640 0.661085 -0.394368
1413393989155760384 2.665759 0.537861 0.644365 -0.356088 -0.500807 0.685786 -0.389989
1413393989255760384 2.721970 0.510762 0.690618 -0.352334 -0.494246 0.699392 -0.377403
1413393989355760384 2.758483 0.468740 0.753723 -0.400045 -0.499944 0.678791 -0.359531
1413393989455760384 2.790147 0.417590 0.819395 -0.454649 -0.497429 0.649002 -0.353066
1413393989555760384 2.825315 0.364762 0.872827 -0.489843 -0.491461 0.627226 -0.353706
1413393989655760384 2.865509 0.316652 0.908856 0.501582 0.488841 -0.620711 0.352375
1413393989755760384 2.911897 0.271654 0.928244 -0.499946 -0.485963 0.627150 -0.347242
1413393989855760384 2.962981 0.231554 0.936230 -0.494463 -0.474408 0.640023 -0.347581
1413393989955760384 3.015306 0.195870 0.936304 -0.489275 -0.452898 0.656240 -0.353332
1413393990055760384 3.067468 0.167740 0.926874 -0.491160 -0.424146 0.672667 -0.355501
1413393990155760384 3.114726 0.149104 0.909649 0.501645 0.396089 -0.687846 0.343997
1413393990255760384 3.158513 0.141005 0.884063 0.511968 0.366459 -0.705331 0.325736
1413393990355760384 3.199871 0.143734 0.851004 0.515123 0.334900 -0.727704 0.304856
1413393990455760384 3.233910 0.156625 0.819525 0.516499 0.300112 -0.749333 0.285764
1413393990555760384 3.261204 0.177228 0.792606 0.511962 0.265857 -0.771516 0.268287
1413393990655760384 3.278715 0.206451 0.769485 -0.492882 -0.241743 0.799894 -0.242481
1413393990755760384 3.279884 0.243338 0.751532 -0.468364 -0.241636 0.826761 -0.196758
1413393990855760384 3.261502 0.271488 0.740147 -0.453125 -0.252800 0.841673 -0.149519
1413393990955760384 3.222540 0.281708 0.737330 -0.461466 -0.263551 0.838979 -0.117064
1413393991055760384 3.164341 0.269588 0.745324 0.503567 0.270443 -0.813659 0.106017
1413393991155760384 3.098717 0.234092 0.759049 0.559817 0.265411 -0.775992 0.118310
1413393991255760384 3.040455 0.187810 0.773911 0.612541 0.251085 -0.735267 0.145369
1413393991355760384 2.999777 0.141680 0.784414 0.646233 0.236155 -0.704374 0.174560
1413393991455760384 2.981534 0.102174 0.788512 0.640646 0.226217 -0.706377 0.198571
1413393991555760384 2.984030 0.073404 0.787815 0.599905 0.220866 -0.737828 0.216658
1413393991655760384 2.995706 0.056471 0.789502 0.549884 0.215911 -0.773165 0.230706
1413393991755760384 3.004208 0.052295 0.797386 0.510821 0.214860 -0.799265 0.232535
1413393991855760384 2.998104 0.057750 0.816980 0.503892 0.217927 -0.805202 0.224164
1413393991955760384 2.976825 0.068854 0.848990 0.543114 0.231828 -0.781403 0.201724
1413393992055760384 2.954461 0.083027 0.883487 0.587987 0.239582 -0.748948 0.189603
1413393992155760384 2.940137 0.100420 0.910143 0.606535 0.243319 -0.734478 0.182904
1413393992255760384 2.937742 0.120418 0.925650 0.581327 0.251156 -0.754936 0.170446
1413393992355760384 2.943411 0.139971 0.938661 0.543266 0.249070 -0.783455 0.170367
1413393992455760384 2.947904 0.156474 0.951610 0.510849 0.234768 -0.805472 0.187436
1413393992555760384 2.942456 0.171734 0.963659 0.507301 0.222131 -0.807648 0.202502
1413393992655760384 2.924754 0.188944 0.971755 0.536281 0.220795 -0.788755 0.203759
1413393992755760384 2.904862 0.210415 0.976030 0.583543 0.227247 -0.754610 0.195961
1413393992855760384 2.889853 0.237672 0.978087 0.614181 0.235094 -0.730085 0.185710
1413393992955760384 2.888239 0.269983 0.975622 0.609612 0.243159 -0.734008 0.174581
1413393993055760384 2.900001 0.304502 0.972390 0.582560 0.252104 -0.755678 0.161303
1413393993155760384 2.921151 0.336223 0.970245 0.551507 0.254247 -0.778994 0.156097
1413393993255760384 2.942980 0.362552 0.967798 0.508056 0.253786 -0.808826 0.152551
1413393993355760384 2.955773 0.378230 0.968275 -0.470264 -0.255746 0.832076 -0.145246
1413393993455760384 2.951517 0.378924 0.977116 -0.460483 -0.262389 0.837323 -0.134155
1413393993555760384 2.927630 0.360617 0.997383 -0.487149 -0.263595 0.821601 -0.134817
1413393993655760384 2.891790 0.326379 1.023807 0.537816 0.257999 -0.788997 0.147221
1413393993755760384 2.855635 0.287405 1.054719 0.591294 0.249165 -0.749747 0.161761
1413393993855760384 2.829356 0.249004 1.064299 0.629033 0.241721 -0.718621 0.171677
1413393993955760384 2.817546 0.215084 1.051141 0.654160 0.234869 -0.696235 0.179355
1413393994055760384 2.828128 0.190110 1.030659 0.666778 0.224984 -0.683735 0.193121
1413393994155760384 2.869855 0.180643 1.023255 0.661305 0.214094 -0.687612 0.209833
1413393994255760384 2.940461 0.190334 1.032400 0.641594 0.206594 -0.704161 0.223234
1413393994355760384 3.026955 0.217627 1.056443 0.601847 0.209355 -0.737840 0.222582
1413393994455760384 3.121055 0.259048 1.076030 0.547075 0.220151 -0.780458 0.207672
1413393994555760384 3.213076 0.306903 1.074084 -0.487299 -0.231812 0.821068 -0.186149
1413393994655760384 3.294507 0.353231 1.051473 -0.435253 -0.237919 0.852317 -0.165846
1413393994755760384 3.350256 0.389185 1.018297 -0.404002 -0.241561 0.869925 -0.147178
1413393994855760384 3.369353 0.405619 0.994794 -0.423760 -0.248868 0.860926 -0.131524
1413393994955760384 3.363037 0.399495 0.980617 -0.473860 -0.247802 0.834778 -0.131136
1413393995055760384 3.346248 0.378461 0.963122 0.514182 0.233919 -0.812605 0.143427
1413393995155760384 3.324966 0.355818 0.939208 0.538278 0.219718 -0.796469 0.166186
1413393995255760384 3.306040 0.334760 0.906178 0.543116 0.210833 -0.788034 0.198938
1413393995355760384 3.282664 0.317722 0.871515 0.537582 0.216809 -0.782887 0.226025
1413393995455760384 3.257987 0.310293 0.840823 0.530610 0.235803 -0.775362 0.248323
1413393995555760384 3.223446 0.310214 0.815733 0.525506 0.264954 -0.763662 0.265451
1413393995655760384 3.181905 0.316707 0.795764 0.524309 0.301917 -0.745552 0.279462
1413393995755760384 3.140832 0.328662 0.778184 0.527668 0.343690 -0.719534 0.292771
1413393995855760384 3.098414 0.345046 0.763205 0.525893 0.382762 -0.692053 0.313038
1413393995955760384 3.057595 0.368616 0.750791 0.518639 0.416839 -0.665755 0.337683
1413393996055760384 3.019321 0.400902 0.736467 0.509591 0.444285 -0.643219 0.359439
1413393996155760384 2.983754 0.442325 0.721136 -0.499159 -0.460768 0.628574 -0.378718
1413393996255760384 2.948691 0.492652 0.702819 -0.478776 -0.474133 0.627492 -0.390162
1413393996355760384 2.911551 0.551784 0.681262 -0.460791 -0.489799 0.630846 -0.387042
1413393996455760384 2.871304 0.615226 0.652469 -0.450134 -0.503236 0.633306 -0.378228
1413393996555760384 2.829375 0.679737 0.612657 -0.440888 -0.512311 0.637850 -0.369193
1413393996655760384 2.786969 0.741969 0.566762 -0.433231 -0.519600 0.641670 -0.361367
1413393996755760384 2.744635 0.798452 0.524550 -0.428044 -0.526368 0.640769 -0.359346
1413393996855760384 2.703426 0.847083 0.488860 -0.428197 -0.535131 0.632229 -0.361344
1413393996955760384 2.664097 0.889491 0.458537 -0.426682 -0.546222 0.621879 -0.364487
1413393997055760384 2.631815 0.926744 0.433510 -0.422343 -0.556684 0.613173 -0.368440
1413393997155760384 2.597293 0.956466 0.412181 -0.419205 -0.564593 0.605936 -0.371945
1413393997255760384 2.565377 0.980100 0.396826 -0.420464 -0.566792 0.597865 -0.380149
1413393997355760384 2.540340 1.000371 0.381266 -0.423048 -0.568277 0.590276 -0.386867
1413393997455760384 2.515981 1.017758 0.352682 -0.423710 -0.569166 0.585847 -0.391541
1413393997555760384 2.495668 1.034467 0.310129 -0.424628 -0.569317 0.582946 -0.394644
1413393997655760384 2.479107 1.051133 0.267896 -0.426832 -0.568207 0.579990 -0.398204
1413393997755760384 2.466220 1.066749 0.231847 -0.425870 -0.568505 0.580279 -0.398388
1413393997855760384 2.457624 1.081448 0.203428 -0.424876 -0.569627 0.582012 -0.395307
1413393997955760384 2.451056 1.093191 0.180151 -0.424399 -0.570133 0.583953 -0.392215
1413393998055760384 2.452606 1.106694 0.160903 -0.424412 -0.570494 0.585638 -0.389152
1413393998155760384 2.457503 1.115400 0.144637 -0.425593 -0.569226 0.587829 -0.386405
1413393998255760384 2.467630 1.124425 0.130206 -0.428456 -0.566277 0.589629 -0.384828
1413393998355760384 2.481129 1.131529 0.120318 -0.430064 -0.562463 0.591909 -0.385129
1413393998455760384 2.500061 1.136316 0.114032 -0.423896 -0.561096 0.599316 -0.382496
1413393998555760384 2.522204 1.139866 0.113254 -0.416357 -0.555385 0.607413 -0.386321
1413393998655760384 2.545835 1.140390 0.112919 -0.410502 -0.545216 0.613186 -0.397781
1413393998755760384 2.565857 1.137912 0.110032 -0.404583 -0.535947 0.617450 -0.409669
1413393998855760384 2.580705 1.134944 0.104446 -0.404296 -0.532122 0.617160 -0.415337
1413393998955760384 2.589144 1.133046 0.095859 -0.410942 -0.536708 0.612310 -0.410058
1413393999055760384 2.593634 1.130590 0.086210 -0.425342 -0.543551 0.602296 -0.401094
1413393999155760384 2.599100 1.129102 0.072965 -0.433374 -0.552979 0.596618 -0.387875
1413393999255760384 2.604397 1.126960 0.056001 -0.430268 -0.558548 0.598967 -0.379646
1413393999355760384 2.614874 1.122401 0.038224 -0.417691 -0.555399 0.608251 -0.383531
1413393999455760384 2.626419 1.113226 0.021680 -0.407001 -0.549997 0.615934 -0.390486
1413393999555760384 2.633479 1.098504 0.009060 -0.401765 -0.544164 0.619960 -0.397642
1413393999655760384 2.637237 1.081966 -0.002039 -0.400413 -0.538004 0.621157 -0.405443
1413393999755760384 2.636014 1.064875 -0.015494 -0.399351 -0.534465 0.621727 -0.410270
1413393999855760384 2.629115 1.048198 -0.037015 -0.398099 -0.532788 0.621893 -0.413404
1413393999955760384 2.616370 1.032084 -0.065369 -0.400179 -0.534368 0.619379 -0.413131
1413394000055760384 2.603682 1.018784 -0.084350 -0.429025 -0.543521 0.601833 -0.397894
1413394000155760384 2.608146 1.020925 -0.068339 -0.435814 -0.541220 0.598078 -0.399312
1413394000255760384 2.612236 1.025718 -0.068389 -0.452498 -0.547018 0.589488 -0.385384
1413394000355760384 2.608526 1.030393 -0.089405 -0.435818 -0.525838 0.608336 -0.404332
1413394000455760384 2.605942 1.029896 -0.083570 -0.441907 -0.533052 0.602984 -0.396211
1413394000555760384 2.604786 1.029183 -0.086935 -0.441182 -0.532123 0.603619 -0.397301
1413394000655760384 2.605388 1.028611 -0.088054 -0.442323 -0.532636 0.602750 -0.396663
1413394000755760384 2.604953 1.028114 -0.088014 -0.440952 -0.532186 0.603693 -0.397360
1413394000855760384 2.605259 1.028112 -0.087867 -0.441423 -0.531708 0.603360 -0.397982
1413394000955760384 2.605169 1.028177 -0.087988 -0.440946 -0.531469 0.603745 -0.398246
1413394001055760384 2.605025 1.028195 -0.088073 -0.440859 -0.531234 0.603827 -0.398531
1413394001155760384 2.605149 1.028314 -0.088103 -0.440851 -0.531131 0.603793 -0.398727
1413394001255760384 2.605231 1.028446 -0.088149 -0.440522 -0.531180 0.603988 -0.398731
1413394001355760384 2.605144 1.028590 -0.088125 -0.440633 -0.531011 0.604000 -0.398815
1413394001455760384 2.605167 1.028718 -0.088213 -0.440510 -0.531042 0.604033 -0.398861
1413394001555760384 2.605216 1.028837 -0.088198 -0.440437 -0.530982 0.604120 -0.398889
1413394001655760384 2.605247 1.029033 -0.088189 -0.440394 -0.530877 0.604133 -0.399056
1413394001755760384 2.605207 1.029038 -0.088189 -0.440280 -0.530871 0.604148 -0.399167
1413394001855760384 2.605197 1.029086 -0.088220 -0.440110 -0.530909 0.604190 -0.399241
1413394001955760384 2.605150 1.028952 -0.088228 -0.440022 -0.530837 0.604266 -0.399318
1413394002055760384 2.605066 1.028686 -0.088260 -0.440028 -0.530782 0.604340 -0.399274
1413394002155760384 2.604966 1.028659 -0.087972 -0.440032 -0.530691 0.604399 -0.399300
1413394002255760384 2.604911 1.028595 -0.087901 -0.440046 -0.530653 0.604370 -0.399379
1413394002355760384 2.604891 1.028589 -0.087933 -0.439981 -0.530599 0.604425 -0.399439
1413394002455760384 2.604830 1.028475 -0.087761 -0.439930 -0.530616 0.604425 -0.399473
1413394002555760384 2.604859 1.028666 -0.087791 -0.439943 -0.530606 0.604434 -0.399458
1413394002655760384 2.604817 1.028561 -0.087434 -0.439894 -0.530598 0.604470 -0.399468
1413394002755760384 2.604824 1.028708 -0.087444 -0.439823 -0.530596 0.604527 -0.399463
1413394002855760384 2.604844 1.028738 -0.087730 -0.439770 -0.530554 0.604608 -0.399455
1413394002955760384 2.604744 1.028614 -0.087396 -0.439754 -0.530501 0.604620 -0.399525
1413394003055760384 2.604732 1.028676 -0.087447 -0.439647 -0.530467 0.604697 -0.399571
1413394003155760384 2.604744 1.028662 -0.087740 -0.439580 -0.530457 0.604739 -0.399594
1413394003255760384 2.604646 1.028553 -0.087513 -0.439507 -0.530475 0.604769 -0.399605
1413394003355760384 2.604635 1.028698 -0.087524 -0.439550 -0.530376 0.604776 -0.399679
