1403715893734057984 0.002628 0.011298 0.026362 0.192672 0.770668 -0.138587 0.591389
1403715893834057984 -0.001129 0.020037 0.037771 0.116888 0.795508 -0.087688 0.588060
1403715893934057984 -0.003865 0.029984 0.048007 0.123828 0.802666 -0.093800 0.575843
1403715894034057984 -0.008133 0.040849 0.059088 0.117971 0.812527 -0.092679 0.563288
1403715894134057984 -0.013105 0.051771 0.071696 0.104863 0.819337 -0.082179 0.557618
1403715894234057984 -0.017820 0.063774 0.092445 0.096720 0.816990 -0.062049 0.565086
1403715894334057984 -0.015205 0.082382 0.120559 0.108908 0.812202 -0.054070 0.570563
1403715894434057984 -0.014266 0.107558 0.153088 0.110218 0.810041 -0.047859 0.573930
1403715894534057984 -0.021847 0.141105 0.183067 0.098119 0.809802 -0.046196 0.576593
1403715894634057984 -0.021127 0.183903 0.204114 0.101845 0.807157 -0.055655 0.578815
1403715894734057984 -0.008147 0.232403 0.220512 0.110294 0.803243 -0.072228 0.580878
1403715894834057984 0.009035 0.281222 0.239842 0.114681 0.797878 -0.083872 0.585836
1403715894934057984 0.032582 0.330824 0.260943 0.123094 0.792209 -0.091949 0.590591
1403715895034057984 0.065995 0.380723 0.280344 0.139447 0.788422 -0.104804 0.589883
1403715895134057984 0.103463 0.428714 0.296940 0.154753 0.788804 -0.116054 0.583414
1403715895234057984 0.131089 0.475363 0.313332 0.155279 0.794029 -0.117825 0.575781
1403715895334057984 0.149349 0.521162 0.331346 0.150096 0.797923 -0.114212 0.572490
1403715895434057984 0.161787 0.569864 0.349167 0.141164 0.802482 -0.106295 0.569910
1403715895534057984 0.179019 0.620760 0.366679 0.138290 0.805151 -0.104220 0.567227
1403715895634057984 0.193360 0.671995 0.385595 0.134781 0.806726 -0.102046 0.566228
1403715895734057984 0.208695 0.723872 0.404766 0.132069 0.807536 -0.101282 0.565849
1403715895834057984 0.225470 0.775895 0.422999 0.130803 0.807928 -0.100951 0.565644
1403715895934057984 0.242251 0.826718 0.440728 0.129458 0.808021 -0.100349 0.565927
1403715896034057984 0.250455 0.878013 0.461020 0.117886 0.810404 -0.096276 0.565755
1403715896134057984 0.267755 0.926529 0.477533 0.110418 0.811057 -0.099818 0.565713
1403715896234057984 0.283803 0.971288 0.491348 0.098208 0.809636 -0.106350 0.568800
1403715896334057984 0.293818 1.011073 0.507894 0.076804 0.806656 -0.113034 0.575004
1403715896434057984 0.297888 1.041971 0.525662 0.056781 0.805079 -0.116733 0.578789
1403715896534057984 0.299102 1.061820 0.542550 0.042857 0.802855 -0.119425 0.582516
1403715896634057984 0.289791 1.068639 0.563615 0.028248 0.800259 -0.117177 0.587416
1403715896734057984 0.275181 1.063266 0.586572 0.015974 0.799112 -0.113315 0.590191
1403715896834057984 0.256753 1.044043 0.609335 0.001004 0.802626 -0.109714 0.586305
1403715896934057984 0.235896 1.008479 0.631606 -0.013863 0.805353 -0.111023 0.582141
1403715897034057984 0.210960 0.955711 0.654049 -0.032091 0.806980 -0.116536 0.578077
1403715897134057984 0.184428 0.880258 0.677911 -0.043423 0.807485 -0.117870 0.576358
1403715897234057984 0.159519 0.778346 0.707430 -0.046881 0.809261 -0.107010 0.575715
1403715897334057984 0.134284 0.655511 0.734390 -0.028033 0.813714 -0.085639 0.574238
1403715897434057984 0.109305 0.521307 0.760479 -0.001535 0.818733 -0.064671 0.570519
1403715897534057984 0.085860 0.381313 0.785633 0.013040 0.820710 -0.052751 0.568756
1403715897634057984 0.064720 0.238763 0.807059 0.010977 0.821063 -0.053798 0.568191
1403715897734057984 0.045731 0.093259 0.826608 0.000579 0.820565 -0.060642 0.568327
1403715897834057984 0.026826 -0.056918 0.846747 -0.007136 0.818679 -0.066285 0.570368
1403715897934057984 0.007482 -0.213681 0.867369 -0.005211 0.815496 -0.065619 0.575007
1403715898034057984 -0.009657 -0.377581 0.888462 0.001409 0.811339 -0.059981 0.581489
1403715898134057984 -0.028905 -0.545601 0.909049 0.012783 0.803095 -0.054538 0.593212
1403715898234057984 -0.052484 -0.715449 0.928251 0.025311 0.796447 -0.055277 0.601644
1403715898334057984 -0.085304 -0.885210 0.943189 0.039577 0.795859 -0.062099 0.600988
1403715898434057984 -0.125098 -1.053460 0.952257 0.052814 0.799957 -0.074170 0.593110
1403715898534057984 -0.169820 -1.217408 0.958274 0.065628 0.806146 -0.091053 0.580974
1403715898634057984 -0.213571 -1.378866 0.959957 0.079178 0.808969 -0.108338 0.572332
1403715898734057984 -0.254362 -1.538743 0.952964 0.092671 0.803906 -0.125592 0.573911
1403715898834057984 -0.293535 -1.695658 0.932810 0.103740 0.801944 -0.139788 0.571474
1403715898934057984 -0.328783 -1.850588 0.900476 0.110544 0.800647 -0.150229 0.569364
1403715899034057984 -0.355180 -2.006135 0.857118 0.114174 0.798699 -0.155544 0.569957
1403715899134057984 -0.370818 -2.164777 0.803871 0.112881 0.800457 -0.158210 0.567006
1403715899234057984 -0.390513 -2.311646 0.754057 0.117269 0.807872 -0.158272 0.555464
1403715899334057984 -0.406126 -2.455215 0.714358 0.121070 0.816627 -0.155607 0.542447
1403715899434057984 -0.413711 -2.589525 0.687664 0.126969 0.824192 -0.150292 0.531036
1403715899534057984 -0.403317 -2.712162 0.674326 0.126493 0.826865 -0.147962 0.527637
1403715899634057984 -0.375262 -2.830558 0.663026 0.121513 0.828079 -0.147009 0.527170
1403715899734057984 -0.335096 -2.941889 0.653008 0.121188 0.828703 -0.142750 0.527434
1403715899834057984 -0.286573 -3.057245 0.645065 0.126791 0.824988 -0.133326 0.534362
1403715899934057984 -0.231972 -3.167863 0.639837 0.137225 0.820146 -0.120948 0.542126
1403715900034057984 -0.172842 -3.270362 0.635650 0.147879 0.817241 -0.110382 0.545954
1403715900134057984 -0.106644 -3.362151 0.631804 0.153325 0.815898 -0.104235 0.547664
1403715900234057984 -0.033500 -3.440954 0.628980 0.157470 0.814748 -0.099301 0.549116
1403715900334057984 0.046977 -3.503657 0.627097 0.159348 0.814744 -0.097119 0.548971
1403715900434057984 0.134732 -3.551093 0.625316 0.157922 0.815007 -0.097682 0.548891
1403715900534057984 0.228488 -3.582653 0.626368 0.139127 0.811231 -0.111074 0.556965
1403715900634057984 0.326797 -3.603943 0.631141 0.123177 0.801478 -0.122013 0.572339
1403715900734057984 0.425011 -3.619081 0.637431 0.107470 0.787571 -0.133020 0.592020
1403715900834057984 0.517423 -3.629439 0.645329 0.108228 0.772714 -0.132919 0.611173
1403715900934057984 0.600431 -3.634549 0.653538 0.114805 0.763075 -0.129390 0.622731
1403715901034057984 0.670364 -3.632514 0.663779 0.118931 0.753747 -0.126828 0.633747
1403715901134057984 0.726269 -3.623208 0.676068 0.121516 0.745117 -0.125112 0.643725
1403715901234057984 0.767787 -3.605786 0.688496 0.121798 0.738222 -0.125093 0.651572
1403715901334057984 0.792143 -3.578853 0.700981 0.118809 0.738243 -0.127908 0.651553
1403715901434057984 0.797086 -3.545070 0.715360 0.112229 0.747963 -0.133897 0.640334
1403715901534057984 0.786064 -3.505493 0.728844 0.109095 0.761463 -0.138118 0.623856
1403715901634057984 0.763714 -3.462196 0.745521 0.112004 0.767265 -0.137960 0.616219
1403715901734057984 0.732873 -3.414201 0.761037 0.112069 0.771958 -0.139150 0.610049
1403715901834057984 0.696815 -3.359903 0.772639 0.111849 0.780203 -0.141025 0.599070
1403715901934057984 0.648878 -3.304691 0.785425 0.111527 0.785633 -0.141434 0.591894
1403715902034057984 0.602252 -3.245714 0.794018 0.110516 0.787598 -0.141977 0.589337
1403715902134057984 0.550888 -3.184144 0.801090 0.114171 0.787223 -0.139312 0.589777
1403715902234057984 0.492422 -3.119482 0.807476 0.120700 0.789131 -0.133563 0.587251
1403715902334057984 0.430695 -3.052052 0.812618 0.125079 0.794722 -0.129777 0.579594
1403715902434057984 0.368393 -2.979351 0.817517 0.126050 0.799460 -0.128218 0.573181
1403715902534057984 0.307091 -2.900968 0.822271 0.115943 0.803712 -0.134826 0.567826
1403715902634057984 0.246720 -2.820024 0.827942 0.104028 0.808310 -0.138485 0.562703
1403715902734057984 0.187726 -2.738560 0.832014 0.091252 0.814807 -0.135263 0.556297
1403715902834057984 0.134002 -2.659560 0.826158 0.078556 0.822379 -0.124620 0.549538
1403715902934057984 0.087617 -2.582395 0.809901 0.067508 0.829272 -0.108592 0.544020
1403715903034057984 0.048723 -2.507304 0.793149 0.059965 0.832266 -0.086448 0.544302
1403715903134057984 0.016879 -2.433955 0.777498 0.053873 0.833665 -0.060720 0.546272
1403715903234057984 -0.007210 -2.359933 0.764230 0.047452 0.834752 -0.039924 0.547123
1403715903334057984 -0.030263 -2.285710 0.747695 0.035999 0.839371 -0.029490 0.541563
1403715903434057984 -0.043589 -2.209964 0.734388 0.022434 0.844507 -0.020625 0.534676
1403715903534057984 -0.045399 -2.132019 0.733102 0.008860 0.846955 -0.007229 0.531542
1403715903634057984 -0.031016 -2.054796 0.749879 -0.005302 0.846957 0.011401 0.531512
1403715903734057984 -0.000454 -1.984594 0.782882 -0.020478 0.843108 0.034341 0.536256
1403715903834057984 0.041640 -1.915513 0.828526 -0.044774 0.835473 0.054961 0.544940
1403715903934057984 0.089103 -1.847699 0.884815 -0.070563 0.825509 0.080801 0.554101
1403715904034057984 0.140984 -1.779393 0.941545 -0.095949 0.815016 0.111410 0.560473
1403715904134057984 0.194573 -1.716296 0.995184 -0.122999 0.806174 0.142691 0.560887
1403715904234057984 0.247213 -1.659481 1.046166 -0.143592 0.797916 0.179554 0.557201
1403715904334057984 0.299919 -1.606989 1.094278 -0.157530 0.785490 0.220147 0.556529
1403715904434057984 0.351210 -1.555517 1.135670 -0.173262 0.771336 0.255410 0.556586
1403715904534057984 0.400123 -1.503785 1.164472 -0.185249 0.757208 0.287612 0.556416
1403715904634057984 0.445129 -1.450907 1.179820 -0.195764 0.740879 0.318917 0.557734
1403715904734057984 0.481909 -1.396401 1.182199 -0.216503 0.725960 0.344854 0.554243
1403715904834057984 0.511105 -1.340847 1.171348 -0.247932 0.715719 0.367091 0.539926
1403715904934057984 0.534175 -1.286188 1.148221 -0.279463 0.699767 0.392354 0.527527
1403715905034057984 0.547583 -1.234341 1.115510 -0.309300 0.677772 0.420325 0.517962
1403715905134057984 0.558377 -1.187345 1.071178 -0.336319 0.651804 0.447015 0.512073
1403715905234057984 0.563042 -1.149117 1.018855 -0.355532 0.625684 0.472953 0.508361
1403715905334057984 0.559095 -1.123014 0.965953 -0.362366 0.610514 0.502795 0.493113
1403715905434057984 0.545417 -1.106661 0.915251 -0.367903 0.597819 0.530491 0.475225
1403715905534057984 0.520884 -1.099538 0.866953 -0.374968 0.585649 0.555835 0.455480
1403715905634057984 0.489362 -1.096612 0.820732 -0.391877 0.576026 0.574678 0.429384
1403715905734057984 0.448096 -1.102724 0.782178 -0.414789 0.565172 0.591048 0.398990
1403715905834057984 0.409046 -1.105364 0.743390 -0.434900 0.547237 0.611782 0.370292
1403715905934057984 0.370912 -1.108134 0.704874 -0.445260 0.525704 0.641083 0.338219
1403715906034057984 0.335060 -1.105379 0.666978 -0.449777 0.497151 0.674154 0.309932
1403715906134057984 0.299676 -1.095737 0.633760 -0.459450 0.457674 0.702719 0.292619
1403715906234057984 0.262404 -1.080934 0.604183 -0.474486 0.408307 0.725529 0.285929
1403715906334057984 0.220644 -1.067437 0.573796 -0.487855 0.363738 0.746177 0.270023
1403715906434057984 0.174076 -1.054988 0.543261 -0.499958 0.321992 0.764118 0.249975
1403715906534057984 0.121374 -1.044756 0.515674 0.516226 -0.281919 -0.775694 -0.228760
1403715906634057984 0.062732 -1.044732 0.493324 0.533071 -0.248253 -0.784082 -0.198546
1403715906734057984 0.001823 -1.043084 0.488011 0.549027 -0.218100 -0.790178 -0.163160
1403715906834057984 -0.058386 -1.044309 0.492134 0.560108 -0.185125 -0.797290 -0.127816
1403715906934057984 -0.113476 -1.048164 0.494353 0.570648 -0.146891 -0.802149 -0.096649
1403715907034057984 -0.165553 -1.052746 0.486161 0.578956 -0.104907 -0.805577 -0.069642
1403715907134057984 -0.214807 -1.058399 0.470342 0.580177 -0.055274 -0.811064 -0.050140
1403715907234057984 -0.263634 -1.067559 0.461974 0.580725 -0.004720 -0.813667 -0.026117
1403715907334057984 -0.307962 -1.083368 0.468241 0.580073 0.042850 -0.813425 0.004265
1403715907434057984 -0.345747 -1.106468 0.487609 0.580118 0.091040 -0.808823 0.031315
1403715907534057984 -0.378395 -1.134737 0.512210 0.577646 0.135210 -0.803088 0.055608
1403715907634057984 -0.406610 -1.168728 0.535900 0.573879 0.171978 -0.796519 0.081515
1403715907734057984 -0.431564 -1.207805 0.559573 0.573330 0.201565 -0.786415 0.110524
1403715907834057984 -0.450433 -1.250934 0.580265 0.573202 0.229078 -0.774281 0.139472
1403715907934057984 -0.462357 -1.296496 0.597349 0.569051 0.253688 -0.763111 0.171715
1403715908034057984 -0.466331 -1.340851 0.612540 0.561388 0.280624 -0.751329 0.203957
1403715908134057984 -0.464912 -1.382235 0.626753 0.552830 0.311246 -0.736597 0.234372
1403715908234057984 -0.457564 -1.420014 0.637878 0.540303 0.345686 -0.720885 0.262487
1403715908334057984 -0.445324 -1.453174 0.646883 0.525039 0.381218 -0.703741 0.289406
1403715908434057984 -0.429946 -1.480741 0.656726 0.508115 0.416635 -0.684595 0.315537
1403715908534057984 -0.410610 -1.502848 0.667197 -0.491212 -0.452568 0.661671 -0.340712
1403715908634057984 -0.387330 -1.519546 0.677653 -0.474840 -0.488900 0.634776 -0.364093
1403715908734057984 -0.360387 -1.528815 0.686354 -0.460105 -0.521939 0.604459 -0.387959
1403715908834057984 -0.330756 -1.532150 0.692962 -0.442132 -0.549784 0.576055 -0.412816
1403715908934057984 -0.299884 -1.525977 0.695017 0.418232 0.579061 -0.551438 0.430914
1403715909034057984 -0.268993 -1.514422 0.694487 0.396111 0.610858 -0.524912 0.440927
1403715909134057984 -0.236936 -1.500081 0.691228 0.376308 0.639749 -0.497485 0.449024
1403715909234057984 -0.202019 -1.482431 0.685347 0.355532 0.663380 -0.472050 0.459013
1403715909334057984 -0.163359 -1.462947 0.677640 0.335546 0.682258 -0.447186 0.471123
1403715909434057984 -0.121254 -1.441237 0.667307 0.319296 0.699960 -0.420715 0.480733
1403715909534057984 -0.072286 -1.418683 0.653109 0.308734 0.717332 -0.388906 0.488744
1403715909634057984 -0.018298 -1.392972 0.635458 0.293317 0.734944 -0.355631 0.497342
1403715909734057984 0.043240 -1.361383 0.617537 0.269288 0.749456 -0.322740 0.511506
1403715909834057984 0.110402 -1.325103 0.596920 0.239225 0.762957 -0.286914 0.527588
1403715909934057984 0.180662 -1.281084 0.576043 0.201652 0.770675 -0.247983 0.551272
1403715910034057984 0.248963 -1.230184 0.554298 0.162865 0.776705 -0.202742 0.573672
1403715910134057984 0.312265 -1.173801 0.530450 0.124870 0.785937 -0.153202 0.585867
1403715910234057984 0.368311 -1.114098 0.503904 0.089110 0.796427 -0.104794 0.588881
1403715910334057984 0.418098 -1.052635 0.479072 0.056191 0.801346 -0.060724 0.592453
1403715910434057984 0.459236 -0.989194 0.457275 0.028378 0.799252 -0.020602 0.599971
1403715910534057984 0.491566 -0.925494 0.436546 0.003447 0.793342 0.016500 0.608543
1403715910634057984 0.513473 -0.860584 0.418503 -0.021366 0.789503 0.049751 0.611354
1403715910734057984 0.526113 -0.795335 0.403946 -0.046843 0.787952 0.079840 0.608739
1403715910834057984 0.530582 -0.730581 0.393375 -0.070766 0.784307 0.109256 0.606563
1403715910934057984 0.523162 -0.668697 0.384211 -0.095532 0.780237 0.137969 0.602551
1403715911034057984 0.504268 -0.609670 0.376515 -0.121527 0.775564 0.165521 0.596938
1403715911134057984 0.478237 -0.552071 0.369265 -0.148179 0.764753 0.192095 0.596905
1403715911234057984 0.443668 -0.497500 0.361675 -0.174009 0.753553 0.219843 0.594598
1403715911334057984 0.402729 -0.446881 0.351866 -0.198021 0.745401 0.249399 0.585632
1403715911434057984 0.355182 -0.401141 0.340132 -0.221223 0.738797 0.277814 0.572764
1403715911534057984 0.299362 -0.363212 0.327266 -0.241979 0.735380 0.304459 0.554948
1403715911634057984 0.238239 -0.331691 0.313454 -0.255860 0.732351 0.333726 0.535560
1403715911734057984 0.173958 -0.304374 0.304264 -0.263827 0.724049 0.365394 0.522144
1403715911834057984 0.108505 -0.278933 0.307581 -0.273211 0.712294 0.393741 0.512798
1403715911934057984 0.039779 -0.249841 0.323135 -0.285483 0.699828 0.416614 0.505147
1403715912034057984 -0.030878 -0.221759 0.350670 -0.299674 0.689334 0.434013 0.496635
1403715912134057984 -0.103988 -0.195507 0.384369 -0.315255 0.681241 0.446328 0.487152
1403715912234057984 -0.177940 -0.166961 0.414657 -0.329169 0.673127 0.458034 0.478281
1403715912334057984 -0.250401 -0.142208 0.444013 -0.341928 0.663637 0.470067 0.470859
1403715912434057984 -0.323415 -0.120916 0.470551 -0.352510 0.654090 0.484027 0.462191
1403715912534057984 -0.398482 -0.100195 0.495170 -0.363982 0.642831 0.499176 0.452889
1403715912634057984 -0.472227 -0.081013 0.519033 -0.376878 0.629843 0.516626 0.440862
1403715912734057984 -0.540927 -0.061705 0.544319 -0.391776 0.612403 0.536751 0.428220
1403715912834057984 -0.609475 -0.045220 0.569713 -0.408671 0.590631 0.560311 0.412547
1403715912934057984 -0.677089 -0.032562 0.586121 -0.426552 0.564455 0.586581 0.394165
1403715913034057984 -0.741723 -0.022520 0.588617 -0.444926 0.537200 0.611234 0.373964
1403715913134057984 -0.804154 -0.015032 0.577575 -0.460911 0.508149 0.635027 0.355085
1403715913234057984 -0.866721 -0.009377 0.562686 -0.479420 0.477312 0.653925 0.338691
1403715913334057984 -0.932218 -0.004703 0.550006 -0.493532 0.443073 0.670962 0.331547
1403715913434057984 -0.993211 -0.004335 0.537744 0.501084 -0.412667 -0.684762 -0.331242
1403715913534057984 -1.054238 -0.010156 0.526896 0.506798 -0.388924 -0.691836 -0.336538
1403715913634057984 -1.114400 -0.026917 0.515032 0.504704 -0.366517 -0.698357 -0.351051
1403715913734057984 -1.180979 -0.056473 0.504522 0.502421 -0.355786 -0.701889 -0.358249
1403715913834057984 -1.258637 -0.100861 0.495451 -0.498027 0.360833 0.706008 0.351171
1403715913934057984 -1.343848 -0.161954 0.490680 -0.492418 0.371828 0.709759 0.339869
1403715914034057984 -1.433152 -0.231763 0.489403 -0.488638 0.380276 0.710743 0.333868
1403715914134057984 -1.526159 -0.310572 0.492109 -0.484076 0.384437 0.710749 0.335729
1403715914234057984 -1.624817 -0.395539 0.495135 -0.482775 0.399640 0.706843 0.328008
1403715914334057984 -1.726153 -0.484108 0.498867 -0.474635 0.424553 0.703705 0.315080
1403715914434057984 -1.829401 -0.570897 0.505008 -0.459725 0.449798 0.701970 0.305896
1403715914534057984 -1.933678 -0.653762 0.514168 -0.444673 0.470635 0.698453 0.304849
1403715914634057984 -2.039708 -0.727836 0.525299 -0.434330 0.493391 0.689727 0.303642
1403715914734057984 -2.147769 -0.791940 0.534276 -0.428039 0.523481 0.675000 0.295171
1403715914834057984 -2.254557 -0.842923 0.540938 -0.426972 0.557682 0.655528 0.277432
1403715914934057984 -2.355354 -0.878011 0.547914 -0.426334 0.582619 0.639319 0.264701
1403715915034057984 -2.445438 -0.892977 0.556552 -0.426773 0.596862 0.627604 0.260259
1403715915134057984 -2.523597 -0.888505 0.565972 -0.427839 0.604083 0.620072 0.259899
1403715915234057984 -2.587357 -0.862791 0.577999 -0.431906 0.599904 0.615704 0.272910
1403715915334057984 -2.633853 -0.816177 0.591230 -0.433439 0.580689 0.618700 0.303548
1403715915434057984 -2.678930 -0.762769 0.593879 -0.430797 0.560252 0.624799 0.331899
1403715915534057984 -2.712505 -0.697039 0.579050 -0.430999 0.547147 0.627784 0.347503
1403715915634057984 -2.739199 -0.624480 0.548559 -0.429731 0.535864 0.631739 0.359287
1403715915734057984 -2.766231 -0.550261 0.512135 -0.426972 0.529515 0.636486 0.363586
1403715915834057984 -2.794908 -0.476105 0.474983 -0.424601 0.532477 0.640439 0.354993
1403715915934057984 -2.824615 -0.399112 0.439606 -0.421678 0.535931 0.644690 0.345455
1403715916034057984 -2.855451 -0.316565 0.408820 -0.426610 0.534062 0.643536 0.344447
1403715916134057984 -2.885965 -0.229690 0.379181 -0.429946 0.533632 0.638870 0.349612
1403715916234057984 -2.914690 -0.140175 0.349663 -0.430940 0.538974 0.627769 0.360145
1403715916334057984 -2.940871 -0.049788 0.321622 -0.425830 0.550612 0.613124 0.373597
1403715916434057984 -2.966319 0.042665 0.295486 -0.419912 0.567164 0.594187 0.385928
1403715916534057984 -2.989462 0.135417 0.269057 -0.410001 0.589238 0.573553 0.394633
1403715916634057984 -3.010896 0.227006 0.243589 -0.398206 0.611732 0.550936 0.404580
1403715916734057984 -3.029135 0.318011 0.217589 -0.391090 0.633952 0.526414 0.409928
1403715916834057984 -3.042886 0.409294 0.193518 -0.387266 0.652553 0.504331 0.412129
1403715916934057984 -3.049116 0.499827 0.173796 -0.390374 0.666905 0.481913 0.413043
1403715917034057984 -3.043030 0.588155 0.158874 -0.392969 0.675289 0.464634 0.416743
1403715917134057984 -3.021542 0.673255 0.152072 -0.391796 0.669458 0.452696 0.439759
1403715917234057984 -2.988713 0.751230 0.151651 -0.375511 0.653722 0.448247 0.480327
1403715917334057984 -2.954100 0.816545 0.150481 -0.358139 0.647842 0.441137 0.507381
1403715917434057984 -2.924421 0.873032 0.149269 -0.347380 0.649567 0.434327 0.518410
1403715917534057984 -2.900950 0.919938 0.146228 -0.342138 0.663539 0.429717 0.507938
1403715917634057984 -2.881099 0.958378 0.138433 -0.343949 0.677437 0.424127 0.492844
1403715917734057984 -2.860115 0.990191 0.127361 -0.353941 0.679409 0.415474 0.490418
1403715917834057984 -2.838251 1.011177 0.113125 -0.361876 0.672401 0.410203 0.498655
1403715917934057984 -2.814124 1.019324 0.107100 -0.365057 0.664095 0.410057 0.507508
1403715918034057984 -2.794383 1.008374 0.098638 -0.360088 0.656979 0.415467 0.515851
1403715918134057984 -2.776120 0.983485 0.093440 -0.343473 0.656650 0.421499 0.522661
1403715918234057984 -2.764860 0.945618 0.084946 -0.331848 0.660107 0.416675 0.529640
1403715918334057984 -2.758662 0.902054 0.071801 -0.330218 0.673180 0.400547 0.526638
1403715918434057984 -2.751245 0.855894 0.043749 -0.328113 0.696215 0.382847 0.510936
1403715918534057984 -2.742703 0.801224 0.005972 -0.321778 0.716837 0.367125 0.497818
1403715918634057984 -2.730110 0.738565 -0.039849 -0.313495 0.729916 0.354541 0.493198
1403715918734057984 -2.710885 0.669325 -0.079667 -0.297447 0.735753 0.353094 0.495497
1403715918834057984 -2.686138 0.597107 -0.104016 -0.274803 0.737888 0.361501 0.499321
1403715918934057984 -2.659350 0.526226 -0.116459 -0.253565 0.743988 0.373016 0.492998
1403715919034057984 -2.630593 0.460740 -0.115145 -0.240142 0.751922 0.380982 0.481454
1403715919134057984 -2.597992 0.404600 -0.102526 -0.227111 0.752684 0.390941 0.478594
1403715919234057984 -2.562519 0.359926 -0.085965 -0.213879 0.742651 0.403311 0.489965
1403715919334057984 -2.527448 0.332004 -0.069015 -0.206210 0.726838 0.413151 0.508419
1403715919434057984 -2.500289 0.320913 -0.062574 -0.216513 0.722426 0.408339 0.514279
1403715919534057984 -2.480896 0.320726 -0.070403 -0.232414 0.723303 0.397937 0.514259
1403715919634057984 -2.465320 0.330040 -0.092375 -0.242917 0.724352 0.389887 0.514095
1403715919734057984 -2.452345 0.343058 -0.126296 -0.244282 0.724484 0.387714 0.514905
1403715919834057984 -2.443275 0.367794 -0.168522 -0.239934 0.722675 0.389331 0.518261
1403715919934057984 -2.438642 0.390167 -0.212181 -0.237006 0.723338 0.391406 0.517118
1403715920034057984 -2.436492 0.419842 -0.250150 -0.235759 0.729185 0.393243 0.508002
1403715920134057984 -2.438468 0.453823 -0.273051 -0.236973 0.734068 0.393993 0.499758
1403715920234057984 -2.441966 0.495040 -0.281136 -0.241662 0.737140 0.392774 0.493916
1403715920334057984 -2.445736 0.545238 -0.271743 -0.254950 0.734064 0.389783 0.494185
1403715920434057984 -2.449278 0.599486 -0.252580 -0.268334 0.728940 0.387031 0.496840
1403715920534057984 -2.451270 0.655541 -0.230796 -0.281166 0.722206 0.383627 0.502190
1403715920634057984 -2.452663 0.709419 -0.210582 -0.292516 0.715274 0.379489 0.508729
1403715920734057984 -2.454398 0.757681 -0.187720 -0.302044 0.707287 0.377948 0.515431
1403715920834057984 -2.457512 0.799636 -0.154802 -0.310119 0.699812 0.382387 0.517561
1403715920934057984 -2.462937 0.834424 -0.112714 -0.317552 0.697120 0.391729 0.509640
1403715921034057984 -2.469357 0.860040 -0.062491 -0.323235 0.699637 0.405439 0.491575
1403715921134057984 -2.473144 0.879338 -0.007100 -0.325913 0.698592 0.421687 0.477420
1403715921234057984 -2.472361 0.895648 0.049593 -0.327950 0.693947 0.434269 0.471484
1403715921334057984 -2.467939 0.910491 0.104818 -0.324665 0.688934 0.446170 0.469994
1403715921434057984 -2.461238 0.925507 0.159652 -0.318170 0.685017 0.457119 0.469640
1403715921534057984 -2.454102 0.943450 0.216528 -0.315143 0.683103 0.462348 0.469350
1403715921634057984 -2.447248 0.963654 0.282799 -0.314019 0.681648 0.464020 0.470568
1403715921734057984 -2.441158 0.987161 0.358964 -0.314725 0.683195 0.462690 0.469159
1403715921834057984 -2.436004 1.012648 0.436789 -0.321125 0.685684 0.456832 0.466928
1403715921934057984 -2.430790 1.039556 0.506677 -0.325445 0.687235 0.451716 0.466633
1403715922034057984 -2.424397 1.068032 0.567651 -0.325467 0.687866 0.449096 0.468214
1403715922134057984 -2.417685 1.096585 0.630957 -0.326848 0.685805 0.445713 0.473477
1403715922234057984 -2.409500 1.123680 0.704427 -0.331075 0.682181 0.440821 0.480308
1403715922334057984 -2.400253 1.148841 0.789024 -0.333153 0.678093 0.438386 0.486844
1403715922434057984 -2.390698 1.168481 0.875863 -0.328836 0.674655 0.441709 0.491529
1403715922534057984 -2.381991 1.184834 0.960084 -0.329677 0.674236 0.442053 0.491231
1403715922634057984 -2.375937 1.196332 1.040729 -0.335463 0.674069 0.438820 0.490442
1403715922734057984 -2.370457 1.202812 1.109692 -0.336382 0.673735 0.438590 0.490477
1403715922834057984 -2.365934 1.204124 1.163670 -0.331528 0.672286 0.442823 0.491964
1403715922934057984 -2.363587 1.202458 1.202168 -0.326613 0.671344 0.446846 0.492900
1403715923034057984 -2.364336 1.200069 1.233437 -0.323605 0.670302 0.449196 0.494164
1403715923134057984 -2.369991 1.194513 1.262690 -0.320467 0.671325 0.451296 0.492906
1403715923234057984 -2.378745 1.185994 1.300274 -0.315707 0.674913 0.454717 0.487908
1403715923334057984 -2.392528 1.177066 1.349559 -0.316345 0.680411 0.454704 0.479803
1403715923434057984 -2.405914 1.170192 1.402914 -0.324791 0.686476 0.449349 0.470475
1403715923534057984 -2.418636 1.163755 1.445559 -0.335241 0.691475 0.442102 0.462624
1403715923634057984 -2.427688 1.155729 1.472241 -0.345228 0.694297 0.435090 0.457675
1403715923734057984 -2.433521 1.143864 1.472566 -0.352364 0.694722 0.430225 0.456188
1403715923834057984 -2.433058 1.130617 1.448833 -0.356971 0.691799 0.427213 0.459864
1403715923934057984 -2.423924 1.113988 1.416328 -0.361677 0.683988 0.424277 0.470467
1403715924034057984 -2.410113 1.091903 1.375407 -0.361706 0.676373 0.424882 0.480795
1403715924134057984 -2.395226 1.065324 1.313643 -0.356131 0.670753 0.428711 0.489355
1403715924234057984 -2.378680 1.028709 1.251091 -0.348916 0.669358 0.433882 0.491899
1403715924334057984 -2.365133 0.988358 1.184852 -0.342318 0.671074 0.438122 0.490435
1403715924434057984 -2.348407 0.941416 1.124272 -0.335967 0.675853 0.441965 0.484785
1403715924534057984 -2.329598 0.894618 1.065953 -0.328489 0.683279 0.446311 0.475428
1403715924634057984 -2.307871 0.849547 1.010547 -0.327108 0.689956 0.444923 0.467979
1403715924734057984 -2.288369 0.802295 0.957137 -0.329463 0.698669 0.433068 0.464509
1403715924834057984 -2.262521 0.753538 0.907035 -0.327887 0.706824 0.416432 0.468481
1403715924934057984 -2.229386 0.702895 0.858765 -0.320970 0.715348 0.395604 0.478282
1403715925034057984 -2.190459 0.647450 0.813784 -0.308403 0.719267 0.372873 0.498506
1403715925134057984 -2.148781 0.586558 0.778963 -0.291795 0.719751 0.349951 0.523783
1403715925234057984 -2.108088 0.518262 0.756189 -0.275147 0.726113 0.325902 0.539297
1403715925334057984 -2.069935 0.442525 0.744219 -0.259833 0.739854 0.300221 0.543112
1403715925434057984 -2.034310 0.360260 0.741156 -0.244699 0.757779 0.273191 0.539685
1403715925534057984 -2.001883 0.270996 0.736920 -0.227642 0.775533 0.247152 0.534457
1403715925634057984 -1.968063 0.174867 0.733695 -0.208931 0.787822 0.221444 0.535394
1403715925734057984 -1.929400 0.075670 0.733242 -0.190132 0.795174 0.194661 0.541899
1403715925834057984 -1.887389 -0.028210 0.731067 -0.171035 0.801171 0.167126 0.548581
1403715925934057984 -1.843684 -0.137801 0.727637 -0.148863 0.804440 0.140491 0.557655
1403715926034057984 -1.797034 -0.250172 0.724353 -0.126547 0.805424 0.112358 0.568027
1403715926134057984 -1.749800 -0.365793 0.713818 -0.108746 0.802362 0.078014 0.581638
1403715926234057984 -1.708155 -0.486050 0.690512 -0.088927 0.798941 0.042429 0.593284
1403715926334057984 -1.675195 -0.612907 0.655071 -0.064995 0.795307 0.008605 0.602652
1403715926434057984 -1.650921 -0.744790 0.614393 -0.034968 0.789614 -0.020847 0.612251
1403715926534057984 -1.638233 -0.879095 0.571849 -0.003273 0.782694 -0.047703 0.620567
1403715926634057984 -1.638233 -1.016550 0.526285 0.025863 0.784260 -0.074292 0.615425
1403715926734057984 -1.646192 -1.153364 0.479537 0.051241 0.790296 -0.101851 0.602024
1403715926834057984 -1.663823 -1.287106 0.438795 0.080228 0.796543 -0.123172 0.586440
1403715926934057984 -1.685209 -1.415641 0.410768 0.103646 0.800288 -0.143213 0.572963
1403715927034057984 -1.707348 -1.538798 0.396819 0.121721 0.799923 -0.162568 0.564694
1403715927134057984 -1.728186 -1.657556 0.388429 0.140415 0.792489 -0.179212 0.565798
1403715927234057984 -1.747113 -1.771156 0.379371 0.171292 0.783736 -0.186346 0.567178
1403715927334057984 -1.766358 -1.873127 0.370752 0.201839 0.774682 -0.191938 0.567705
1403715927434057984 -1.785036 -1.959197 0.365105 0.225021 0.760137 -0.201545 0.575270
1403715927534057984 -1.801485 -2.030012 0.358132 0.231345 0.741033 -0.223819 0.589284
1403715927634057984 -1.822117 -2.082583 0.349746 0.235362 0.721609 -0.251401 0.600569
1403715927734057984 -1.855143 -2.118477 0.341819 0.247514 0.707176 -0.279949 0.600222
1403715927834057984 -1.896524 -2.141184 0.330849 0.272208 0.698347 -0.306474 0.586760
1403715927934057984 -1.947598 -2.150033 0.319436 0.300319 0.690820 -0.334181 0.566480
1403715928034057984 -2.006175 -2.140835 0.303736 0.326370 0.681610 -0.366061 0.543038
1403715928134057984 -2.068163 -2.117717 0.275023 0.342376 0.667158 -0.406554 0.521912
1403715928234057984 -2.132510 -2.082492 0.234199 0.357750 0.646701 -0.448318 0.502796
1403715928334057984 -2.197024 -2.037671 0.184777 0.380866 0.616520 -0.482159 0.492308
1403715928434057984 -2.261995 -1.982266 0.131808 0.404721 0.585397 -0.510138 0.482981
1403715928534057984 -2.327267 -1.913917 0.074161 0.415522 0.563157 -0.541601 0.465686
1403715928634057984 -2.394124 -1.833591 0.018977 -0.418517 -0.549407 0.568853 -0.446544
1403715928734057984 -2.462370 -1.744509 -0.024198 -0.417167 -0.548940 0.587966 -0.423004
1403715928834057984 -2.530318 -1.652166 -0.050092 -0.400363 -0.562267 0.606407 -0.394760
1403715928934057984 -2.595870 -1.565143 -0.049557 -0.376711 -0.582267 0.615177 -0.374981
1403715929034057984 -2.659441 -1.493242 -0.020724 -0.351509 -0.605198 0.614744 -0.363685
1403715929134057984 -2.723276 -1.442982 0.028555 0.331587 0.625176 -0.609648 0.357120
1403715929234057984 -2.784358 -1.416001 0.080913 0.320253 0.644024 -0.599768 0.350641
1403715929334057984 -2.840130 -1.416575 0.130655 0.336922 0.660341 -0.574045 0.347716
1403715929434057984 -2.883991 -1.439625 0.177409 0.377614 0.671747 -0.533997 0.347866
1403715929534057984 -2.918456 -1.466031 0.214136 0.420621 0.677436 -0.493882 0.346755
1403715929634057984 -2.927572 -1.494065 0.250755 0.452424 0.678183 -0.466255 0.343491
1403715929734057984 -2.906130 -1.518513 0.281545 0.445681 0.669493 -0.477745 0.353423
1403715929834057984 -2.859075 -1.540901 0.309537 0.423467 0.651255 -0.502856 0.379050
1403715929934057984 -2.795584 -1.562221 0.329901 0.400678 0.624407 -0.526026 0.415775
1403715930034057984 -2.727026 -1.583816 0.341439 0.382483 0.599716 -0.543041 0.446267
1403715930134057984 -2.660581 -1.602689 0.345523 0.365873 0.578626 -0.557234 0.469914
1403715930234057984 -2.603527 -1.616363 0.350174 -0.352410 -0.562557 0.568650 -0.485772
1403715930334057984 -2.561998 -1.625604 0.354786 -0.347129 -0.555704 0.575219 -0.489712
1403715930434057984 -2.539053 -1.630759 0.357504 -0.347177 -0.564908 0.578802 -0.474695
1403715930534057984 -2.528741 -1.634069 0.347241 -0.347071 -0.577759 0.582587 -0.454234
1403715930634057984 -2.527509 -1.636144 0.330140 0.343050 0.588711 -0.588187 0.435628
1403715930734057984 -2.536712 -1.646471 0.320919 -0.337292 -0.592751 0.594221 -0.426359
1403715930834057984 -2.554820 -1.666224 0.326314 0.338328 0.596622 -0.595635 0.418085
1403715930934057984 -2.579831 -1.694023 0.348249 0.350624 0.606845 -0.588922 0.402459
1403715931034057984 -2.607578 -1.730578 0.373407 0.355662 0.616297 -0.586215 0.387344
1403715931134057984 -2.635257 -1.779233 0.389636 0.351944 0.623050 -0.589410 0.374887
1403715931234057984 -2.660956 -1.843087 0.404796 0.349633 0.625650 -0.591238 0.369806
1403715931334057984 -2.683502 -1.922466 0.432033 0.349325 0.623415 -0.592116 0.372457
1403715931434057984 -2.702622 -2.017613 0.474593 0.352540 0.619921 -0.589880 0.378754
1403715931534057984 -2.721533 -2.126969 0.514746 0.355394 0.617995 -0.586679 0.384166
1403715931634057984 -2.737774 -2.246740 0.542181 0.360680 0.618655 -0.580636 0.387348
1403715931734057984 -2.751027 -2.372648 0.555555 0.366814 0.620938 -0.573014 0.389281
1403715931834057984 -2.761424 -2.503664 0.560048 0.370395 0.621048 -0.566837 0.394718
1403715931934057984 -2.768551 -2.640443 0.566402 0.379144 0.616106 -0.557326 0.407493
1403715932034057984 -2.772912 -2.778606 0.575243 0.388677 0.608468 -0.547500 0.423015
1403715932134057984 -2.775154 -2.914279 0.588885 0.404478 0.597201 -0.533239 0.442046
1403715932234057984 -2.774545 -3.040823 0.608671 0.426321 0.582427 -0.514951 0.462444
1403715932334057984 -2.770575 -3.152622 0.632595 0.445871 0.564204 -0.497619 0.485024
1403715932434057984 -2.764204 -3.240882 0.657438 0.460243 0.549787 -0.484395 0.501270
1403715932534057984 -2.756502 -3.298959 0.682679 0.469020 0.537941 -0.474935 0.514856
1403715932634057984 -2.748431 -3.320101 0.710952 0.478045 0.524349 -0.464815 0.529601
1403715932734057984 -2.740580 -3.296652 0.741144 0.485712 0.513869 -0.456691 0.539866
1403715932834057984 -2.733902 -3.231424 0.770065 0.488166 0.512307 -0.456456 0.539337
1403715932934057984 -2.728847 -3.127211 0.795867 0.473810 0.530991 -0.476624 0.516121
1403715933034057984 -2.723684 -2.992433 0.820734 0.445501 0.559109 -0.508303 0.480159
1403715933134057984 -2.717430 -2.838720 0.846464 0.417303 0.583642 -0.536104 0.444762
1403715933234057984 -2.709192 -2.680107 0.871148 0.387442 0.605922 -0.561166 0.409683
1403715933334057984 -2.699427 -2.525757 0.895284 0.355408 0.623920 -0.584589 0.377709
1403715933434057984 -2.688514 -2.386251 0.919144 0.316844 0.635630 -0.610744 0.350108
1403715933534057984 -2.677769 -2.274494 0.944770 0.279858 0.643435 -0.634493 0.324175
1403715933634057984 -2.673898 -2.202259 0.975955 0.254512 0.651687 -0.647867 0.301324
1403715933734057984 -2.670654 -2.177741 1.013905 0.247330 0.659747 -0.651074 0.282248
1403715933834057984 -2.668325 -2.202691 1.060621 0.252844 0.663068 -0.648462 0.275513
1403715933934057984 -2.653498 -2.278969 1.120505 0.281637 0.649918 -0.642207 0.293015
1403715934034057984 -2.650465 -2.401827 1.195358 0.333092 0.625707 -0.617622 0.340711
1403715934134057984 -2.645166 -2.546271 1.271028 0.389578 0.592485 -0.584171 0.394885
1403715934234057984 -2.637994 -2.688290 1.328761 0.439382 0.556187 -0.548935 0.443024
1403715934334057984 -2.629935 -2.816611 1.363338 0.473045 0.528656 -0.520646 0.475057
1403715934434057984 -2.621475 -2.920835 1.384910 0.496963 0.506059 -0.497137 0.499786
1403715934534057984 -2.612079 -2.991753 1.395494 0.513929 0.487439 -0.477439 0.519934
1403715934634057984 -2.603724 -3.020733 1.398967 0.525126 0.472872 -0.461313 0.536493
1403715934734057984 -2.596959 -3.000031 1.403324 0.526399 0.465373 -0.453407 0.548411
1403715934834057984 -2.593287 -2.926638 1.413669 0.516523 0.468960 -0.457757 0.551125
1403715934934057984 -2.591740 -2.799996 1.426982 0.489326 0.499601 -0.485719 0.524439
1403715935034057984 -2.593290 -2.633705 1.438847 0.451573 0.534261 -0.521505 0.488549
1403715935134057984 -2.596106 -2.446377 1.440441 0.413376 0.566511 -0.554976 0.447422
1403715935234057984 -2.599666 -2.249843 1.432077 0.379887 0.591496 -0.581351 0.409695
1403715935334057984 -2.605131 -2.058835 1.410470 0.354207 0.610038 -0.599130 0.378727
1403715935434057984 -2.608933 -1.880136 1.378382 0.335405 0.623718 -0.610604 0.354458
1403715935534057984 -2.613638 -1.720309 1.339424 0.321838 0.633415 -0.617751 0.337030
1403715935634057984 -2.614997 -1.589147 1.296460 0.311893 0.640347 -0.622312 0.324665
1403715935734057984 -2.614175 -1.490984 1.254069 0.301169 0.646853 -0.627488 0.311670
1403715935834057984 -2.610113 -1.431762 1.214470 0.291567 0.652154 -0.632423 0.299542
1403715935934057984 -2.597184 -1.416605 1.182885 0.289679 0.652533 -0.635756 0.293431
1403715936034057984 -2.586614 -1.449435 1.163213 0.309498 0.643043 -0.627559 0.311248
1403715936134057984 -2.576390 -1.520325 1.153989 0.349907 0.622659 -0.607067 0.348324
1403715936234057984 -2.565213 -1.604464 1.149411 0.393165 0.597111 -0.581921 0.387618
1403715936334057984 -2.550508 -1.696767 1.144116 0.429306 0.569833 -0.558419 0.423267
1403715936434057984 -2.534676 -1.783728 1.134554 0.449200 0.547758 -0.544989 0.448518
1403715936534057984 -2.516467 -1.853748 1.121765 -0.458173 -0.534275 0.539226 -0.462454
1403715936634057984 -2.499660 -1.898895 1.108761 -0.461083 -0.522582 0.537246 -0.475055
1403715936734057984 -2.484290 -1.916768 1.098122 -0.460364 -0.517615 0.538672 -0.479554
1403715936834057984 -2.470591 -1.911162 1.085589 -0.453620 -0.527606 0.546411 -0.466150
1403715936934057984 -2.457857 -1.888994 1.070891 -0.445957 -0.537429 0.554363 -0.452740
1403715937034057984 -2.445867 -1.854357 1.057931 -0.436027 -0.547193 0.558782 -0.445223
1403715937134057984 -2.433444 -1.811017 1.043033 0.419111 0.562838 -0.562003 0.437849
1403715937234057984 -2.419476 -1.762533 1.026279 0.402583 0.580107 -0.558493 0.435303
1403715937334057984 -2.405007 -1.710598 1.000891 0.387389 0.597968 -0.547946 0.438314
1403715937434057984 -2.391465 -1.656874 0.965237 0.374749 0.614155 -0.532377 0.446040
1403715937534057984 -2.379495 -1.604661 0.914952 0.355141 0.633148 -0.524061 0.445376
1403715937634057984 -2.366976 -1.556469 0.855721 0.330972 0.657229 -0.520504 0.433108
1403715937734057984 -2.353802 -1.515560 0.797472 0.310519 0.677142 -0.514021 0.425252
1403715937834057984 -2.339437 -1.484925 0.742275 0.294779 0.692742 -0.503845 0.423502
1403715937934057984 -2.320987 -1.466845 0.691754 0.281655 0.705776 -0.491665 0.425225
1403715938034057984 -2.296896 -1.462738 0.644140 0.269346 0.719296 -0.476620 0.427668
1403715938134057984 -2.266022 -1.474191 0.603544 0.256489 0.733103 -0.460182 0.430123
1403715938234057984 -2.225849 -1.501478 0.577345 0.245070 0.745594 -0.440555 0.435823
1403715938334057984 -2.175995 -1.544833 0.568882 0.249106 0.752190 -0.408064 0.453476
1403715938434057984 -2.117635 -1.599504 0.574286 0.252779 0.754865 -0.374556 0.475384
1403715938534057984 -2.052416 -1.659642 0.583750 0.247079 0.754806 -0.347460 0.498489
1403715938634057984 -1.984248 -1.722029 0.588836 0.237230 0.756435 -0.329563 0.512754
1403715938734057984 -1.914255 -1.784475 0.590657 0.224884 0.763848 -0.321916 0.512185
1403715938834057984 -1.842530 -1.847916 0.589875 0.211519 0.778016 -0.321285 0.496716
1403715938934057984 -1.765345 -1.915535 0.586971 0.199066 0.791165 -0.323054 0.479652
1403715939034057984 -1.679158 -1.990602 0.582188 0.188650 0.800767 -0.324916 0.466490
1403715939134057984 -1.581493 -2.077381 0.577318 0.185485 0.804433 -0.322877 0.462853
1403715939234057984 -1.469715 -2.176439 0.579574 0.195526 0.789846 -0.313375 0.489602
1403715939334057984 -1.350979 -2.281447 0.584737 0.209768 0.766672 -0.301047 0.526861
1403715939434057984 -1.232703 -2.384688 0.587928 0.223426 0.741239 -0.290086 0.562579
1403715939534057984 -1.120693 -2.479429 0.589714 0.236004 0.719208 -0.280511 0.590217
1403715939634057984 -1.020669 -2.560125 0.594595 0.249167 0.695079 -0.271603 0.617262
1403715939734057984 -0.939950 -2.620224 0.607066 0.262259 0.668077 -0.262761 0.644865
1403715939834057984 -0.883535 -2.654618 0.627028 0.271339 0.649539 -0.258238 0.661656
1403715939934057984 -0.855195 -2.657398 0.655846 0.276776 0.642233 -0.257410 0.666837
1403715940034057984 -0.852681 -2.628917 0.692422 0.274008 0.658075 -0.265480 0.649136
1403715940134057984 -0.871614 -2.573539 0.731700 0.260542 0.694283 -0.282233 0.608633
1403715940234057984 -0.907157 -2.497102 0.773717 0.244430 0.728889 -0.298285 0.565686
1403715940334057984 -0.948710 -2.408149 0.813660 0.225238 0.759861 -0.313466 0.523086
1403715940434057984 -0.989015 -2.316534 0.852236 0.205815 0.786651 -0.327409 0.481273
1403715940534057984 -1.019711 -2.235693 0.887844 0.184162 0.809791 -0.341570 0.440060
1403715940634057984 -1.034189 -2.171899 0.922549 0.158391 0.829872 -0.357988 0.397579
1403715940734057984 -1.024812 -2.134235 0.958279 0.136584 0.844075 -0.371052 0.362218
1403715940834057984 -0.984633 -2.136309 1.000296 0.132955 0.852566 -0.370875 0.343375
1403715940934057984 -0.906165 -2.180900 1.051158 0.146743 0.847037 -0.364188 0.358277
1403715941034057984 -0.794502 -2.260400 1.113147 0.175962 0.820999 -0.350950 0.414526
1403715941134057984 -0.663661 -2.358743 1.180117 0.211551 0.777031 -0.331884 0.491245
1403715941234057984 -0.530276 -2.459606 1.246264 0.242651 0.727180 -0.311205 0.561676
1403715941334057984 -0.405021 -2.550231 1.303623 0.257255 0.688052 -0.298672 0.609262
1403715941434057984 -0.295729 -2.624246 1.350733 0.265022 0.659474 -0.290366 0.640738
1403715941534057984 -0.204733 -2.682147 1.376431 0.266258 0.643177 -0.286711 0.658199
1403715941634057984 -0.137118 -2.719353 1.380829 0.266462 0.627897 -0.283347 0.674135
1403715941734057984 -0.100041 -2.731790 1.374179 0.265789 0.607990 -0.279253 0.694062
1403715941834057984 -0.099984 -2.717426 1.361645 0.267618 0.590088 -0.273461 0.710912
1403715941934057984 -0.139371 -2.671728 1.343975 0.270557 0.589217 -0.270940 0.711487
1403715942034057984 -0.216781 -2.595011 1.316144 0.267463 0.620267 -0.278970 0.682575
1403715942134057984 -0.322980 -2.490884 1.277238 0.254859 0.667587 -0.294529 0.634529
1403715942234057984 -0.448892 -2.372155 1.222217 0.236370 0.713170 -0.311236 0.581936
1403715942334057984 -0.582146 -2.248568 1.143201 0.213944 0.754697 -0.328601 0.526005
1403715942434057984 -0.712515 -2.128235 1.047573 0.194317 0.781516 -0.341641 0.484516
1403715942534057984 -0.831970 -2.017808 0.942687 0.175904 0.800063 -0.352884 0.452140
1403715942634057984 -0.937800 -1.922892 0.838399 0.164027 0.817275 -0.357239 0.421352
1403715942734057984 -1.023108 -1.851289 0.738250 0.158022 0.828998 -0.357226 0.400226
1403715942834057984 -1.081337 -1.809193 0.643780 0.157337 0.833583 -0.354739 0.393121
1403715942934057984 -1.110855 -1.799355 0.554419 0.159494 0.833988 -0.350769 0.394952
1403715943034057984 -1.105067 -1.820848 0.476173 0.167392 0.831708 -0.345088 0.401443
1403715943134057984 -1.069609 -1.874354 0.417933 0.180700 0.828179 -0.333589 0.412535
1403715943234057984 -1.011144 -1.942566 0.379441 0.194111 0.809439 -0.323647 0.449869
1403715943334057984 -0.933197 -2.023843 0.357423 0.209770 0.776212 -0.309098 0.507887
1403715943434057984 -0.849189 -2.104461 0.347499 0.224518 0.739991 -0.288069 0.564820
1403715943534057984 -0.769820 -2.176936 0.335862 0.231306 0.715253 -0.271492 0.601001
1403715943634057984 -0.703528 -2.238234 0.321724 0.235935 0.699239 -0.262671 0.621614
1403715943734057984 -0.656236 -2.281654 0.310552 0.238677 0.683517 -0.260380 0.638779
1403715943834057984 -0.631199 -2.304762 0.306601 0.245713 0.665970 -0.258807 0.655079
1403715943934057984 -0.634978 -2.301257 0.316503 0.252206 0.654206 -0.258888 0.664367
1403715944034057984 -0.670845 -2.269990 0.339557 0.245127 0.665097 -0.268710 0.652191
1403715944134057984 -0.732102 -2.215046 0.368492 0.219901 0.706253 -0.286635 0.608843
1403715944234057984 -0.807606 -2.147194 0.397470 0.186733 0.752943 -0.299926 0.555205
1403715944334057984 -0.886780 -2.079359 0.421547 0.157175 0.793720 -0.301251 0.504531
1403715944434057984 -0.959425 -2.018360 0.437339 0.134480 0.823742 -0.289858 0.468345
1403715944534057984 -1.018295 -1.969422 0.446692 0.113989 0.847142 -0.271671 0.442212
1403715944634057984 -1.055049 -1.940025 0.458126 0.093084 0.862657 -0.251019 0.429125
1403715944734057984 -1.062616 -1.935776 0.473770 0.073315 0.873282 -0.228438 0.424052
1403715944834057984 -1.037239 -1.956080 0.496245 0.063673 0.879147 -0.197163 0.429154
1403715944934057984 -0.978183 -1.999756 0.529112 0.071668 0.867838 -0.153296 0.467142
1403715945034057984 -0.901645 -2.047618 0.564609 0.084351 0.837635 -0.110593 0.528225
1403715945134057984 -0.820420 -2.093296 0.598171 0.094272 0.799910 -0.078232 0.587483
1403715945234057984 -0.744941 -2.131807 0.625636 0.100896 0.771354 -0.059067 0.625575
1403715945334057984 -0.684496 -2.159807 0.652791 0.105039 0.747063 -0.049930 0.654500
1403715945434057984 -0.646209 -2.174084 0.682923 0.109469 0.722248 -0.045671 0.681387
1403715945534057984 -0.638199 -2.172169 0.715185 0.108362 0.701950 -0.047591 0.702324
1403715945634057984 -0.662978 -2.154000 0.737273 0.094760 0.725355 -0.062038 0.678993
1403715945734057984 -0.712773 -2.124439 0.755110 0.081062 0.764546 -0.077405 0.634750
1403715945834057984 -0.777247 -2.088573 0.772349 0.073991 0.802887 -0.087609 0.584998
1403715945934057984 -0.846361 -2.049794 0.789515 0.067594 0.837374 -0.096298 0.533819
1403715946034057984 -0.905675 -2.010450 0.807413 0.058868 0.862095 -0.099560 0.493371
1403715946134057984 -0.943062 -1.972744 0.828114 0.048768 0.879567 -0.096006 0.463428
1403715946234057984 -0.950329 -1.939985 0.853995 0.037784 0.893781 -0.085838 0.438588
1403715946334057984 -0.917006 -1.915098 0.887499 0.028678 0.899035 -0.069674 0.431346
1403715946434057984 -0.843833 -1.902086 0.930907 0.026607 0.887037 -0.041810 0.459031
1403715946534057984 -0.748119 -1.888569 0.977749 0.023567 0.859903 -0.019430 0.509543
1403715946634057984 -0.645881 -1.865978 1.021047 0.018238 0.824732 -0.007411 0.565181
1403715946734057984 -0.544697 -1.841419 1.062306 0.012473 0.793153 -0.000180 0.608895
1403715946834057984 -0.452171 -1.815900 1.097333 0.006657 0.772882 0.003410 0.634505
1403715946934057984 -0.375142 -1.790533 1.126512 0.004225 0.758093 0.006440 0.652101
1403715947034057984 -0.319343 -1.764908 1.151259 0.005116 0.744340 0.008120 0.667732
1403715947134057984 -0.288284 -1.737623 1.176229 0.002705 0.721311 0.004912 0.692588
1403715947234057984 -0.287755 -1.709965 1.197847 0.002507 0.694163 0.000238 0.719814
1403715947334057984 -0.322430 -1.682805 1.208122 0.001300 0.692715 -0.006419 0.721182
1403715947434057984 -0.392256 -1.657124 1.202715 0.003300 0.725235 -0.011374 0.688399
1403715947534057984 -0.488280 -1.628402 1.183941 -0.000890 0.765997 -0.017235 0.642613
1403715947634057984 -0.599717 -1.602245 1.152878 -0.011012 0.804022 -0.024909 0.593975
1403715947734057984 -0.713115 -1.580003 1.110048 -0.020210 0.837186 -0.031521 0.545635
1403715947834057984 -0.819106 -1.561534 1.060219 -0.016766 0.859132 -0.028222 0.510701
1403715947934057984 -0.910355 -1.547266 1.001107 -0.010615 0.876988 -0.021063 0.479934
1403715948034057984 -0.983591 -1.539924 0.942746 -0.007490 0.892540 -0.013529 0.450703
1403715948134057984 -1.023893 -1.532661 0.887371 -0.006427 0.904084 -0.007565 0.427240
1403715948234057984 -1.022471 -1.527793 0.839890 -0.007048 0.907342 -0.002634 0.420327
1403715948334057984 -0.966694 -1.520827 0.805021 -0.007161 0.895805 -0.004803 0.444364
1403715948434057984 -0.877616 -1.522882 0.779073 -0.009951 0.870573 -0.003424 0.491926
1403715948534057984 -0.778268 -1.519972 0.754753 -0.006042 0.840872 -0.001998 0.541196
1403715948634057984 -0.672518 -1.517593 0.729510 -0.000151 0.812131 -0.002235 0.583471
1403715948734057984 -0.572086 -1.515396 0.701206 0.005980 0.785889 -0.003526 0.618328
1403715948834057984 -0.486153 -1.513461 0.670144 0.010567 0.766858 -0.005203 0.641709
1403715948934057984 -0.414479 -1.511165 0.638443 0.008281 0.752577 -0.005522 0.658428
1403715949034057984 -0.365633 -1.506471 0.611053 0.001567 0.738877 -0.000433 0.673838
1403715949134057984 -0.342352 -1.501351 0.583451 -0.009066 0.735023 0.008294 0.677931
1403715949234057984 -0.346008 -1.495958 0.555172 -0.020564 0.755195 0.021841 0.654813
1403715949334057984 -0.369775 -1.491342 0.527657 -0.032610 0.788345 0.038364 0.613170
1403715949434057984 -0.404028 -1.487517 0.502437 -0.040901 0.824411 0.054423 0.561882
1403715949534057984 -0.436442 -1.483846 0.481366 -0.047438 0.849576 0.070558 0.520568
1403715949634057984 -0.456980 -1.477993 0.462839 -0.055010 0.863948 0.089204 0.492556
1403715949734057984 -0.459586 -1.468672 0.447380 -0.064457 0.874152 0.108797 0.468900
1403715949834057984 -0.438215 -1.453633 0.437283 -0.069677 0.877928 0.132679 0.454735
1403715949934057984 -0.381192 -1.430249 0.434289 -0.071742 0.873710 0.160327 0.453629
1403715950034057984 -0.301726 -1.397488 0.439785 -0.070356 0.862217 0.191342 0.463703
1403715950134057984 -0.202054 -1.348615 0.449054 -0.076357 0.837116 0.217237 0.496200
1403715950234057984 -0.090859 -1.284883 0.460912 -0.096229 0.802731 0.224273 0.544118
1403715950334057984 0.017350 -1.213989 0.471404 -0.123309 0.770236 0.217113 0.586850
1403715950434057984 0.114613 -1.143905 0.479617 -0.143278 0.742094 0.207773 0.620965
1403715950534057984 0.193589 -1.080486 0.488461 -0.154365 0.716203 0.199724 0.650642
1403715950634057984 0.247263 -1.026647 0.497852 -0.159227 0.701770 0.193934 0.666750
1403715950734057984 0.271610 -0.984394 0.511565 -0.163512 0.688716 0.188882 0.680631
1403715950834057984 0.263520 -0.954727 0.527442 -0.168257 0.677340 0.185480 0.691735
1403715950934057984 0.220941 -0.939359 0.544870 -0.170809 0.677362 0.185692 0.691031
1403715951034057984 0.146472 -0.939106 0.557630 -0.171848 0.708614 0.190572 0.657280
1403715951134057984 0.046762 -0.952773 0.569589 -0.166215 0.747407 0.200902 0.611060
1403715951234057984 -0.066242 -0.973784 0.581697 -0.155332 0.785084 0.218521 0.558357
1403715951334057984 -0.179760 -0.993888 0.594416 -0.149855 0.813570 0.235411 0.510127
1403715951434057984 -0.283127 -1.007499 0.608764 -0.147561 0.831745 0.252949 0.471638
1403715951534057984 -0.369926 -1.010704 0.625611 -0.148416 0.844559 0.269679 0.438139
1403715951634057984 -0.432792 -0.996955 0.644415 -0.150990 0.851060 0.286763 0.413117
1403715951734057984 -0.468001 -0.965509 0.665876 -0.155569 0.852347 0.303528 0.396452
1403715951834057984 -0.467230 -0.916275 0.689673 -0.164916 0.847608 0.320678 0.389266
1403715951934057984 -0.432278 -0.843992 0.721680 -0.188664 0.826049 0.331924 0.414579
1403715952034057984 -0.378700 -0.752760 0.759952 -0.221768 0.789366 0.337154 0.462652
1403715952134057984 -0.314890 -0.655783 0.799030 -0.259015 0.745761 0.337617 0.512608
1403715952234057984 -0.254545 -0.562764 0.833756 -0.288901 0.709708 0.339959 0.545233
1403715952334057984 -0.196904 -0.482830 0.865083 -0.310468 0.683903 0.342452 0.564458
1403715952434057984 -0.150786 -0.421707 0.892668 -0.326585 0.662933 0.343917 0.579296
1403715952534057984 -0.114814 -0.382577 0.920876 -0.338377 0.646868 0.349367 0.587372
1403715952634057984 -0.089203 -0.368203 0.949675 -0.352761 0.629981 0.353073 0.594998
1403715952734057984 -0.078293 -0.384134 0.980572 -0.367914 0.608117 0.350267 0.610038
1403715952834057984 -0.084360 -0.433357 1.011237 -0.379146 0.589316 0.346635 0.623538
1403715952934057984 -0.105646 -0.516419 1.031532 -0.371001 0.606258 0.360747 0.603880
1403715953034057984 -0.142649 -0.626917 1.042365 -0.347019 0.646676 0.390441 0.555827
1403715953134057984 -0.186517 -0.754907 1.038156 -0.318053 0.687112 0.420637 0.499784
1403715953234057984 -0.231561 -0.888213 1.021469 -0.290994 0.719047 0.442777 0.449714
1403715953334057984 -0.271872 -1.012024 0.997565 -0.272781 0.737691 0.456907 0.415499
1403715953434057984 -0.302573 -1.120253 0.963898 -0.259617 0.749711 0.471536 0.384950
1403715953534057984 -0.322341 -1.205217 0.929666 -0.253118 0.753850 0.488456 0.359239
1403715953634057984 -0.317995 -1.259202 0.903477 -0.250614 0.750584 0.510030 0.337175
1403715953734057984 -0.313036 -1.269971 0.888938 -0.247384 0.748777 0.523335 0.322885
1403715953834057984 -0.282186 -1.241714 0.882300 -0.246892 0.737588 0.540143 0.321331
1403715953934057984 -0.237049 -1.173116 0.886042 -0.247048 0.710328 0.559883 0.347754
1403715954034057984 -0.187790 -1.071071 0.889549 -0.252656 0.665860 0.575310 0.402262
1403715954134057984 -0.147113 -0.948936 0.882237 -0.274811 0.627062 0.571038 0.452976
1403715954234057984 -0.120687 -0.818120 0.871493 -0.307814 0.595992 0.552050 0.495263
1403715954334057984 -0.111413 -0.688271 0.857595 -0.345074 0.578337 0.524951 0.520458
1403715954434057984 -0.116857 -0.566593 0.843461 -0.387550 0.570068 0.493209 0.530634
1403715954534057984 -0.134384 -0.462966 0.832482 -0.420369 0.556070 0.466040 0.544870
1403715954634057984 -0.161829 -0.394757 0.823055 -0.441935 0.539574 0.447065 0.560077
1403715954734057984 -0.201427 -0.365770 0.814116 -0.452000 0.531993 0.438972 0.565671
1403715954834057984 -0.250556 -0.374236 0.799551 -0.444985 0.541690 0.446891 0.555741
1403715954934057984 -0.307598 -0.420153 0.786409 -0.425730 0.563926 0.464579 0.533767
1403715955034057984 -0.373632 -0.497866 0.774835 -0.397419 0.592843 0.486798 0.503610
1403715955134057984 -0.445693 -0.592251 0.765502 -0.371858 0.622534 0.504127 0.469073
1403715955234057984 -0.519812 -0.691333 0.756615 -0.348329 0.654319 0.517340 0.427660
1403715955334057984 -0.590695 -0.783369 0.750499 -0.324872 0.677104 0.528627 0.395653
1403715955434057984 -0.655061 -0.860945 0.752959 -0.306730 0.693941 0.535905 0.370362
1403715955534057984 -0.712822 -0.915436 0.758094 -0.296711 0.709328 0.540495 0.341587
1403715955634057984 -0.756691 -0.943294 0.766693 -0.292290 0.717511 0.548841 0.313876
1403715955734057984 -0.786594 -0.932699 0.781768 -0.292720 0.709728 0.563365 0.305322
1403715955834057984 -0.792191 -0.882830 0.810451 -0.323139 0.674865 0.574893 0.331114
1403715955934057984 -0.792150 -0.806025 0.842394 -0.367086 0.631841 0.575234 0.367600
1403715956034057984 -0.797791 -0.723879 0.874980 -0.409511 0.581658 0.574676 0.404625
1403715956134057984 -0.805286 -0.643812 0.905539 -0.440534 0.533553 0.580248 0.429608
1403715956234057984 -0.814411 -0.576588 0.930744 -0.463742 0.493406 0.590619 0.438934
1403715956334057984 -0.827463 -0.528918 0.953929 -0.485162 0.461868 0.602473 0.433960
1403715956434057984 -0.839787 -0.506264 0.980980 0.518006 -0.426855 -0.604437 -0.429093
1403715956534057984 -0.849328 -0.512464 1.009231 0.552994 -0.391655 -0.600762 -0.424133
1403715956634057984 -0.853542 -0.548887 1.036538 0.576188 -0.368922 -0.600392 -0.414045
1403715956734057984 -0.848726 -0.619974 1.060748 0.577390 -0.367155 -0.613134 -0.394823
1403715956834057984 -0.839069 -0.721989 1.084483 0.564475 -0.379885 -0.633445 -0.368514
1403715956934057984 -0.823955 -0.848202 1.107106 0.539721 -0.398754 -0.657859 -0.341934
1403715957034057984 -0.804760 -0.989089 1.122981 0.504850 -0.420023 -0.684686 -0.316088
1403715957134057984 -0.785225 -1.134138 1.128126 -0.471600 0.439389 0.705841 0.293800
1403715957234057984 -0.768068 -1.272261 1.121022 -0.440302 0.458175 0.723363 0.270102
1403715957334057984 -0.758008 -1.397506 1.099615 -0.408197 0.477752 0.738854 0.243360
1403715957434057984 -0.755872 -1.502914 1.069489 -0.376537 0.492291 0.752715 0.222010
1403715957534057984 -0.766312 -1.578474 1.035219 -0.350665 0.502805 0.762860 0.205586
1403715957634057984 -0.788832 -1.616225 0.999512 -0.331564 0.507030 0.771099 0.195939
1403715957734057984 -0.828844 -1.611927 0.967418 -0.330245 0.502124 0.773503 0.201252
1403715957834057984 -0.888205 -1.561552 0.943656 -0.364431 0.488507 0.760251 0.224877
1403715957934057984 -0.964844 -1.475535 0.930727 -0.419757 0.463338 0.736814 0.257347
1403715958034057984 -1.048266 -1.373941 0.919039 -0.474685 0.431192 0.712245 0.285401
1403715958134057984 -1.134806 -1.276771 0.906489 0.523919 -0.396221 -0.689092 -0.306056
1403715958234057984 -1.217770 -1.189271 0.890185 0.564843 -0.364000 -0.669312 -0.316983
1403715958334057984 -1.291970 -1.117921 0.869342 0.593746 -0.335467 -0.657416 -0.320518
1403715958434057984 -1.353919 -1.071444 0.846817 0.621760 -0.309330 -0.644677 -0.319562
1403715958534057984 -1.396537 -1.053868 0.822246 0.646728 -0.286646 -0.633949 -0.312547
1403715958634057984 -1.416220 -1.068784 0.792227 0.655334 -0.275500 -0.639669 -0.292336
1403715958734057984 -1.412217 -1.112079 0.763453 0.652218 -0.272921 -0.657571 -0.260243
1403715958834057984 -1.379191 -1.177420 0.730627 0.635685 -0.277506 -0.687141 -0.216179
1403715958934057984 -1.327668 -1.260910 0.699304 0.611427 -0.284686 -0.719101 -0.167345
1403715959034057984 -1.258689 -1.346983 0.665720 0.580279 -0.284064 -0.752301 -0.128948
1403715959134057984 -1.179562 -1.426832 0.632016 0.547943 -0.269844 -0.784158 -0.109719
1403715959234057984 -1.103644 -1.491890 0.603481 0.518322 -0.243335 -0.812685 -0.108043
1403715959334057984 -1.032574 -1.548588 0.576098 -0.484647 0.220788 0.840187 0.102257
1403715959434057984 -0.978840 -1.595166 0.548346 -0.446990 0.210237 0.864514 0.092824
1403715959534057984 -0.944548 -1.625181 0.525090 -0.418247 0.201849 0.881706 0.083196
1403715959634057984 -0.945980 -1.635601 0.515625 -0.407245 0.185075 0.890858 0.079186
1403715959734057984 -0.993649 -1.630927 0.527910 -0.430691 0.168414 0.883074 0.079512
1403715959834057984 -1.075825 -1.612663 0.555506 -0.487540 0.150900 0.856198 0.080366
1403715959934057984 -1.174700 -1.586797 0.586032 0.552020 -0.131573 -0.819051 -0.084369
1403715960034057984 -1.274317 -1.560013 0.611416 0.610060 -0.115695 -0.778800 -0.088949
1403715960134057984 -1.362419 -1.538474 0.630037 0.651254 -0.104517 -0.746023 -0.091617
1403715960234057984 -1.428082 -1.524782 0.646733 0.679183 -0.095183 -0.721289 -0.096920
1403715960334057984 -1.462776 -1.522441 0.663730 0.697862 -0.089141 -0.703317 -0.101921
1403715960434057984 -1.464319 -1.530891 0.681683 0.713823 -0.085376 -0.687175 -0.104681
1403715960534057984 -1.430042 -1.552685 0.697754 0.709438 -0.086197 -0.691472 -0.105517
1403715960634057984 -1.363464 -1.587891 0.710467 0.672798 -0.092473 -0.726594 -0.104171
1403715960734057984 -1.271228 -1.634483 0.722963 0.626969 -0.100068 -0.765900 -0.101458
1403715960834057984 -1.166402 -1.688243 0.735341 0.568672 -0.109504 -0.809365 -0.097727
1403715960934057984 -1.061558 -1.746869 0.749305 0.507784 -0.118474 -0.848153 -0.093574
1403715961034057984 -0.972740 -1.805097 0.765888 -0.461832 0.125283 0.873322 0.091237
1403715961134057984 -0.909534 -1.860461 0.783108 -0.422320 0.132711 0.892411 0.087383
1403715961234057984 -0.881729 -1.910796 0.804992 -0.393953 0.144651 0.904247 0.078827
1403715961334057984 -0.901302 -1.950408 0.836492 -0.399682 0.157809 0.900464 0.067200
1403715961434057984 -0.962000 -1.977401 0.878441 -0.437326 0.161587 0.882775 0.057823
1403715961534057984 -1.051648 -1.988832 0.927733 -0.485364 0.149339 0.859975 0.050612
1403715961634057984 -1.158137 -1.988955 0.979490 0.535267 -0.124651 -0.834097 -0.047256
1403715961734057984 -1.268923 -1.983973 1.028947 0.583394 -0.094149 -0.805467 -0.044842
1403715961834057984 -1.375571 -1.977466 1.069213 0.625984 -0.062979 -0.775951 -0.045583
1403715961934057984 -1.469089 -1.973764 1.095586 0.657059 -0.038104 -0.751509 -0.045348
1403715962034057984 -1.539055 -1.975156 1.113356 0.693986 -0.019689 -0.718739 -0.037536
1403715962134057984 -1.576459 -1.981303 1.122197 0.725104 -0.004628 -0.688250 -0.022703
1403715962234057984 -1.576704 -1.989972 1.117507 0.736775 0.008908 -0.676062 -0.004793
1403715962334057984 -1.534210 -2.002229 1.101176 0.728639 0.018166 -0.684368 0.019895
1403715962434057984 -1.449596 -2.011555 1.076924 0.708669 0.021136 -0.703601 0.047816
1403715962534057984 -1.331162 -2.015606 1.044130 0.675847 0.021289 -0.732283 0.080865
1403715962634057984 -1.190267 -2.009427 1.000802 0.629932 0.022019 -0.768120 0.112658
1403715962734057984 -1.036091 -1.987559 0.947311 0.590791 0.025727 -0.794621 0.137409
1403715962834057984 -0.882138 -1.948066 0.883171 0.553650 0.039128 -0.818607 0.147723
1403715962934057984 -0.734428 -1.891468 0.809352 0.520630 0.066062 -0.839522 0.140653
1403715963034057984 -0.598894 -1.825365 0.724342 -0.484743 -0.107522 0.860242 -0.115960
1403715963134057984 -0.482462 -1.760277 0.625534 -0.445324 -0.142418 0.878270 -0.100230
1403715963234057984 -0.390483 -1.700904 0.515967 -0.410086 -0.170827 0.890797 -0.095544
1403715963334057984 -0.330955 -1.654106 0.396408 -0.385373 -0.195488 0.896393 -0.098754
1403715963434057984 -0.315257 -1.628202 0.284474 -0.414161 -0.216241 0.876542 -0.115688
1403715963534057984 -0.335440 -1.615091 0.184322 -0.477593 -0.234487 0.834594 -0.142739
1403715963634057984 -0.371257 -1.612289 0.090935 0.531148 0.248769 -0.791951 0.169730
1403715963734057984 -0.404607 -1.614908 0.008661 0.563567 0.262390 -0.760225 0.188683
1403715963834057984 -0.427887 -1.614776 -0.061394 0.574241 0.271380 -0.744754 0.204795
1403715963934057984 -0.440502 -1.611149 -0.117195 0.570512 0.279214 -0.742370 0.213172
1403715964034057984 -0.444399 -1.602849 -0.159992 0.555929 0.287604 -0.749630 0.215131
1403715964134057984 -0.443998 -1.592857 -0.187205 0.527685 0.309432 -0.766885 0.194134
1403715964234057984 -0.441201 -1.591085 -0.187178 0.507909 0.321911 -0.777870 0.182538
1403715964334057984 -0.443277 -1.603508 -0.156468 0.510685 0.315246 -0.775817 0.194755
1403715964434057984 -0.446579 -1.623704 -0.118579 0.517342 0.308137 -0.771325 0.206075
1403715964534057984 -0.449134 -1.647676 -0.084447 0.522054 0.308268 -0.767670 0.207637
1403715964634057984 -0.450638 -1.674757 -0.050232 0.522558 0.305903 -0.767281 0.211274
1403715964734057984 -0.455370 -1.705565 -0.012527 0.524160 0.296408 -0.766135 0.224578
1403715964834057984 -0.462273 -1.735462 0.038113 0.527862 0.283288 -0.762255 0.245106
1403715964934057984 -0.472908 -1.760232 0.091365 0.538531 0.277742 -0.752576 0.257823
1403715965034057984 -0.485371 -1.777203 0.134769 0.553508 0.277358 -0.739050 0.265532
1403715965134057984 -0.494913 -1.784683 0.164151 0.571777 0.278210 -0.722632 0.271060
1403715965234057984 -0.497552 -1.781039 0.176723 0.558264 0.293853 -0.732588 0.255551
1403715965334057984 -0.495118 -1.768268 0.182470 0.517359 0.315948 -0.762571 0.225835
1403715965434057984 -0.494644 -1.757849 0.190803 -0.468945 -0.329791 0.794607 -0.199820
1403715965534057984 -0.504987 -1.759895 0.207006 -0.435378 -0.337236 0.815259 -0.179082
1403715965634057984 -0.532905 -1.781949 0.231473 -0.429583 -0.338083 0.819530 -0.171836
1403715965734057984 -0.580223 -1.825274 0.269344 -0.470352 -0.330559 0.796997 -0.185192
1403715965834057984 -0.633884 -1.878080 0.309660 0.526478 0.315834 -0.760741 0.210577
1403715965934057984 -0.686695 -1.933210 0.349448 0.574110 0.301034 -0.724676 0.233709
1403715966034057984 -0.729171 -1.980610 0.383251 0.604919 0.292943 -0.698037 0.246985
1403715966134057984 -0.754161 -2.014380 0.417986 0.634817 0.283612 -0.668998 0.262703
1403715966234057984 -0.756021 -2.027456 0.452312 0.643720 0.281846 -0.658922 0.268346
1403715966334057984 -0.736206 -2.019673 0.482691 0.615492 0.292490 -0.685888 0.255298
1403715966434057984 -0.694791 -1.995017 0.511959 0.572520 0.305366 -0.724270 0.233249
1403715966534057984 -0.642744 -1.963266 0.538104 0.515464 0.317261 -0.769135 0.205120
1403715966634057984 -0.591905 -1.936338 0.565372 -0.467089 -0.322889 0.802973 -0.181119
1403715966734057984 -0.552908 -1.923584 0.593714 -0.437141 -0.322867 0.822889 -0.165886
1403715966834057984 -0.532246 -1.930328 0.621349 -0.419228 -0.322441 0.834374 -0.155240
1403715966934057984 -0.534659 -1.962142 0.655428 -0.440080 -0.317998 0.824669 -0.158521
1403715967034057984 -0.554663 -2.014272 0.696489 -0.489249 -0.309082 0.796971 -0.173034
1403715967134057984 -0.580988 -2.076385 0.740147 0.545206 0.294912 -0.760355 0.194005
1403715967234057984 -0.601978 -2.137638 0.782775 0.595793 0.280386 -0.722306 0.211396
1403715967334057984 -0.608144 -2.189363 0.823658 0.640554 0.264908 -0.683403 0.229072
1403715967434057984 -0.589804 -2.224580 0.860874 0.659103 0.255092 -0.665924 0.238864
1403715967534057984 -0.543614 -2.240100 0.893769 0.648813 0.253648 -0.674095 0.245560
1403715967634057984 -0.471399 -2.235758 0.923978 0.616226 0.261214 -0.698007 0.254597
1403715967734057984 -0.382166 -2.213600 0.952894 0.569217 0.274846 -0.727743 0.266163
1403715967834057984 -0.287701 -2.176226 0.977646 0.513928 0.291974 -0.757899 0.276077
1403715967934057984 -0.200207 -2.129320 0.996450 -0.469292 -0.310586 0.777064 -0.281909
1403715968034057984 -0.128343 -2.078621 1.004703 -0.436059 -0.339424 0.789632 -0.266691
1403715968134057984 -0.077071 -2.031576 1.003005 -0.412464 -0.369930 0.796569 -0.241874
1403715968234057984 -0.047130 -1.996651 0.996414 -0.411178 -0.386078 0.792489 -0.232029
1403715968334057984 -0.035740 -1.976610 0.985130 -0.443167 -0.385642 0.771524 -0.244201
1403715968434057984 -0.039095 -1.961889 0.963379 -0.479911 -0.380697 0.744738 -0.264804
1403715968534057984 -0.046968 -1.956045 0.929326 0.515239 0.369704 -0.719151 0.284023
1403715968634057984 -0.053208 -1.950372 0.884094 0.548155 0.358510 -0.694083 0.298739
1403715968734057984 -0.054317 -1.934999 0.833920 0.575687 0.349384 -0.671455 0.309294
1403715968834057984 -0.042090 -1.900538 0.784388 0.595566 0.342287 -0.653588 0.317747
1403715968934057984 -0.015190 -1.844726 0.735278 0.602988 0.339271 -0.646213 0.322038
1403715969034057984 0.027962 -1.765642 0.683448 0.584215 0.347982 -0.662463 0.314235
1403715969134057984 0.083603 -1.669571 0.627388 0.534977 0.369289 -0.703280 0.287788
1403715969234057984 0.143034 -1.564656 0.570788 -0.470048 -0.392332 0.749446 -0.251916
1403715969334057984 0.194696 -1.467781 0.522109 -0.419788 -0.406171 0.780515 -0.222710
1403715969434057984 0.230514 -1.391538 0.480223 -0.384603 -0.415677 0.799869 -0.198753
1403715969534057984 0.246312 -1.345037 0.444962 -0.370381 -0.428091 0.805488 -0.175346
1403715969634057984 0.243547 -1.338847 0.419766 -0.388496 -0.446202 0.791148 -0.155111
1403715969734057984 0.229816 -1.370023 0.400829 -0.422595 -0.459159 0.767609 -0.146158
1403715969834057984 0.211920 -1.434602 0.387664 -0.465301 -0.457841 0.740592 -0.159374
1403715969934057984 0.196224 -1.529950 0.383392 0.501337 0.434560 -0.720487 0.201786
1403715970034057984 0.189990 -1.637915 0.381920 0.533690 0.405338 -0.698783 0.250157
1403715970134057984 0.193851 -1.745268 0.380793 0.559748 0.384471 -0.676893 0.284043
1403715970234057984 0.210710 -1.841101 0.381888 0.585620 0.365376 -0.652413 0.312900
1403715970334057984 0.242129 -1.915694 0.384637 0.606071 0.347718 -0.630366 0.338244
1403715970434057984 0.288953 -1.960855 0.387658 0.614460 0.337605 -0.619251 0.353540
1403715970534057984 0.352333 -1.974186 0.391244 0.596848 0.336421 -0.631833 0.362464
1403715970634057984 0.427435 -1.957195 0.392423 0.553278 0.345423 -0.667477 0.359222
1403715970734057984 0.505849 -1.914447 0.394045 -0.499862 -0.359823 0.710346 -0.340695
1403715970834057984 0.577572 -1.857548 0.396837 -0.435787 -0.372375 0.756513 -0.314824
1403715970934057984 0.631598 -1.800759 0.406287 -0.379552 -0.380577 0.792239 -0.288893
1403715971034057984 0.657863 -1.756679 0.423013 -0.342666 -0.393740 0.811419 -0.262959
1403715971134057984 0.647673 -1.736543 0.449917 -0.330967 -0.419210 0.811989 -0.235366
1403715971234057984 0.600361 -1.753207 0.489585 -0.351881 -0.448893 0.791207 -0.220602
1403715971334057984 0.529187 -1.805645 0.539176 -0.397497 -0.477229 0.750730 -0.225061
1403715971434057984 0.453251 -1.887743 0.593880 -0.447826 -0.495575 0.703938 -0.241512
1403715971534057984 0.383334 -1.983706 0.646087 -0.489203 -0.510820 0.654273 -0.267711
1403715971634057984 0.329408 -2.086120 0.695482 0.513944 0.521817 -0.611731 0.298920
1403715971734057984 0.294167 -2.186301 0.740955 0.521116 0.527487 -0.581010 0.335595
1403715971834057984 0.277518 -2.277393 0.780798 0.512859 0.528456 -0.561978 0.376684
1403715971934057984 0.275684 -2.354389 0.813649 -0.493517 -0.532233 0.551930 -0.410539
1403715972034057984 0.284793 -2.412788 0.843644 -0.474615 -0.541342 0.543488 -0.431637
1403715972134057984 0.298371 -2.452816 0.874327 0.467464 0.545233 -0.529378 0.451617
1403715972234057984 0.314587 -2.472530 0.908170 0.473819 0.539240 -0.509473 0.474502
1403715972334057984 0.332497 -2.466853 0.942201 0.482114 0.532210 -0.492781 0.491412
1403715972434057984 0.351660 -2.432349 0.973778 0.482259 0.530080 -0.487798 0.498492
1403715972534057984 0.370900 -2.368743 0.999684 0.472439 0.538972 -0.496246 0.489949
1403715972634057984 0.390310 -2.278257 1.018840 0.444180 0.557971 -0.522021 0.467832
1403715972734057984 0.410077 -2.171202 1.031350 0.409110 0.576663 -0.552182 0.441796
1403715972834057984 0.429395 -2.060921 1.033919 0.379088 0.590143 -0.577786 0.417356
1403715972934057984 0.447093 -1.951928 1.032338 0.372832 0.588580 -0.586907 0.412444
1403715973034057984 0.461418 -1.848645 1.025468 -0.377089 -0.575265 0.588865 -0.424396
1403715973134057984 0.468995 -1.749370 1.016958 -0.382562 -0.564003 0.589626 -0.433461
1403715973234057984 0.467657 -1.650387 1.009097 -0.387670 -0.561167 0.589416 -0.432888
1403715973334057984 0.459449 -1.549772 1.001796 -0.385272 -0.560755 0.593596 -0.429840
1403715973434057984 0.442107 -1.450757 0.994066 -0.377239 -0.567593 0.600529 -0.418203
1403715973534057984 0.417663 -1.355698 0.987093 -0.366815 -0.575622 0.608257 -0.405129
1403715973634057984 0.388535 -1.269460 0.983667 -0.353205 -0.579779 0.617105 -0.397848
1403715973734057984 0.352891 -1.194494 0.980907 -0.337574 -0.581439 0.626523 -0.394261
1403715973834057984 0.308606 -1.135173 0.979373 -0.327841 -0.582715 0.631640 -0.392421
1403715973934057984 0.254029 -1.093896 0.979056 -0.323394 -0.586049 0.632861 -0.389166
1403715974034057984 0.190552 -1.068800 0.982167 -0.335150 -0.590333 0.623638 -0.387631
1403715974134057984 0.121180 -1.056609 0.987443 -0.352402 -0.591474 0.610651 -0.391250
1403715974234057984 0.047780 -1.053882 0.991523 -0.365327 -0.589718 0.600271 -0.398049
1403715974334057984 -0.027751 -1.057782 0.990366 -0.370928 -0.591875 0.594525 -0.398292
1403715974434057984 -0.104241 -1.067086 0.981731 0.370527 0.594839 -0.592935 0.396617
1403715974534057984 -0.181531 -1.082426 0.970221 0.373002 0.594982 -0.589956 0.398519
1403715974634057984 -0.257518 -1.105071 0.957785 0.378545 0.592951 -0.585239 0.403246
1403715974734057984 -0.334336 -1.131362 0.942746 0.382531 0.590746 -0.581724 0.407783
1403715974834057984 -0.410236 -1.159917 0.925346 0.383536 0.590332 -0.579999 0.409891
1403715974934057984 -0.485030 -1.191278 0.907147 0.384550 0.590724 -0.577806 0.411469
1403715975034057984 -0.558439 -1.223989 0.890715 0.386235 0.592194 -0.574465 0.412454
1403715975134057984 -0.631333 -1.257837 0.873441 0.388248 0.595311 -0.570053 0.412198
1403715975234057984 -0.701606 -1.293387 0.858979 0.390104 0.599132 -0.565886 0.410649
1403715975334057984 -0.768616 -1.331022 0.847136 0.393004 0.601059 -0.560722 0.412149
1403715975434057984 -0.831360 -1.368276 0.842967 0.398682 0.601303 -0.553932 0.415508
1403715975534057984 -0.889927 -1.403850 0.840500 0.403781 0.602067 -0.547827 0.417567
1403715975634057984 -0.943154 -1.436811 0.842567 0.399287 0.604125 -0.549276 0.417011
1403715975734057984 -0.991433 -1.468734 0.849060 0.395579 0.605544 -0.550968 0.416255
1403715975834057984 -1.033712 -1.499994 0.860127 0.393389 0.606007 -0.552397 0.415762
1403715975934057984 -1.073233 -1.532541 0.870624 0.391454 0.607378 -0.553900 0.413583
1403715976034057984 -1.106237 -1.564680 0.881796 0.390514 0.608961 -0.555183 0.410410
1403715976134057984 -1.136887 -1.599095 0.892905 0.390785 0.608308 -0.556147 0.409816
1403715976234057984 -1.161338 -1.633315 0.904046 0.395155 0.606839 -0.555079 0.409251
1403715976334057984 -1.182653 -1.669618 0.915696 0.398920 0.605803 -0.554511 0.407901
1403715976434057984 -1.196158 -1.705342 0.925256 0.403932 0.607642 -0.550635 0.405477
1403715976534057984 -1.203088 -1.742850 0.932634 0.404841 0.613640 -0.543554 0.405090
1403715976634057984 -1.201060 -1.779009 0.938161 0.400511 0.622220 -0.534161 0.408786
1403715976734057984 -1.193181 -1.815252 0.941475 0.389332 0.628920 -0.527195 0.418265
1403715976834057984 -1.178559 -1.851203 0.944173 0.380790 0.634391 -0.521116 0.425423
1403715976934057984 -1.159009 -1.887551 0.944733 0.375427 0.638832 -0.515742 0.430068
1403715977034057984 -1.134119 -1.922681 0.945795 0.370496 0.644236 -0.508666 0.434685
1403715977134057984 -1.103347 -1.956497 0.945643 0.363730 0.651970 -0.498895 0.440159
1403715977234057984 -1.066494 -1.990326 0.943419 0.354589 0.662749 -0.484367 0.447682
1403715977334057984 -1.023782 -2.022891 0.939447 0.342848 0.676663 -0.464840 0.456625
1403715977434057984 -0.975378 -2.052690 0.935598 0.326421 0.691453 -0.442564 0.468487
1403715977534057984 -0.921661 -2.080199 0.929997 0.309234 0.708146 -0.415975 0.479445
1403715977634057984 -0.862103 -2.105778 0.924938 0.289388 0.723377 -0.386968 0.493190
1403715977734057984 -0.799183 -2.127575 0.918705 0.266132 0.738843 -0.357483 0.505462
1403715977834057984 -0.733712 -2.146320 0.913177 0.244740 0.753173 -0.324185 0.517434
1403715977934057984 -0.665879 -2.161220 0.907893 0.228249 0.765719 -0.285338 0.529300
1403715978034057984 -0.595697 -2.168842 0.903287 0.213419 0.777366 -0.242049 0.539970
1403715978134057984 -0.523528 -2.167144 0.899014 0.198434 0.786722 -0.195447 0.550902
1403715978234057984 -0.449177 -2.153963 0.893466 0.183643 0.795280 -0.150469 0.557821
1403715978334057984 -0.374001 -2.127031 0.887787 0.162651 0.800154 -0.111400 0.566470
1403715978434057984 -0.298431 -2.085084 0.881816 0.132042 0.802708 -0.081477 0.575836
1403715978534057984 -0.222828 -2.030854 0.873238 0.091979 0.804957 -0.058075 0.583277
1403715978634057984 -0.150399 -1.967768 0.863133 0.051733 0.803856 -0.032377 0.591685
1403715978734057984 -0.084287 -1.898451 0.851343 0.017203 0.804696 -0.001343 0.593436
1403715978834057984 -0.025819 -1.825690 0.839715 -0.009442 0.806393 0.035648 0.590229
1403715978934057984 0.029168 -1.751273 0.830992 -0.033816 0.807753 0.076133 0.583606
1403715979034057984 0.080844 -1.674032 0.825264 -0.057532 0.805314 0.118885 0.577949
1403715979134057984 0.127089 -1.592428 0.824061 -0.089174 0.795328 0.157736 0.578464
1403715979234057984 0.165656 -1.508044 0.831242 -0.125362 0.776418 0.194834 0.586088
1403715979334057984 0.195725 -1.424431 0.843580 -0.155575 0.752719 0.235972 0.594582
1403715979434057984 0.212847 -1.342791 0.854324 -0.174379 0.734324 0.281406 0.592597
1403715979534057984 0.217228 -1.262948 0.865489 -0.191984 0.719649 0.321820 0.584533
1403715979634057984 0.205641 -1.183529 0.878727 -0.212894 0.707257 0.356477 0.572178
1403715979734057984 0.180638 -1.103981 0.893355 -0.236774 0.691507 0.389713 0.560250
1403715979834057984 0.138700 -1.026796 0.908841 -0.264173 0.670852 0.420617 0.550683
1403715979934057984 0.082632 -0.953210 0.924717 -0.294041 0.646961 0.449554 0.541187
1403715980034057984 0.012511 -0.885410 0.941275 -0.324901 0.619858 0.477390 0.531333
1403715980134057984 -0.070786 -0.826122 0.956395 -0.351947 0.593045 0.505692 0.518368
1403715980234057984 -0.167235 -0.777941 0.967923 -0.379793 0.569087 0.532458 0.498383
1403715980334057984 -0.273532 -0.740697 0.976985 -0.405280 0.547809 0.559110 0.472281
1403715980434057984 -0.389646 -0.719806 0.984274 -0.432547 0.522720 0.583481 0.446337
1403715980534057984 -0.510377 -0.710343 0.992399 -0.463742 0.494175 0.603860 0.419628
1403715980634057984 -0.632880 -0.709570 0.998931 -0.490855 0.465561 0.625268 0.389044
1403715980734057984 -0.753844 -0.721772 1.002654 0.512860 -0.434735 -0.647730 -0.358366
1403715980834057984 -0.870820 -0.745726 1.003442 0.530918 -0.404356 -0.670681 -0.323743
1403715980934057984 -0.982168 -0.778096 1.003621 0.548421 -0.370794 -0.691422 -0.289280
1403715981034057984 -1.086413 -0.819984 1.004798 0.567784 -0.333267 -0.708209 -0.254938
1403715981134057984 -1.179823 -0.872482 1.006250 0.586145 -0.292660 -0.722689 -0.220237
1403715981234057984 -1.258035 -0.929097 1.005581 0.600503 -0.247878 -0.736807 -0.187266
1403715981334057984 -1.325649 -0.988050 1.005679 0.613057 -0.202452 -0.748868 -0.149569
1403715981434057984 -1.377745 -1.052674 1.008066 0.624260 -0.155802 -0.757721 -0.109010
1403715981534057984 -1.414412 -1.122361 1.013476 0.637336 -0.107744 -0.760033 -0.067401
1403715981634057984 -1.430142 -1.194913 1.021094 0.648605 -0.057194 -0.758399 -0.029513
1403715981734057984 -1.427417 -1.267760 1.027502 0.650086 -0.005355 -0.759832 0.003758
1403715981834057984 -1.405173 -1.341297 1.029381 0.633467 0.044434 -0.771643 0.036230
1403715981934057984 -1.369116 -1.416151 1.030363 0.613179 0.091460 -0.781777 0.066867
1403715982034057984 -1.320983 -1.490671 1.032317 0.600695 0.135294 -0.782243 0.094642
1403715982134057984 -1.264999 -1.564752 1.036800 0.592525 0.175172 -0.776803 0.121676
1403715982234057984 -1.203614 -1.638097 1.042880 0.585433 0.212582 -0.768304 0.147604
1403715982334057984 -1.130527 -1.707874 1.048165 0.576426 0.247789 -0.758957 0.174121
1403715982434057984 -1.049283 -1.773127 1.053339 0.566806 0.282361 -0.747576 0.200333
1403715982534057984 -0.960677 -1.833378 1.057897 0.557129 0.318638 -0.732943 0.225548
1403715982634057984 -0.864140 -1.888650 1.060747 0.546156 0.355036 -0.715364 0.252820
1403715982734057984 -0.760959 -1.942072 1.062823 0.531600 0.391176 -0.696695 0.281066
1403715982834057984 -0.651687 -1.989434 1.064768 0.514896 0.427551 -0.675641 0.309180
1403715982934057984 -0.537045 -2.026944 1.066490 -0.497639 -0.464345 0.652360 -0.333414
1403715983034057984 -0.417846 -2.057693 1.067682 -0.479142 -0.496001 0.628393 -0.359900
1403715983134057984 -0.296040 -2.080471 1.068178 -0.459125 -0.526794 0.602987 -0.384837
1403715983234057984 -0.171664 -2.096605 1.067725 -0.437249 -0.556027 0.574929 -0.411223
1403715983334057984 -0.047156 -2.106943 1.066724 0.415361 0.585864 -0.542865 0.435357
1403715983434057984 0.078125 -2.109100 1.065497 0.389753 0.614692 -0.508828 0.459717
1403715983534057984 0.202598 -2.103703 1.066455 0.364521 0.634948 -0.470425 0.492611
1403715983634057984 0.321949 -2.087653 1.069216 0.338289 0.649869 -0.431007 0.526749
1403715983734057984 0.432946 -2.059484 1.069865 0.309895 0.663272 -0.393641 0.555952
1403715983834057984 0.532988 -2.018341 1.070912 0.280821 0.677856 -0.358692 0.577054
1403715983934057984 0.617254 -1.963482 1.073513 0.251917 0.692174 -0.324601 0.593352
1403715984034057984 0.686074 -1.897879 1.076465 0.221709 0.706768 -0.293517 0.604294
1403715984134057984 0.738017 -1.822747 1.079192 0.190906 0.723295 -0.264907 0.608460
1403715984234057984 0.775790 -1.742901 1.083847 0.159292 0.737904 -0.237930 0.611157
1403715984334057984 0.794984 -1.658247 1.092696 0.131977 0.748138 -0.208952 0.615801
1403715984434057984 0.798768 -1.571537 1.102495 0.109171 0.756035 -0.177009 0.620613
1403715984534057984 0.786828 -1.484212 1.111017 0.087159 0.766715 -0.143867 0.619560
1403715984634057984 0.761954 -1.397311 1.119160 0.066948 0.783794 -0.107755 0.607925
1403715984734057984 0.725270 -1.310119 1.125568 0.040166 0.797477 -0.070502 0.597868
1403715984834057984 0.682260 -1.223670 1.130009 0.003110 0.801983 -0.036707 0.596210
1403715984934057984 0.634958 -1.142187 1.134356 -0.030663 0.801894 -0.002006 0.596676
1403715985034057984 0.588107 -1.066524 1.140380 -0.052832 0.798893 0.034215 0.598170
1403715985134057984 0.532858 -0.999118 1.144040 -0.064976 0.797004 0.063810 0.597069
1403715985234057984 0.473694 -0.937308 1.148783 -0.068327 0.794685 0.084117 0.597271
1403715985334057984 0.409597 -0.878280 1.154227 -0.056708 0.793142 0.101995 0.597751
1403715985434057984 0.338104 -0.820075 1.159812 -0.051585 0.793533 0.102626 0.597588
1403715985534057984 0.261603 -0.756456 1.163311 -0.050517 0.801681 0.086751 0.589263
1403715985634057984 0.180331 -0.694070 1.164567 -0.045239 0.817347 0.066527 0.570502
1403715985734057984 0.099495 -0.632190 1.162178 -0.040567 0.835068 0.047391 0.546598
1403715985834057984 0.025138 -0.569722 1.152954 -0.044775 0.847341 0.024737 0.528580
1403715985934057984 -0.039220 -0.504770 1.133267 -0.046745 0.848595 0.006470 0.526933
1403715986034057984 -0.092131 -0.439433 1.100190 -0.046456 0.843787 -0.005800 0.534632
1403715986134057984 -0.146501 -0.377157 1.060149 -0.046770 0.837560 -0.014737 0.544140
1403715986234057984 -0.192009 -0.326756 1.012545 -0.047251 0.832725 -0.019254 0.551331
1403715986334057984 -0.238209 -0.278663 0.967079 -0.037568 0.828161 -0.014623 0.559038
1403715986434057984 -0.270360 -0.244426 0.919716 -0.025729 0.819751 -0.006377 0.572107
1403715986534057984 -0.304704 -0.210842 0.867289 -0.019275 0.823219 0.000113 0.567396
1403715986634057984 -0.350267 -0.176884 0.813376 -0.015775 0.837041 0.004384 0.546895
1403715986734057984 -0.383908 -0.144728 0.757660 -0.015201 0.849080 0.006527 0.528005
1403715986834057984 -0.400101 -0.116484 0.706698 -0.014731 0.850748 0.008669 0.525296
1403715986934057984 -0.404011 -0.089150 0.661132 -0.015068 0.844554 0.008328 0.535194
1403715987034057984 -0.407538 -0.061495 0.618964 -0.017251 0.831256 -0.001274 0.555621
1403715987134057984 -0.398125 -0.040824 0.577783 -0.021861 0.818260 -0.019942 0.574086
1403715987234057984 -0.397286 -0.022149 0.539865 -0.024462 0.807642 -0.040836 0.587749
1403715987334057984 -0.396262 -0.013895 0.504046 -0.020394 0.801767 -0.056305 0.594628
1403715987434057984 -0.400422 -0.013598 0.470485 -0.004111 0.802528 -0.056947 0.593876
1403715987534057984 -0.408774 -0.016244 0.436815 0.011146 0.807342 -0.053038 0.587590
1403715987634057984 -0.419702 -0.019831 0.403049 0.018698 0.812410 -0.050190 0.580622
1403715987734057984 -0.431585 -0.025150 0.372289 0.022724 0.814976 -0.046533 0.577176
1403715987834057984 -0.444074 -0.030689 0.340985 0.024817 0.822297 -0.042696 0.566912
1403715987934057984 -0.455636 -0.035934 0.311109 0.024150 0.831286 -0.039854 0.553887
1403715988034057984 -0.462347 -0.040532 0.282477 0.023343 0.835667 -0.036518 0.547523
1403715988134057984 -0.462545 -0.044271 0.259643 0.021782 0.830774 -0.033679 0.555163
1403715988234057984 -0.458101 -0.047867 0.239841 0.022015 0.823531 -0.029808 0.566060
1403715988334057984 -0.452448 -0.050101 0.221493 0.023252 0.816269 -0.026408 0.576599
1403715988434057984 -0.447193 -0.049805 0.205517 0.019188 0.811266 -0.027714 0.583705
1403715988534057984 -0.442162 -0.046493 0.191930 0.010519 0.809022 -0.034060 0.586696
1403715988634057984 -0.442847 -0.045050 0.179107 0.001172 0.809056 -0.041402 0.586270
1403715988734057984 -0.446689 -0.047098 0.167345 -0.007658 0.811710 -0.048749 0.581972
1403715988834057984 -0.450872 -0.054298 0.158115 -0.006790 0.817905 -0.049301 0.573196
1403715988934057984 -0.456602 -0.066044 0.152333 0.000783 0.822856 -0.045487 0.566426
1403715989034057984 -0.461274 -0.081226 0.150421 0.008132 0.824520 -0.041899 0.564221
1403715989134057984 -0.465207 -0.098037 0.149046 0.012509 0.824855 -0.040627 0.563743
1403715989234057984 -0.466559 -0.115779 0.147870 0.014750 0.825348 -0.040527 0.562975
1403715989334057984 -0.466894 -0.134464 0.146934 0.015913 0.824636 -0.041116 0.563943
1403715989434057984 -0.464732 -0.153749 0.147025 0.017250 0.824504 -0.041095 0.564099
1403715989534057984 -0.460659 -0.173529 0.146550 0.016880 0.824911 -0.041976 0.563449
1403715989634057984 -0.454442 -0.194308 0.147507 0.018966 0.821298 -0.040854 0.568718
1403715989734057984 -0.447063 -0.214508 0.146685 0.020924 0.815806 -0.039118 0.576622
1403715989834057984 -0.439382 -0.233659 0.141531 0.023228 0.812666 -0.036514 0.581121
1403715989934057984 -0.433884 -0.251959 0.133294 0.026913 0.811307 -0.032621 0.583089
1403715990034057984 -0.430471 -0.268001 0.124282 0.027977 0.811950 -0.029942 0.582286
1403715990134057984 -0.428784 -0.279884 0.114197 0.027971 0.812971 -0.028578 0.580929
1403715990234057984 -0.429698 -0.289575 0.102606 0.028189 0.814675 -0.026789 0.578612
1403715990334057984 -0.431404 -0.294116 0.088753 0.028944 0.815341 -0.025131 0.577710
1403715990434057984 -0.434736 -0.291444 0.072241 0.030107 0.816428 -0.023534 0.576182
1403715990534057984 -0.435267 -0.288589 0.046465 0.030987 0.817767 -0.022318 0.574281
1403715990634057984 -0.436653 -0.283103 0.015960 0.031500 0.820276 -0.021514 0.570694
1403715990734057984 -0.436415 -0.274462 -0.017678 0.031366 0.823617 -0.020939 0.565892
1403715990834057984 -0.433386 -0.262788 -0.051098 0.031139 0.826141 -0.020442 0.562231
1403715990934057984 -0.427476 -0.246400 -0.080652 0.031695 0.828233 -0.019656 0.559142
1403715991034057984 -0.417285 -0.225001 -0.104509 0.032615 0.826668 -0.018113 0.561452
1403715991134057984 -0.404770 -0.201508 -0.120058 0.026830 0.819445 -0.022162 0.572100
1403715991234057984 -0.402210 -0.192095 -0.117327 0.035606 0.820035 -0.014407 0.571024
1403715991334057984 -0.402946 -0.192657 -0.120601 0.034450 0.817285 -0.016316 0.574972
1403715991434057984 -0.404515 -0.194611 -0.124643 0.027582 0.817750 -0.021283 0.574518
1403715991534057984 -0.405187 -0.195477 -0.124856 0.026166 0.817846 -0.022247 0.574412
1403715991634057984 -0.404545 -0.195512 -0.123550 0.025544 0.817834 -0.022797 0.574435
1403715991734057984 -0.403144 -0.194910 -0.123353 0.025127 0.817456 -0.023095 0.574979
1403715991834057984 -0.401800 -0.194929 -0.123301 0.024964 0.817859 -0.023247 0.574407
1403715991934057984 -0.401660 -0.194975 -0.123180 0.025165 0.817940 -0.023120 0.574288
1403715992034057984 -0.401666 -0.194797 -0.123282 0.025137 0.817856 -0.023126 0.574408
1403715992134057984 -0.401867 -0.194770 -0.123074 0.025226 0.817780 -0.023051 0.574516
1403715992234057984 -0.401812 -0.194653 -0.123268 0.025216 0.817990 -0.023012 0.574219
1403715992334057984 -0.401678 -0.194606 -0.123463 0.025089 0.818025 -0.023112 0.574171
1403715992434057984 -0.401735 -0.194612 -0.123493 0.025029 0.817962 -0.023245 0.574257
1403715992534057984 -0.401669 -0.194564 -0.123293 0.024967 0.817943 -0.023319 0.574285
1403715992634057984 -0.401669 -0.194517 -0.123746 0.025062 0.817985 -0.023331 0.574220
1403715992734057984 -0.401606 -0.194435 -0.123959 0.024878 0.817998 -0.023403 0.574206
1403715992834057984 -0.401585 -0.194357 -0.124120 0.024968 0.818053 -0.023511 0.574119
1403715992934057984 -0.401578 -0.194238 -0.124192 0.024923 0.818048 -0.023535 0.574128
1403715993034057984 -0.401456 -0.194245 -0.124183 0.024911 0.818119 -0.023558 0.574026
1403715993134057984 -0.401215 -0.194206 -0.124440 0.024878 0.818172 -0.023611 0.573949
1403715993234057984 -0.401103 -0.194150 -0.124329 0.024861 0.818185 -0.023615 0.573932
1403715993334057984 -0.400832 -0.194173 -0.123650 0.024814 0.818196 -0.023618 0.573918
1403715993434057984 -0.400728 -0.194123 -0.124064 0.024732 0.818207 -0.023727 0.573901
1403715993534057984 -0.400626 -0.194098 -0.124171 0.024823 0.818234 -0.023693 0.573860
1403715993634057984 -0.400455 -0.194232 -0.123263 0.024775 0.818292 -0.023747 0.573777
1403715993734057984 -0.400914 -0.194039 -0.122818 0.025016 0.817816 -0.023707 0.574446
1403715993834057984 -0.400408 -0.194522 -0.123810 0.024718 0.817887 -0.023859 0.574352
1403715993934057984 -0.399942 -0.194641 -0.123715 0.024496 0.818577 -0.024120 0.573367
