1413393218005760512 -0.118776 0.221655 0.254712 0.084264 0.836059 -0.042580 0.540455
1413393218105760512 -0.140224 0.267009 0.281361 0.076420 0.835871 -0.045983 0.541632
1413393218205760512 -0.161043 0.309799 0.300155 0.065630 0.835424 -0.053836 0.543012
1413393218305760512 -0.185463 0.350517 0.309581 0.055368 0.836348 -0.062996 0.541745
1413393218405760512 -0.212611 0.387126 0.312375 0.059595 0.836168 -0.060148 0.541899
1413393218505760512 -0.242768 0.420637 0.310284 0.069648 0.835852 -0.052566 0.541976
1413393218605760512 -0.290002 0.437186 0.300075 0.065952 0.830615 -0.039176 0.551538
1413393218705760512 -0.332852 0.377279 0.282390 0.018857 0.832597 -0.004474 0.553539
1413393218805760512 -0.342874 0.433176 0.264935 0.046135 0.831941 -0.023854 0.552428
1413393218905760512 -0.414342 0.421285 0.270920 0.003179 0.837087 -0.005008 0.547038
1413393219005760512 -0.458153 0.439874 0.273029 -0.009284 0.841008 -0.002379 0.540938
1413393219105760512 -0.436551 0.494340 0.278869 0.024131 0.851945 -0.026683 0.522394
1413393219205760512 -0.451151 0.518721 0.281754 0.023174 0.846322 -0.027967 0.531432
1413393219305760512 -0.457190 0.544655 0.290723 0.026866 0.843332 -0.030205 0.535871
1413393219405760512 -0.458615 0.564829 0.300756 0.027533 0.841754 -0.032446 0.538181
1413393219505760512 -0.455698 0.586604 0.305090 0.032865 0.838568 -0.035702 0.542632
1413393219605760512 -0.454774 0.600557 0.303521 0.032010 0.836026 -0.034141 0.546691
1413393219705760512 -0.441870 0.618745 0.299249 0.041750 0.829560 -0.039858 0.555427
1413393219805760512 -0.394486 0.650738 0.297017 0.087657 0.820633 -0.066384 0.560778
1413393219905760512 -0.418767 0.640473 0.340110 0.054028 0.823239 -0.038863 0.563780
1413393220005760512 -0.404162 0.652434 0.369771 0.065082 0.820014 -0.042731 0.567023
1413393220105760512 -0.395233 0.661566 0.393551 0.069133 0.818651 -0.043955 0.568419
1413393220205760512 -0.382085 0.674328 0.412994 0.079329 0.818029 -0.048697 0.567595
1413393220305760512 -0.390458 0.678657 0.440696 0.065755 0.817637 -0.038003 0.570703
1413393220405760512 -0.396122 0.687582 0.468979 0.053281 0.815466 -0.030608 0.575534
1413393220505760512 -0.391987 0.700142 0.491006 0.055341 0.819388 -0.032156 0.569655
1413393220605760512 -0.362141 0.724923 0.497745 0.097945 0.819844 -0.062252 0.560702
1413393220705760512 -0.387408 0.727882 0.513636 0.062809 0.820212 -0.040035 0.567189
1413393220805760512 -0.390832 0.742533 0.513927 0.058109 0.821162 -0.045983 0.565865
1413393220905760512 -0.400922 0.749326 0.519558 0.034179 0.824270 -0.039603 0.563776
1413393221005760512 -0.392964 0.763887 0.530563 0.050380 0.823041 -0.051593 0.563386
1413393221105760512 -0.395761 0.770390 0.556760 0.048467 0.823882 -0.049631 0.562501
1413393221205760512 -0.392751 0.775773 0.582381 0.056536 0.824492 -0.052825 0.560559
1413393221305760512 -0.391577 0.776884 0.610567 0.059696 0.825919 -0.052164 0.558188
1413393221405760512 -0.388819 0.776082 0.639453 0.061617 0.827520 -0.051074 0.555702
1413393221505760512 -0.384154 0.774417 0.667003 0.064399 0.828018 -0.048334 0.554890
1413393221605760512 -0.377300 0.772127 0.684820 0.068593 0.828180 -0.044627 0.554456
1413393221705760512 -0.369182 0.771603 0.703305 0.070510 0.824465 -0.042485 0.559893
1413393221805760512 -0.355939 0.771001 0.717810 0.070617 0.819787 -0.041886 0.566752
1413393221905760512 -0.341457 0.771554 0.733602 0.071036 0.817522 -0.041455 0.569993
1413393222005760512 -0.330918 0.773568 0.748056 0.072092 0.815279 -0.043249 0.572933
1413393222105760512 -0.317857 0.774310 0.748846 0.071777 0.814313 -0.043977 0.574290
1413393222205760512 -0.310108 0.772797 0.738004 0.064051 0.815173 -0.038139 0.574401
1413393222305760512 -0.302591 0.772296 0.713710 0.055637 0.819091 -0.032532 0.570032
1413393222405760512 -0.294975 0.772204 0.686184 0.048045 0.826359 -0.028405 0.560370
1413393222505760512 -0.284990 0.773041 0.663095 0.044929 0.831419 -0.025912 0.553220
1413393222605760512 -0.269903 0.774225 0.648006 0.038667 0.834510 -0.024898 0.549070
1413393222705760512 -0.251307 0.776772 0.644958 0.037222 0.835852 -0.022495 0.547230
1413393222805760512 -0.225681 0.778151 0.648408 0.035151 0.838683 -0.023152 0.542991
1413393222905760512 -0.197507 0.781230 0.662385 0.032343 0.840523 -0.022446 0.540343
1413393223005760512 -0.162360 0.783783 0.682746 0.032800 0.840604 -0.020430 0.540270
1413393223105760512 -0.122414 0.785482 0.705708 0.032351 0.837247 -0.019779 0.545509
1413393223205760512 -0.076431 0.786644 0.727454 0.035887 0.834721 -0.016532 0.549253
1413393223305760512 -0.030590 0.788271 0.749043 0.038569 0.832314 -0.015854 0.552734
1413393223405760512 0.018680 0.792542 0.756428 0.037295 0.830869 -0.012780 0.555070
1413393223505760512 0.070382 0.789662 0.743059 0.044439 0.826334 -0.015012 0.561224
1413393223605760512 0.119828 0.792563 0.711332 0.044097 0.822525 -0.014653 0.566827
1413393223705760512 0.171551 0.754946 0.670862 0.078283 0.815846 -0.038576 0.571646
1413393223805760512 0.221088 0.799265 0.632138 0.048959 0.818976 -0.019556 0.571401
1413393223905760512 0.270364 0.806468 0.615236 0.053641 0.819204 -0.022475 0.570545
1413393224005760512 0.318167 0.818389 0.611377 0.055196 0.818625 -0.024542 0.571143
1413393224105760512 0.367494 0.843509 0.606007 0.049092 0.819028 -0.023261 0.571176
1413393224205760512 0.419481 0.833034 0.598463 0.066508 0.815497 -0.035757 0.573814
1413393224305760512 0.464957 0.835460 0.578264 0.075440 0.812945 -0.040666 0.575999
1413393224405760512 0.512186 0.848466 0.548137 0.078632 0.811633 -0.044223 0.577160
1413393224505760512 0.555622 0.861852 0.508188 0.081709 0.809155 -0.053404 0.579430
1413393224605760512 0.597073 0.877697 0.461123 0.083400 0.806642 -0.068173 0.581141
1413393224705760512 0.635687 0.891991 0.415785 0.087618 0.805152 -0.085958 0.580228
1413393224805760512 0.667493 0.910281 0.373512 0.091642 0.805392 -0.101963 0.576670
1413393224905760512 0.694608 0.933929 0.341332 0.093543 0.805125 -0.113293 0.574620
1413393225005760512 0.716404 0.977798 0.319976 0.086617 0.808376 -0.113058 0.571178
1413393225105760512 0.735190 1.031895 0.310186 0.074214 0.813561 -0.103622 0.567338
1413393225205760512 0.758386 1.053745 0.308469 0.072668 0.813921 -0.103964 0.566960
1413393225305760512 0.786872 1.083255 0.300969 0.065713 0.816727 -0.099983 0.564484
1413393225405760512 0.815356 1.088462 0.301755 0.070745 0.814773 -0.110681 0.564703
1413393225505760512 0.845618 1.085860 0.303285 0.079273 0.811529 -0.130013 0.564122
1413393225605760512 0.886355 1.086779 0.299346 0.085527 0.808484 -0.150904 0.562375
1413393225705760512 0.922968 1.080028 0.302135 0.098246 0.802468 -0.173936 0.562263
1413393225805760512 0.952235 1.068934 0.310851 0.118723 0.795800 -0.193401 0.561430
1413393225905760512 0.976999 1.055502 0.316113 0.143780 0.788582 -0.210451 0.559621
1413393226005760512 1.000805 1.041625 0.303504 0.167595 0.781647 -0.225320 0.556929
1413393226105760512 1.026265 1.030055 0.279989 0.182275 0.773957 -0.243550 0.555383
1413393226205760512 1.054972 1.022467 0.260924 0.188656 0.767641 -0.260622 0.554268
1413393226305760512 1.086295 1.016094 0.256580 0.188780 0.764253 -0.274273 0.552317
1413393226405760512 1.117292 1.008269 0.258078 0.185241 0.765216 -0.285641 0.546387
1413393226505760512 1.147168 0.999942 0.255304 0.182232 0.768366 -0.295273 0.537791
1413393226605760512 1.176779 0.989256 0.244259 0.180996 0.769873 -0.302453 0.532032
1413393226705760512 1.206352 0.973524 0.230983 0.188709 0.769170 -0.302141 0.530544
1413393226805760512 1.236857 0.953345 0.219230 0.201211 0.767112 -0.296825 0.531929
1413393226905760512 1.267080 0.933598 0.209871 0.210472 0.766634 -0.292244 0.531570
1413393227005760512 1.297860 0.914698 0.202798 0.215098 0.766462 -0.290315 0.531025
1413393227105760512 1.336471 0.896156 0.197934 0.214546 0.764969 -0.289490 0.533843
1413393227205760512 1.371677 0.879988 0.193538 0.211915 0.762212 -0.292350 0.537267
1413393227305760512 1.412783 0.863635 0.192515 0.206135 0.760248 -0.295959 0.540315
1413393227405760512 1.449026 0.848459 0.190916 0.204534 0.759122 -0.299083 0.540785
1413393227505760512 1.488808 0.831516 0.192032 0.202192 0.758560 -0.301262 0.541245
1413393227605760512 1.526795 0.812571 0.189432 0.202642 0.755245 -0.306214 0.542932
1413393227705760512 1.563099 0.792617 0.191763 0.206874 0.752056 -0.314462 0.541044
1413393227805760512 1.597148 0.769872 0.188406 0.213995 0.747394 -0.325864 0.537978
1413393227905760512 1.628908 0.745339 0.184614 0.221528 0.739963 -0.341659 0.535396
1413393228005760512 1.656251 0.720109 0.181670 0.232510 0.730629 -0.359489 0.531872
1413393228105760512 1.682342 0.692003 0.178396 0.246484 0.720944 -0.377868 0.526024
1413393228205760512 1.706293 0.661735 0.175370 0.260469 0.712824 -0.396123 0.516841
1413393228305760512 1.728148 0.630423 0.173387 0.274009 0.706579 -0.408980 0.508331
1413393228405760512 1.748935 0.597723 0.172894 0.286384 0.700218 -0.420059 0.501227
1413393228505760512 1.767812 0.564091 0.173638 0.298191 0.691010 -0.432151 0.496824
1413393228605760512 1.785894 0.531055 0.174044 0.308113 0.682542 -0.444582 0.491477
1413393228705760512 1.803520 0.498485 0.174578 0.313987 0.677058 -0.454576 0.486174
1413393228805760512 1.822497 0.465241 0.175130 0.314372 0.674680 -0.463256 0.481011
1413393228905760512 1.842295 0.430252 0.172835 0.310455 0.674968 -0.471455 0.475149
1413393229005760512 1.859687 0.394749 0.170662 0.311662 0.675271 -0.473228 0.472156
1413393229105760512 1.877878 0.354341 0.165696 0.320885 0.677563 -0.467073 0.468811
1413393229205760512 1.895761 0.315693 0.158715 0.328617 0.678934 -0.461190 0.467293
1413393229305760512 1.916539 0.276034 0.147749 0.333888 0.679864 -0.455836 0.467458
1413393229405760512 1.939822 0.237654 0.132956 0.334734 0.678646 -0.453169 0.471202
1413393229505760512 1.967855 0.198238 0.118977 0.328593 0.673929 -0.455731 0.479745
1413393229605760512 1.996751 0.157397 0.105326 0.318970 0.672054 -0.460333 0.484453
1413393229705760512 2.025143 0.115670 0.094283 0.310156 0.673591 -0.464612 0.483957
1413393229805760512 2.051389 0.073556 0.086926 0.303721 0.677180 -0.467601 0.480135
1413393229905760512 2.076142 0.028068 0.083490 0.298916 0.682250 -0.469596 0.473987
1413393230005760512 2.101038 -0.022412 0.084963 0.301049 0.685940 -0.466737 0.470119
1413393230105760512 2.130305 -0.083181 0.087463 0.311387 0.688170 -0.457273 0.469426
1413393230205760512 2.160563 -0.144878 0.090242 0.318042 0.689436 -0.450352 0.469798
1413393230305760512 2.197801 -0.213073 0.085645 0.320566 0.688322 -0.445961 0.473888
1413393230405760512 2.235547 -0.278933 0.077846 0.316069 0.686138 -0.447279 0.478807
1413393230505760512 2.273677 -0.343709 0.069132 0.312047 0.682475 -0.453024 0.481273
1413393230605760512 2.309233 -0.406190 0.063166 0.311156 0.675258 -0.464705 0.480892
1413393230705760512 2.342030 -0.470065 0.064100 0.314532 0.665850 -0.479306 0.477472
1413393230805760512 2.372466 -0.538913 0.067615 0.321388 0.654455 -0.495023 0.472600
1413393230905760512 2.401396 -0.613656 0.073287 0.333529 0.643172 -0.510067 0.463595
1413393231005760512 2.428834 -0.693566 0.083006 0.351749 0.635641 -0.519743 0.449555
1413393231105760512 2.458931 -0.779141 0.093797 0.369252 0.630478 -0.524772 0.436767
1413393231205760512 2.491334 -0.864458 0.105526 0.379902 0.626264 -0.529156 0.428323
1413393231305760512 2.527899 -0.950184 0.115622 0.385079 0.622073 -0.533077 0.424933
1413393231405760512 2.567479 -1.034044 0.115549 0.383588 0.615763 -0.538643 0.428438
1413393231505760512 2.607710 -1.115096 0.107828 0.382804 0.605084 -0.541741 0.440286
1413393231605760512 2.646816 -1.193362 0.093724 0.386020 0.592658 -0.539440 0.456891
1413393231705760512 2.681356 -1.263750 0.074428 0.388942 0.585216 -0.539806 0.463526
1413393231805760512 2.709455 -1.325808 0.055949 0.388947 0.581622 -0.547178 0.459384
1413393231905760512 2.732064 -1.383598 0.040682 0.383322 0.576767 -0.561586 0.452797
1413393232005760512 2.748805 -1.440430 0.032744 -0.380110 -0.569081 0.577367 -0.445320
1413393232105760512 2.756361 -1.496647 0.027294 -0.385345 -0.561715 0.589873 -0.433630
1413393232205760512 2.757602 -1.552065 0.024903 -0.397506 -0.552609 0.599746 -0.420616
1413393232305760512 2.753627 -1.606855 0.018686 -0.410576 -0.541275 0.609460 -0.408665
1413393232405760512 2.744675 -1.660106 0.006350 -0.418765 -0.527878 0.622595 -0.397941
1413393232505760512 2.731077 -1.711751 -0.013202 -0.425615 -0.515136 0.635441 -0.386913
1413393232605760512 2.713465 -1.762362 -0.039100 -0.430943 -0.505207 0.644374 -0.379257
1413393232705760512 2.691959 -1.812835 -0.066663 -0.434907 -0.497288 0.650366 -0.374947
1413393232805760512 2.666357 -1.864533 -0.091110 -0.438428 -0.494025 0.653327 -0.369978
1413393232905760512 2.636628 -1.917606 -0.112482 -0.440089 -0.492785 0.654935 -0.366804
1413393233005760512 2.603253 -1.973049 -0.128903 -0.443958 -0.496002 0.653636 -0.360061
1413393233105760512 2.567557 -2.029011 -0.136939 -0.445916 -0.500559 0.652049 -0.354164
1413393233205760512 2.530770 -2.085621 -0.136397 -0.448048 -0.502497 0.650333 -0.351877
1413393233305760512 2.493142 -2.143665 -0.125971 -0.456869 -0.498175 0.647951 -0.351073
1413393233405760512 2.455862 -2.201981 -0.107569 -0.468569 -0.487967 0.647212 -0.351351
1413393233505760512 2.420078 -2.258497 -0.081099 -0.478255 -0.475099 0.650960 -0.349005
1413393233605760512 2.385337 -2.312550 -0.049411 -0.484536 -0.463292 0.660056 -0.338986
1413393233705760512 2.352633 -2.363847 -0.012882 -0.487411 -0.453082 0.673628 -0.321515
1413393233805760512 2.321849 -2.415330 0.033207 -0.497537 -0.439279 0.681119 -0.309141
1413393233905760512 2.295501 -2.465118 0.080847 0.507711 0.424164 -0.684684 0.305814
1413393234005760512 2.271921 -2.511916 0.126711 0.513873 0.407614 -0.691552 0.302557
1413393234105760512 2.251203 -2.554141 0.171221 0.513640 0.390714 -0.703490 0.297689
1413393234205760512 2.230779 -2.594385 0.209139 0.513026 0.376645 -0.714134 0.291472
1413393234305760512 2.209336 -2.631682 0.239140 0.521582 0.351363 -0.716808 0.301135
1413393234405760512 2.185938 -2.661974 0.262506 0.530961 0.320768 -0.717694 0.316392
1413393234505760512 2.159948 -2.679487 0.278783 0.538268 0.297937 -0.720334 0.320343
1413393234605760512 2.131761 -2.678964 0.295505 0.551199 0.288272 -0.722268 0.302337
1413393234705760512 2.102451 -2.661247 0.325240 0.566274 0.295604 -0.724902 0.257816
1413393234805760512 2.080489 -2.629959 0.367594 0.568453 0.299444 -0.734988 0.216765
1413393234905760512 2.065399 -2.595654 0.401998 0.561955 0.289028 -0.750287 0.194267
1413393235005760512 2.055082 -2.562293 0.417550 0.557256 0.266572 -0.763660 0.187691
1413393235105760512 2.047897 -2.529438 0.411562 0.555455 0.238576 -0.774560 0.186033
1413393235205760512 2.040561 -2.496788 0.389286 0.557307 0.217069 -0.782366 0.173764
1413393235305760512 2.031163 -2.464382 0.364764 0.559766 0.206931 -0.788732 0.147456
1413393235405760512 2.021694 -2.435759 0.341873 0.557689 0.201212 -0.795687 0.124015
1413393235505760512 2.007755 -2.415194 0.321204 0.553719 0.198411 -0.801626 0.106884
1413393235605760512 1.991878 -2.403643 0.304970 0.561407 0.201324 -0.798134 0.085278
1413393235705760512 1.976091 -2.403787 0.291107 0.570758 0.199056 -0.793350 0.072167
1413393235805760512 1.963621 -2.416724 0.280307 0.575171 0.190552 -0.792010 0.074754
1413393235905760512 1.954423 -2.438216 0.272004 0.577289 0.171302 -0.792568 0.096070
1413393236005760512 1.948933 -2.461657 0.267644 0.579393 0.150517 -0.793064 0.112687
1413393236105760512 1.944834 -2.483731 0.266435 0.580874 0.129948 -0.794626 0.119449
1413393236205760512 1.943872 -2.498898 0.272198 0.581287 0.113247 -0.798154 0.110592
1413393236305760512 1.947558 -2.508483 0.281593 0.580985 0.103907 -0.802713 0.085507
1413393236405760512 1.951656 -2.517202 0.292567 0.580441 0.088861 -0.806812 0.065167
1413393236505760512 1.955404 -2.527627 0.304940 0.577477 0.068989 -0.811788 0.052552
1413393236605760512 1.956012 -2.540636 0.316917 0.567104 0.049135 -0.821173 0.040670
1413393236705760512 1.951670 -2.555834 0.324039 0.558829 0.030116 -0.828073 0.033145
1413393236805760512 1.940999 -2.571785 0.320487 0.559129 0.009227 -0.828318 0.034324
1413393236905760512 1.922088 -2.585249 0.314243 0.563718 -0.004497 -0.825338 0.031933
1413393237005760512 1.898512 -2.592507 0.320175 0.572554 -0.007419 -0.819497 0.023505
1413393237105760512 1.872191 -2.595620 0.338398 0.578682 -0.002315 -0.815478 0.010817
1413393237205760512 1.843822 -2.597169 0.360043 0.585144 0.008593 -0.810871 -0.004568
1413393237305760512 1.816739 -2.600578 0.369338 0.586581 0.016275 -0.809610 -0.013787
1413393237405760512 1.791272 -2.610748 0.365366 0.587067 0.021118 -0.809091 -0.016654
1413393237505760512 1.770528 -2.626335 0.354953 0.588411 0.018484 -0.808319 -0.007224
1413393237605760512 1.750870 -2.645876 0.344571 0.588426 0.010075 -0.808413 0.011034
1413393237705760512 1.728488 -2.667230 0.334471 0.585231 0.002818 -0.810392 0.027606
1413393237805760512 1.707137 -2.685403 0.327944 0.582033 0.000902 -0.812363 0.036114
1413393237905760512 1.686855 -2.698073 0.322854 0.577455 0.005132 -0.815688 0.034236
1413393238005760512 1.666383 -2.706929 0.316680 0.571960 0.012791 -0.819814 0.024562
1413393238105760512 1.644929 -2.713914 0.310397 0.565542 0.021451 -0.824349 0.012276
1413393238205760512 1.619483 -2.722548 0.307754 0.564026 0.024789 -0.825380 0.002826
1413393238305760512 1.588587 -2.734277 0.311835 0.563040 0.024793 -0.826052 -0.003065
1413393238405760512 1.553019 -2.750006 0.327106 0.562970 0.021396 -0.826189 -0.004243
1413393238505760512 1.510975 -2.769101 0.348533 0.566455 0.011198 -0.824003 0.004746
1413393238605760512 1.468239 -2.788483 0.363545 0.572429 -0.003686 -0.819671 0.021223
1413393238705760512 1.430742 -2.803240 0.372709 0.575318 -0.016403 -0.817004 0.035293
1413393238805760512 1.387037 -2.814004 0.372375 0.577433 -0.022503 -0.815103 0.040874
1413393238905760512 1.342664 -2.817094 0.371597 0.578365 -0.019128 -0.814869 0.033415
1413393239005760512 1.295187 -2.814514 0.370991 0.579454 -0.008657 -0.814811 0.015546
1413393239105760512 1.247514 -2.809964 0.371350 0.579269 0.000816 -0.815135 0.000821
1413393239205760512 1.203970 -2.806253 0.376502 0.578952 0.006218 -0.815301 -0.007787
1413393239305760512 1.160025 -2.805685 0.381587 0.578863 0.007644 -0.815294 -0.012435
1413393239405760512 1.111976 -2.809352 0.384449 0.577604 0.008022 -0.816159 -0.013924
1413393239505760512 1.064528 -2.816789 0.391232 0.576834 0.008982 -0.816668 -0.015302
1413393239605760512 1.014523 -2.829214 0.398555 0.575781 0.005377 -0.817534 -0.009189
1413393239705760512 0.963031 -2.844615 0.407642 0.575935 -0.006920 -0.817415 0.009168
1413393239805760512 0.913971 -2.856885 0.419903 0.575619 -0.015819 -0.817228 0.023454
1413393239905760512 0.865880 -2.864095 0.431328 0.572976 -0.016227 -0.819044 0.024537
1413393240005760512 0.810072 -2.867579 0.442541 0.574025 -0.011729 -0.818539 0.018752
1413393240105760512 0.755082 -2.868856 0.455380 0.577506 -0.002221 -0.816358 0.006393
1413393240205760512 0.697565 -2.869662 0.466141 0.580492 0.006404 -0.814233 -0.003678
1413393240305760512 0.642170 -2.873005 0.466760 0.579611 0.009021 -0.814824 -0.005625
1413393240405760512 0.586404 -2.879010 0.457994 0.579678 0.004986 -0.814830 0.001155
1413393240505760512 0.532126 -2.886131 0.440971 0.580562 -0.001598 -0.814134 0.011462
1413393240605760512 0.476170 -2.891787 0.425390 0.581394 -0.007423 -0.813357 0.019428
1413393240705760512 0.416038 -2.894489 0.422539 0.580748 -0.009236 -0.813808 0.019031
1413393240805760512 0.354239 -2.895257 0.438622 0.584462 -0.006518 -0.811327 0.010493
1413393240905760512 0.290899 -2.894638 0.450410 0.590808 -0.003974 -0.806800 0.001985
1413393241005760512 0.232678 -2.895012 0.447756 0.597952 -0.003549 -0.801517 -0.003400
1413393241105760512 0.179020 -2.895672 0.431003 0.601889 -0.008890 -0.798530 -0.000823
1413393241205760512 0.131611 -2.896785 0.403112 0.600477 -0.018487 -0.799385 0.008299
1413393241305760512 0.091363 -2.896357 0.375820 0.595286 -0.026477 -0.802936 0.015053
1413393241405760512 0.055247 -2.891551 0.347358 0.583048 -0.029201 -0.811779 0.014714
1413393241505760512 0.017528 -2.882734 0.325030 0.578016 -0.026201 -0.815576 0.006878
1413393241605760512 -0.022720 -2.871326 0.306711 0.581606 -0.019856 -0.813218 -0.003970
1413393241705760512 -0.061637 -2.859740 0.289879 0.585337 -0.013448 -0.810581 -0.012611
1413393241805760512 -0.100598 -2.850118 0.273583 0.584761 -0.009767 -0.810974 -0.016739
1413393241905760512 -0.138936 -2.843675 0.259557 0.585374 -0.007361 -0.810526 -0.018204
1413393242005760512 -0.181875 -2.840703 0.245837 0.590798 -0.004138 -0.806619 -0.017491
1413393242105760512 -0.219291 -2.842873 0.236676 0.598112 -0.001060 -0.801246 -0.016322
1413393242205760512 -0.248867 -2.848848 0.231584 0.608109 -0.002260 -0.793790 -0.009768
1413393242305760512 -0.271974 -2.857456 0.228993 0.612953 -0.003388 -0.790095 -0.005235
1413393242405760512 -0.287248 -2.868007 0.226551 0.607132 -0.008433 -0.794544 0.004356
1413393242505760512 -0.295485 -2.878600 0.224263 0.591826 -0.016784 -0.805699 0.017578
1413393242605760512 -0.297397 -2.885841 0.225139 0.578091 -0.022261 -0.815241 0.026391
1413393242705760512 -0.302210 -2.887497 0.229328 0.572597 -0.024379 -0.818919 0.030170
1413393242805760512 -0.310220 -2.883261 0.236793 0.573720 -0.024462 -0.817927 0.035256
1413393242905760512 -0.323247 -2.871686 0.244966 0.576515 -0.009359 -0.816498 0.029553
1413393243005760512 -0.337431 -2.856429 0.253982 0.573504 0.011501 -0.818785 0.023508
1413393243105760512 -0.352283 -2.842411 0.265472 0.569572 0.034000 -0.820827 0.025971
1413393243205760512 -0.370926 -2.830271 0.278548 0.572168 0.055847 -0.817384 0.037254
1413393243305760512 -0.391332 -2.819176 0.292923 0.584124 0.073586 -0.806866 0.048498
1413393243405760512 -0.411927 -2.808912 0.297538 0.592666 0.084922 -0.798801 0.058758
1413393243505760512 -0.429945 -2.799514 0.292961 0.596953 0.092778 -0.794139 0.066191
1413393243605760512 -0.444472 -2.790225 0.278935 0.597319 0.098603 -0.792676 0.071782
1413393243705760512 -0.453844 -2.781375 0.262869 0.594713 0.103448 -0.793880 0.073279
1413393243805760512 -0.457807 -2.773665 0.250662 0.590298 0.106800 -0.796702 0.073538
1413393243905760512 -0.458883 -2.766300 0.243108 0.588661 0.107850 -0.797694 0.074373
1413393244005760512 -0.457282 -2.760421 0.240042 0.588169 0.108875 -0.797896 0.074599
1413393244105760512 -0.452699 -2.756430 0.239407 0.588311 0.110266 -0.797820 0.072217
1413393244205760512 -0.444327 -2.755652 0.240064 0.587830 0.113932 -0.797514 0.073805
1413393244305760512 -0.432925 -2.758402 0.240992 0.585387 0.124387 -0.797239 0.079126
1413393244405760512 -0.419124 -2.764769 0.241305 0.583985 0.136362 -0.795298 0.088700
1413393244505760512 -0.402820 -2.772954 0.234746 0.584790 0.143395 -0.792132 0.099929
1413393244605760512 -0.383671 -2.780582 0.216086 0.583657 0.147640 -0.790902 0.109644
1413393244705760512 -0.362034 -2.788481 0.198537 0.582551 0.151143 -0.790035 0.116768
1413393244805760512 -0.334554 -2.793650 0.186589 0.579667 0.149077 -0.791062 0.126423
1413393244905760512 -0.307594 -2.796749 0.190349 0.577404 0.147129 -0.792094 0.132457
1413393245005760512 -0.284162 -2.796804 0.210529 0.575882 0.149120 -0.793247 0.129934
1413393245105760512 -0.259898 -2.792657 0.226328 0.569692 0.151632 -0.798077 0.124629
1413393245205760512 -0.237793 -2.786504 0.234479 0.561786 0.152874 -0.804056 0.120496
1413393245305760512 -0.220774 -2.779332 0.236930 0.559363 0.155145 -0.805988 0.115874
1413393245405760512 -0.204417 -2.773318 0.225215 0.561510 0.157545 -0.804596 0.111855
1413393245505760512 -0.187727 -2.768401 0.203980 0.565941 0.159652 -0.801591 0.108047
1413393245605760512 -0.171847 -2.765096 0.182519 0.571876 0.160866 -0.797639 0.104171
1413393245705760512 -0.155880 -2.764070 0.162462 0.575774 0.161549 -0.795250 0.099819
1413393245805760512 -0.138521 -2.765705 0.144952 0.574971 0.159391 -0.796661 0.096611
1413393245905760512 -0.119794 -2.770150 0.130537 0.572674 0.152877 -0.799261 0.099273
1413393246005760512 -0.099722 -2.776261 0.117394 0.566793 0.142934 -0.804155 0.107937
1413393246105760512 -0.082244 -2.781452 0.105285 0.558739 0.132130 -0.810234 0.117785
1413393246205760512 -0.067737 -2.784073 0.095549 0.556033 0.129711 -0.811424 0.124873
1413393246305760512 -0.058885 -2.784512 0.088852 0.560887 0.143189 -0.805919 0.124088
1413393246405760512 -0.053433 -2.784125 0.081698 0.568741 0.162522 -0.796986 0.122203
1413393246505760512 -0.046799 -2.781530 0.076322 0.575665 0.176473 -0.788570 0.124998
1413393246605760512 -0.039063 -2.778642 0.068896 0.577343 0.186663 -0.784615 0.127327
1413393246705760512 -0.028033 -2.776685 0.059745 0.574207 0.192685 -0.785240 0.128678
1413393246805760512 -0.016408 -2.776018 0.050853 0.573555 0.196144 -0.784661 0.129879
1413393246905760512 -0.004580 -2.777324 0.041495 0.574278 0.199144 -0.783200 0.130939
1413393247005760512 0.011043 -2.780564 0.026240 0.575877 0.201301 -0.780980 0.133842
1413393247105760512 0.028067 -2.785428 0.009753 0.575190 0.203554 -0.780518 0.136065
1413393247205760512 0.049199 -2.792143 -0.012011 0.570466 0.204496 -0.782924 0.140642
1413393247305760512 0.070244 -2.799760 -0.037408 0.557465 0.204699 -0.791285 0.145601
1413393247405760512 0.089089 -2.808702 -0.063670 0.543531 0.204316 -0.800200 0.150028
1413393247505760512 0.101918 -2.818409 -0.087810 0.534571 0.202997 -0.805395 0.156089
1413393247605760512 0.107038 -2.828264 -0.110129 0.528833 0.201788 -0.808216 0.162494
1413393247705760512 0.103038 -2.837762 -0.131662 0.527522 0.202074 -0.808021 0.167300
1413393247805760512 0.090769 -2.846450 -0.153326 0.526255 0.201742 -0.807323 0.174886
1413393247905760512 0.069875 -2.853263 -0.171201 0.535429 0.198775 -0.799549 0.185813
1413393248005760512 0.041832 -2.856261 -0.185173 0.558027 0.201264 -0.782950 0.187317
1413393248105760512 0.013225 -2.852453 -0.199028 0.572560 0.206976 -0.771735 0.183744
1413393248205760512 -0.012210 -2.841411 -0.213536 0.577339 0.212050 -0.767965 0.178730
1413393248305760512 -0.033831 -2.824596 -0.224192 0.571957 0.216258 -0.772602 0.170834
1413393248405760512 -0.050836 -2.803705 -0.232431 0.572579 0.216419 -0.772896 0.167178
1413393248505760512 -0.063176 -2.780574 -0.236921 0.581147 0.212407 -0.767235 0.168827
1413393248605760512 -0.072342 -2.755917 -0.233936 0.589269 0.207407 -0.762177 0.169793
1413393248705760512 -0.075467 -2.727506 -0.227357 0.590334 0.204650 -0.762632 0.167381
1413393248805760512 -0.071934 -2.695927 -0.215979 0.583912 0.204664 -0.769085 0.160210
1413393248905760512 -0.064478 -2.663144 -0.202080 0.568221 0.205725 -0.782503 0.149973
1413393249005760512 -0.055773 -2.632134 -0.189979 0.552689 0.204825 -0.795358 0.141373
1413393249105760512 -0.050527 -2.610825 -0.172430 0.546623 0.201685 -0.801271 0.135983
1413393249205760512 -0.054422 -2.607347 -0.147101 0.549445 0.196887 -0.801048 0.132920
1413393249305760512 -0.071797 -2.607894 -0.139557 0.554558 0.193052 -0.798861 0.130449
1413393249405760512 -0.078182 -2.594839 -0.142237 0.558759 0.194006 -0.796278 0.126847
1413393249505760512 -0.084576 -2.581283 -0.145733 0.562346 0.200649 -0.793282 0.119212
1413393249605760512 -0.090994 -2.572244 -0.152808 0.565666 0.211470 -0.789720 0.107916
1413393249705760512 -0.094727 -2.569761 -0.163777 0.569539 0.214644 -0.785825 0.109694
1413393249805760512 -0.095423 -2.573538 -0.179829 0.569891 0.212077 -0.784783 0.119846
1413393249905760512 -0.093352 -2.582129 -0.197908 0.571426 0.209006 -0.783128 0.128452
1413393250005760512 -0.088007 -2.593427 -0.215004 0.567547 0.207661 -0.785622 0.132532
1413393250105760512 -0.081369 -2.609095 -0.230995 0.560255 0.207884 -0.790991 0.131269
1413393250205760512 -0.075685 -2.627238 -0.244438 0.556597 0.205391 -0.794210 0.131319
1413393250305760512 -0.071070 -2.649360 -0.256680 0.560184 0.201831 -0.792668 0.130898
1413393250405760512 -0.066337 -2.675125 -0.268526 0.566454 0.194700 -0.789456 0.134090
1413393250505760512 -0.060870 -2.703186 -0.278235 0.574609 0.185231 -0.784079 0.143994
1413393250605760512 -0.052554 -2.729710 -0.287144 0.580360 0.176485 -0.779630 0.155605
1413393250705760512 -0.042611 -2.751774 -0.295576 0.578496 0.174667 -0.780957 0.157927
1413393250805760512 -0.030767 -2.769119 -0.302712 0.569954 0.175702 -0.786893 0.158370
1413393250905760512 -0.018944 -2.782959 -0.308337 0.561033 0.178774 -0.793193 0.155328
1413393251005760512 -0.009748 -2.793524 -0.310843 0.554738 0.179268 -0.798894 0.147975
1413393251105760512 -0.005086 -2.801774 -0.310139 0.556265 0.172123 -0.801242 0.137677
1413393251205760512 -0.003509 -2.807660 -0.305757 0.563859 0.155128 -0.801414 0.125431
1413393251305760512 -0.003395 -2.810866 -0.300290 0.573097 0.131965 -0.801459 0.108665
1413393251405760512 -0.004447 -2.811792 -0.291941 0.583137 0.104870 -0.800535 0.089980
1413393251505760512 -0.002836 -2.810705 -0.282182 0.593545 0.076688 -0.797896 0.072010
1413393251605760512 0.001482 -2.808158 -0.269305 0.602546 0.051261 -0.794627 0.053652
1413393251705760512 0.010796 -2.804763 -0.254500 0.609697 0.026815 -0.791350 0.036283
1413393251805760512 0.026387 -2.800319 -0.239277 0.609952 0.004003 -0.792220 0.018167
1413393251905760512 0.047536 -2.795632 -0.224082 0.598319 -0.018066 -0.801053 0.001169
1413393252005760512 0.071982 -2.790270 -0.207276 0.584750 -0.036479 -0.810144 -0.020098
1413393252105760512 0.096735 -2.786125 -0.188457 0.576267 -0.055787 -0.814504 -0.037256
1413393252205760512 0.119919 -2.783317 -0.167940 0.573967 -0.076493 -0.813796 -0.049468
1413393252305760512 0.141161 -2.781418 -0.147847 0.574787 -0.096491 -0.810112 -0.063464
1413393252405760512 0.160335 -2.780403 -0.129698 0.573790 -0.117832 -0.807013 -0.074901
1413393252505760512 0.177954 -2.779651 -0.117375 0.568627 -0.138932 -0.806823 -0.079992
1413393252605760512 0.192196 -2.777594 -0.112910 0.567694 -0.151178 -0.804660 -0.085974
1413393252705760512 0.203590 -2.773516 -0.115945 0.566790 -0.159429 -0.802882 -0.093339
1413393252805760512 0.213099 -2.767913 -0.121597 0.567501 -0.165179 -0.799711 -0.105458
1413393252905760512 0.221107 -2.762062 -0.125185 0.568389 -0.171082 -0.795944 -0.118905
1413393253005760512 0.227865 -2.757663 -0.125997 0.567990 -0.174415 -0.793579 -0.131149
1413393253105760512 0.231820 -2.756398 -0.124285 0.563333 -0.177127 -0.794798 -0.139922
1413393253205760512 0.232093 -2.758578 -0.122538 0.553177 -0.183633 -0.800735 -0.138195
1413393253305760512 0.226659 -2.762028 -0.120085 0.544587 -0.191010 -0.805898 -0.132168
1413393253405760512 0.214173 -2.764715 -0.115194 0.542365 -0.196030 -0.806898 -0.127780
1413393253505760512 0.195719 -2.765781 -0.108777 0.545026 -0.197891 -0.804988 -0.125621
1413393253605760512 0.173207 -2.764409 -0.097725 0.551304 -0.197768 -0.800793 -0.125230
1413393253705760512 0.146284 -2.761314 -0.083904 0.558477 -0.195283 -0.796114 -0.127162
1413393253805760512 0.116428 -2.756985 -0.070300 0.563022 -0.192446 -0.793182 -0.129746
1413393253905760512 0.085119 -2.752001 -0.054733 0.563632 -0.195855 -0.791648 -0.131354
1413393254005760512 0.052502 -2.746414 -0.037478 0.563560 -0.204881 -0.788861 -0.134619
1413393254105760512 0.020410 -2.739603 -0.016873 0.562131 -0.216859 -0.785489 -0.141378
1413393254205760512 -0.011861 -2.731910 0.005559 0.561306 -0.231660 -0.780085 -0.150784
1413393254305760512 -0.042815 -2.723594 0.030420 0.559104 -0.244020 -0.775426 -0.163004
1413393254405760512 -0.073599 -2.715627 0.056622 0.551704 -0.249640 -0.775442 -0.178867
1413393254505760512 -0.106091 -2.709343 0.082522 0.540640 -0.254681 -0.778800 -0.190569
1413393254605760512 -0.142800 -2.705431 0.108044 0.535125 -0.261879 -0.779757 -0.192456
1413393254705760512 -0.185485 -2.702950 0.133436 0.538916 -0.267333 -0.775793 -0.190390
1413393254805760512 -0.231785 -2.700146 0.159961 0.548500 -0.269562 -0.768581 -0.189119
1413393254905760512 -0.278264 -2.698660 0.183559 0.555608 -0.269400 -0.763885 -0.187623
1413393255005760512 -0.323494 -2.697260 0.204038 0.558773 -0.268029 -0.762502 -0.185806
1413393255105760512 -0.366952 -2.696568 0.222625 0.562489 -0.268914 -0.760578 -0.181143
1413393255205760512 -0.406590 -2.696240 0.238530 0.566072 -0.272200 -0.758658 -0.172938
1413393255305760512 -0.442611 -2.694304 0.251623 0.568060 -0.274326 -0.757808 -0.166673
1413393255405760512 -0.474767 -2.690079 0.261327 0.568780 -0.275855 -0.757409 -0.163478
1413393255505760512 -0.502768 -2.682965 0.270771 0.568895 -0.277186 -0.756991 -0.162763
1413393255605760512 -0.527271 -2.671835 0.278898 0.566625 -0.278112 -0.757688 -0.165827
1413393255705760512 -0.547462 -2.658954 0.288006 0.563374 -0.279743 -0.758602 -0.169930
1413393255805760512 -0.564545 -2.643383 0.293045 0.556919 -0.282022 -0.761499 -0.174422
1413393255905760512 -0.580663 -2.625442 0.296817 0.546720 -0.283036 -0.767198 -0.179986
1413393256005760512 -0.599000 -2.605747 0.299278 0.540296 -0.280153 -0.770462 -0.189692
1413393256105760512 -0.618532 -2.585440 0.298971 0.537776 -0.278842 -0.771013 -0.196425
1413393256205760512 -0.640153 -2.565365 0.294143 0.537420 -0.280062 -0.770465 -0.197808
1413393256305760512 -0.663774 -2.545425 0.290950 0.537195 -0.283174 -0.770036 -0.195648
1413393256405760512 -0.690574 -2.525422 0.286610 0.536268 -0.286943 -0.770537 -0.190664
1413393256505760512 -0.720396 -2.502609 0.291113 0.537909 -0.291500 -0.769655 -0.182518
1413393256605760512 -0.752527 -2.476276 0.301916 0.537520 -0.289057 -0.771078 -0.181539
1413393256705760512 -0.788056 -2.446841 0.312560 0.537647 -0.280703 -0.772564 -0.187848
1413393256805760512 -0.826220 -2.416452 0.317042 0.538375 -0.273905 -0.773605 -0.191476
1413393256905760512 -0.866220 -2.387123 0.309817 0.540401 -0.270010 -0.773798 -0.190520
1413393257005760512 -0.906359 -2.359541 0.298560 0.543385 -0.270623 -0.772925 -0.184617
1413393257105760512 -0.947463 -2.332703 0.283865 0.546459 -0.270569 -0.771588 -0.181181
1413393257205760512 -0.989053 -2.305554 0.271233 0.547463 -0.271777 -0.771148 -0.178191
1413393257305760512 -1.029832 -2.278799 0.256368 0.548598 -0.272463 -0.770304 -0.177303
1413393257405760512 -1.073017 -2.249997 0.246152 0.549107 -0.272702 -0.769700 -0.177980
1413393257505760512 -1.114875 -2.221343 0.231746 0.548707 -0.274688 -0.769458 -0.177205
1413393257605760512 -1.158622 -2.189914 0.221142 0.549925 -0.276559 -0.767664 -0.178298
1413393257705760512 -1.200764 -2.158132 0.205916 0.549342 -0.279424 -0.766865 -0.179063
1413393257805760512 -1.243436 -2.124393 0.193112 0.548674 -0.279976 -0.766144 -0.183288
1413393257905760512 -1.285534 -2.090831 0.179934 0.545249 -0.277241 -0.767494 -0.191818
1413393258005760512 -1.330530 -2.056323 0.172129 0.544001 -0.275107 -0.767541 -0.198140
1413393258105760512 -1.377848 -2.023516 0.164187 0.544105 -0.274609 -0.767081 -0.200314
1413393258205760512 -1.426392 -1.993824 0.159212 0.545494 -0.271166 -0.768028 -0.197582
1413393258305760512 -1.479888 -1.965567 0.154587 0.554687 -0.261659 -0.765647 -0.194016
1413393258405760512 -1.532651 -1.941227 0.154195 0.568440 -0.248424 -0.761861 -0.186359
1413393258505760512 -1.585068 -1.920534 0.149684 0.578098 -0.235148 -0.762686 -0.169758
1413393258605760512 -1.633615 -1.903908 0.147556 0.586124 -0.215429 -0.766338 -0.150915
1413393258705760512 -1.678481 -1.890026 0.146985 0.585081 -0.191511 -0.776889 -0.132090
1413393258805760512 -1.719478 -1.878604 0.147205 0.581006 -0.168782 -0.788507 -0.110460
1413393258905760512 -1.757838 -1.868043 0.148221 0.578742 -0.144642 -0.797661 -0.088737
1413393259005760512 -1.793606 -1.858346 0.149624 0.576108 -0.116794 -0.805873 -0.070908
1413393259105760512 -1.828011 -1.849245 0.151734 0.575485 -0.089381 -0.811264 -0.051761
1413393259205760512 -1.861700 -1.840463 0.154590 0.576111 -0.062000 -0.814337 -0.033259
1413393259305760512 -1.896139 -1.832240 0.157230 0.575945 -0.034739 -0.816639 -0.013466
1413393259405760512 -1.932351 -1.822861 0.160479 0.575026 -0.008066 -0.818070 0.006361
1413393259505760512 -1.971825 -1.813517 0.165222 0.574676 0.018871 -0.817763 0.025580
1413393259605760512 -2.014370 -1.804895 0.171002 0.573311 0.048301 -0.816700 0.044529
1413393259705760512 -2.057895 -1.796531 0.177818 0.570373 0.077856 -0.815124 0.064704
1413393259805760512 -2.102700 -1.787821 0.186193 0.567943 0.106352 -0.811805 0.084274
1413393259905760512 -2.148835 -1.779539 0.195823 0.565842 0.133320 -0.807106 0.103095
1413393260005760512 -2.196159 -1.771109 0.204836 0.562836 0.158515 -0.802120 0.121214
1413393260105760512 -2.243790 -1.763046 0.214450 0.560038 0.182001 -0.796337 0.138132
1413393260205760512 -2.291841 -1.754886 0.224351 0.556755 0.204499 -0.790045 0.155024
1413393260305760512 -2.340369 -1.746486 0.232498 0.556958 0.226822 -0.780300 0.171699
1413393260405760512 -2.388177 -1.737373 0.237101 0.570261 0.248189 -0.761909 0.180829
1413393260505760512 -2.426693 -1.725672 0.234465 0.590417 0.266924 -0.740135 0.179888
1413393260605760512 -2.451836 -1.713961 0.224850 0.606382 0.281776 -0.723300 0.172451
1413393260705760512 -2.461248 -1.703893 0.212186 0.610101 0.297086 -0.716125 0.163348
1413393260805760512 -2.457577 -1.696220 0.199146 0.592029 0.305243 -0.728429 0.160371
1413393260905760512 -2.441441 -1.693797 0.190400 0.568471 0.300799 -0.746019 0.172673
1413393261005760512 -2.416830 -1.696768 0.185858 0.549166 0.292524 -0.760494 0.185732
1413393261105760512 -2.390523 -1.703229 0.183716 0.535830 0.286216 -0.770747 0.192135
1413393261205760512 -2.366242 -1.713554 0.182153 0.527325 0.284556 -0.777495 0.190939
1413393261305760512 -2.345461 -1.728626 0.182086 0.527604 0.284157 -0.777469 0.190870
1413393261405760512 -2.327271 -1.748645 0.183780 0.532389 0.288588 -0.771148 0.196495
1413393261505760512 -2.311417 -1.773285 0.186065 0.531841 0.297155 -0.765458 0.207166
1413393261605760512 -2.296770 -1.801158 0.187733 0.523027 0.303398 -0.763126 0.228105
1413393261705760512 -2.283972 -1.829332 0.189780 0.509640 0.315675 -0.760743 0.248770
1413393261805760512 -2.277353 -1.857211 0.193366 -0.497079 -0.333695 0.755121 -0.267119
1413393261905760512 -2.280798 -1.883006 0.199734 -0.496224 -0.355820 0.741428 -0.278279
1413393262005760512 -2.291931 -1.907114 0.207121 -0.499866 -0.374376 0.727138 -0.285039
1413393262105760512 -2.307351 -1.930137 0.214465 0.502420 0.387281 -0.716602 0.289947
1413393262205760512 -2.325202 -1.952478 0.223757 0.503130 0.395233 -0.710672 0.292568
1413393262305760512 -2.344315 -1.974211 0.234901 0.501319 0.400364 -0.708865 0.293085
1413393262405760512 -2.363988 -1.995863 0.245386 0.500455 0.403188 -0.708079 0.292590
1413393262505760512 -2.383976 -2.018100 0.255338 -0.499599 -0.404444 0.708053 -0.292382
1413393262605760512 -2.404579 -2.040724 0.257297 -0.499574 -0.406061 0.707669 -0.291110
1413393262705760512 -2.424717 -2.064030 0.248671 -0.499579 -0.406210 0.707556 -0.291168
1413393262805760512 -2.444153 -2.087637 0.230315 -0.499177 -0.406932 0.707577 -0.290800
1413393262905760512 -2.463057 -2.112044 0.208937 -0.498249 -0.406632 0.707704 -0.292494
1413393263005760512 -2.481695 -2.137784 0.189888 -0.495346 -0.406057 0.709139 -0.294742
1413393263105760512 -2.500778 -2.164297 0.173049 -0.491692 -0.404203 0.711074 -0.298718
1413393263205760512 -2.522547 -2.192656 0.160926 -0.488810 -0.402553 0.712306 -0.302713
1413393263305760512 -2.546289 -2.219918 0.152520 -0.489017 -0.401332 0.711797 -0.305189
1413393263405760512 -2.572075 -2.246002 0.146249 -0.487767 -0.399985 0.712828 -0.306548
1413393263505760512 -2.600454 -2.272643 0.136682 -0.490750 -0.401338 0.711194 -0.303801
1413393263605760512 -2.630313 -2.298433 0.119149 -0.499262 -0.400906 0.705940 -0.302757
1413393263705760512 -2.659064 -2.323319 0.094149 0.510366 0.399137 -0.697818 0.305397
1413393263805760512 -2.683462 -2.344754 0.064400 0.516881 0.403677 -0.688885 0.308733
1413393263905760512 -2.702879 -2.362512 0.034781 0.516646 0.412834 -0.680875 0.314729
1413393264005760512 -2.718561 -2.376904 0.007730 0.512675 0.423570 -0.674054 0.321566
1413393264105760512 -2.730152 -2.387304 -0.017560 0.501442 0.433256 -0.674540 0.325331
1413393264205760512 -2.739705 -2.393910 -0.040465 -0.487773 -0.441194 0.680043 -0.323986
1413393264305760512 -2.748103 -2.398869 -0.059719 -0.478410 -0.447502 0.684969 -0.318878
1413393264405760512 -2.756188 -2.405049 -0.077251 -0.473759 -0.451575 0.688641 -0.312099
1413393264505760512 -2.763739 -2.415036 -0.091092 -0.473508 -0.450281 0.690299 -0.310683
1413393264605760512 -2.770920 -2.428553 -0.102375 -0.476230 -0.446302 0.690511 -0.311792
1413393264705760512 -2.777988 -2.445547 -0.112530 -0.477598 -0.441625 0.690753 -0.315798
1413393264805760512 -2.785084 -2.465067 -0.123522 -0.477348 -0.441671 0.689341 -0.319177
1413393264905760512 -2.792777 -2.486217 -0.135224 -0.478567 -0.444719 0.687044 -0.318073
1413393265005760512 -2.800522 -2.507963 -0.147355 -0.479434 -0.447137 0.685935 -0.315760
1413393265105760512 -2.807796 -2.531307 -0.158881 -0.483341 -0.446751 0.683453 -0.315733
1413393265205760512 -2.814276 -2.556396 -0.168462 -0.496172 -0.441405 0.674602 -0.322315
1413393265305760512 -2.817355 -2.578145 -0.176768 0.507201 0.435065 -0.666588 0.330344
1413393265405760512 -2.816768 -2.595612 -0.185425 0.504553 0.426127 -0.669236 0.340536
1413393265505760512 -2.813922 -2.605694 -0.192685 -0.492674 -0.424032 0.677947 -0.343304
1413393265605760512 -2.811196 -2.610189 -0.195157 -0.485386 -0.433757 0.679635 -0.338159
1413393265705760512 -2.808387 -2.612784 -0.194365 -0.483417 -0.449782 0.673414 -0.332442
1413393265805760512 -2.804085 -2.614634 -0.189899 -0.480007 -0.465682 0.664782 -0.332864
1413393265905760512 -2.797572 -2.616697 -0.182174 -0.473355 -0.480501 0.655856 -0.338978
1413393266005760512 -2.788187 -2.619077 -0.171581 -0.463925 -0.495584 0.645991 -0.349093
1413393266105760512 -2.776841 -2.622568 -0.158577 -0.451651 -0.512630 0.633459 -0.363252
1413393266205760512 -2.762419 -2.626543 -0.142425 -0.438030 -0.534323 0.615309 -0.379504
1413393266305760512 -2.745622 -2.630276 -0.122030 -0.420195 -0.559082 0.593277 -0.398605
1413393266405760512 -2.727261 -2.634246 -0.098366 0.399434 0.587413 -0.565595 0.418927
1413393266505760512 -2.706766 -2.637123 -0.071263 0.374175 0.617939 -0.532532 0.441082
1413393266605760512 -2.686305 -2.639026 -0.043923 0.350263 0.642080 -0.496051 0.467956
1413393266705760512 -2.668276 -2.639023 -0.027627 0.327405 0.661014 -0.463796 0.490673
1413393266805760512 -2.654362 -2.636493 -0.023647 0.306115 0.676345 -0.436789 0.508002
1413393266905760512 -2.647574 -2.631474 -0.014340 0.295103 0.685825 -0.412841 0.521651
1413393267005760512 -2.647802 -2.624678 0.008400 0.283169 0.696884 -0.402196 0.521926
1413393267105760512 -2.654328 -2.615089 0.046479 0.274141 0.704234 -0.398556 0.519668
1413393267205760512 -2.665807 -2.604093 0.080845 0.268897 0.707345 -0.400044 0.517032
1413393267305760512 -2.679071 -2.594632 0.103748 0.266607 0.707476 -0.403779 0.515131
1413393267405760512 -2.694435 -2.586658 0.117510 0.268553 0.705561 -0.406813 0.514361
1413393267505760512 -2.713413 -2.579421 0.120835 0.275046 0.704242 -0.408254 0.511587
1413393267605760512 -2.733636 -2.573281 0.113857 0.283118 0.704505 -0.408709 0.506433
1413393267705760512 -2.754761 -2.565955 0.096530 0.289647 0.704259 -0.408779 0.503014
1413393267805760512 -2.774936 -2.559110 0.070808 0.294494 0.705351 -0.407953 0.499327
1413393267905760512 -2.790896 -2.552766 0.043534 0.299102 0.706502 -0.404977 0.497379
1413393268005760512 -2.801648 -2.546470 0.020531 0.294181 0.705009 -0.407490 0.500372
1413393268105760512 -2.812685 -2.537660 0.005827 0.285840 0.703550 -0.412423 0.503210
1413393268205760512 -2.820875 -2.533308 -0.008440 0.280105 0.703648 -0.415894 0.503441
1413393268305760512 -2.831147 -2.527909 -0.018110 0.284279 0.706984 -0.412207 0.499444
1413393268405760512 -2.838265 -2.527135 -0.025927 0.293020 0.713239 -0.405696 0.490754
1413393268505760512 -2.843879 -2.524000 -0.028687 0.296512 0.715694 -0.403999 0.486464
1413393268605760512 -2.844589 -2.523534 -0.027233 0.292005 0.712765 -0.409560 0.488835
1413393268705760512 -2.843445 -2.521946 -0.018711 0.290118 0.708239 -0.413292 0.493376
1413393268805760512 -2.840901 -2.521582 -0.007342 0.286482 0.706221 -0.418045 0.494387
1413393268905760512 -2.836897 -2.523805 0.005778 0.284229 0.704372 -0.421693 0.495226
1413393269005760512 -2.832699 -2.527906 0.013345 0.290193 0.702402 -0.419000 0.496848
1413393269105760512 -2.827435 -2.533697 0.013287 0.303601 0.704448 -0.409533 0.493825
1413393269205760512 -2.819077 -2.535595 0.014232 0.308678 0.706727 -0.400457 0.494862
1413393269305760512 -2.806372 -2.534352 0.016852 0.298371 0.706267 -0.393948 0.506919
1413393269405760512 -2.792270 -2.530319 0.022272 0.286037 0.703895 -0.385678 0.523419
1413393269505760512 -2.780613 -2.522314 0.019443 0.274803 0.704709 -0.380799 0.531847
1413393269605760512 -2.773086 -2.511570 0.004202 0.264233 0.708940 -0.379553 0.532470
1413393269705760512 -2.770377 -2.499280 -0.022772 0.256935 0.711948 -0.379463 0.532092
1413393269805760512 -2.772997 -2.487962 -0.055982 0.252626 0.717797 -0.379430 0.526290
1413393269905760512 -2.779990 -2.478629 -0.089658 0.254200 0.723991 -0.376203 0.519318
1413393270005760512 -2.787090 -2.470627 -0.120146 0.259351 0.730063 -0.371364 0.511697
1413393270105760512 -2.792921 -2.463538 -0.145797 0.258119 0.732644 -0.370561 0.509208
1413393270205760512 -2.796615 -2.456418 -0.170980 0.255622 0.733875 -0.370907 0.508441
1413393270305760512 -2.799015 -2.451623 -0.194679 0.253109 0.734577 -0.371140 0.508515
1413393270405760512 -2.800187 -2.449502 -0.215726 0.251920 0.732894 -0.373908 0.509505
1413393270505760512 -2.801910 -2.449006 -0.232234 0.253148 0.728420 -0.380997 0.510061
1413393270605760512 -2.806826 -2.448066 -0.249886 0.260571 0.724254 -0.389313 0.505958
1413393270705760512 -2.813580 -2.448291 -0.260722 0.273279 0.720490 -0.397180 0.498458
1413393270805760512 -2.815317 -2.453435 -0.261653 0.283990 0.715918 -0.403275 0.494146
1413393270905760512 -2.812328 -2.462164 -0.248100 0.293274 0.713872 -0.407054 0.488553
1413393271005760512 -2.806196 -2.471005 -0.229125 0.303035 0.712106 -0.407718 0.484604
1413393271105760512 -2.793968 -2.482686 -0.216643 0.306840 0.709282 -0.410488 0.484013
1413393271205760512 -2.777120 -2.496120 -0.214993 0.309948 0.705907 -0.412076 0.485613
1413393271305760512 -2.759938 -2.504883 -0.220340 0.319458 0.702953 -0.409748 0.485707
1413393271405760512 -2.738855 -2.513598 -0.232949 0.328989 0.698203 -0.412799 0.483607
1413393271505760512 -2.717003 -2.514999 -0.240838 0.332687 0.688442 -0.425794 0.483804
1413393271605760512 -2.691814 -2.513047 -0.246473 0.335190 0.676787 -0.439214 0.486516
1413393271705760512 -2.666069 -2.507321 -0.247289 0.338240 0.670628 -0.452013 0.481182
1413393271805760512 -2.639711 -2.500355 -0.247274 0.340025 0.666519 -0.468777 0.469451
1413393271905760512 -2.612637 -2.491433 -0.242671 0.345885 0.661046 -0.481010 0.460447
1413393272005760512 -2.584928 -2.484891 -0.235979 0.353923 0.654644 -0.487446 0.456702
1413393272105760512 -2.554401 -2.476598 -0.227852 0.359359 0.650515 -0.492428 0.452996
1413393272205760512 -2.521096 -2.466627 -0.218810 0.364644 0.642279 -0.498915 0.453427
1413393272305760512 -2.488558 -2.455986 -0.208608 0.365650 0.630533 -0.511155 0.455466
1413393272405760512 -2.460546 -2.442276 -0.198413 0.369702 0.620587 -0.523132 0.452244
1413393272505760512 -2.434079 -2.430242 -0.186385 0.380574 0.612216 -0.532256 0.443914
1413393272605760512 -2.412999 -2.414564 -0.172098 0.393837 0.604597 -0.540849 0.432246
1413393272705760512 -2.388357 -2.398744 -0.159363 0.405713 0.596315 -0.551295 0.419379
1413393272805760512 -2.364331 -2.382667 -0.148090 0.416473 0.585768 -0.562985 0.408013
1413393272905760512 -2.336181 -2.367188 -0.134409 -0.427698 -0.573269 0.574747 -0.397622
1413393273005760512 -2.305447 -2.352015 -0.120087 -0.435423 -0.559251 0.588813 -0.388515
1413393273105760512 -2.272113 -2.336049 -0.106542 -0.438717 -0.543734 0.606961 -0.378787
1413393273205760512 -2.238360 -2.321337 -0.092532 -0.443618 -0.526834 0.624603 -0.368130
1413393273305760512 -2.204855 -2.309275 -0.079043 -0.448595 -0.509485 0.642930 -0.354723
1413393273405760512 -2.171772 -2.298025 -0.065362 -0.458367 -0.490741 0.657528 -0.341657
1413393273505760512 -2.139287 -2.289424 -0.051792 -0.469270 -0.473047 0.670113 -0.327048
1413393273605760512 -2.106566 -2.283169 -0.035613 -0.483663 -0.452710 0.678359 -0.317731
1413393273705760512 -2.073964 -2.277485 -0.017563 -0.496696 -0.432262 0.686354 -0.308805
1413393273805760512 -2.041111 -2.270695 0.000774 0.505801 0.413852 -0.695548 0.298506
1413393273905760512 -2.008100 -2.262171 0.018135 0.508164 0.394950 -0.708614 0.289223
1413393274005760512 -1.976292 -2.252767 0.036630 0.510465 0.376767 -0.721485 0.277365
1413393274105760512 -1.946631 -2.243042 0.056938 0.513413 0.358835 -0.732601 0.266345
1413393274205760512 -1.918748 -2.233792 0.078776 0.518318 0.340029 -0.741447 0.256871
1413393274305760512 -1.893173 -2.225011 0.100408 0.523092 0.322016 -0.749817 0.245876
1413393274405760512 -1.871373 -2.216731 0.121928 0.528191 0.305580 -0.756970 0.233735
1413393274505760512 -1.852048 -2.206876 0.138004 0.534604 0.287701 -0.763011 0.221901
1413393274605760512 -1.834482 -2.196324 0.143207 0.539508 0.268831 -0.769810 0.209889
1413393274705760512 -1.819126 -2.185593 0.140206 0.544178 0.250786 -0.776105 0.196566
1413393274805760512 -1.806394 -2.173670 0.133021 0.553988 0.235126 -0.777812 0.181169
1413393274905760512 -1.795356 -2.160040 0.127529 0.564880 0.219844 -0.777960 0.165399
1413393275005760512 -1.784622 -2.146362 0.123860 0.573921 0.203838 -0.778423 0.152063
1413393275105760512 -1.772186 -2.132434 0.121229 0.579735 0.187223 -0.780552 0.139975
1413393275205760512 -1.757369 -2.117654 0.118267 0.582002 0.169038 -0.784840 0.129328
1413393275305760512 -1.740629 -2.101502 0.116602 0.581814 0.149633 -0.790788 0.117289
1413393275405760512 -1.722245 -2.084192 0.115961 0.581750 0.128146 -0.796148 0.106273
1413393275505760512 -1.702378 -2.065009 0.117286 0.583081 0.106877 -0.799754 0.094807
1413393275605760512 -1.681603 -2.044113 0.121140 0.585011 0.085392 -0.802244 0.082921
1413393275705760512 -1.661659 -2.022188 0.127862 0.587057 0.065088 -0.803863 0.070227
1413393275805760512 -1.640958 -1.997505 0.135191 0.579847 0.048207 -0.811336 0.056461
1413393275905760512 -1.621329 -1.971320 0.143005 0.566741 0.032654 -0.821672 0.050931
1413393276005760512 -1.607461 -1.943850 0.152674 0.556349 0.021848 -0.829244 0.048507
1413393276105760512 -1.600586 -1.914124 0.165999 0.562256 0.024497 -0.825799 0.036390
1413393276205760512 -1.598565 -1.884216 0.182773 0.576203 0.034041 -0.816320 0.021267
1413393276305760512 -1.597601 -1.857613 0.198345 0.585084 0.042526 -0.809768 0.012014
1413393276405760512 -1.597037 -1.835300 0.208309 0.586963 0.046221 -0.808197 0.012505
1413393276505760512 -1.597376 -1.817312 0.207693 0.584200 0.046076 -0.810067 0.019439
1413393276605760512 -1.597348 -1.801656 0.196464 0.577949 0.042410 -0.814408 0.030254
1413393276705760512 -1.600484 -1.787436 0.184013 0.573169 0.040662 -0.817558 0.037716
1413393276805760512 -1.609950 -1.772436 0.172879 0.570777 0.041432 -0.819071 0.040251
1413393276905760512 -1.619715 -1.759695 0.166290 0.571189 0.042656 -0.818726 0.040152
1413393277005760512 -1.635606 -1.745188 0.160362 0.571791 0.043694 -0.818271 0.039716
1413393277105760512 -1.650454 -1.731580 0.156776 0.572386 0.044244 -0.817863 0.038946
1413393277205760512 -1.668499 -1.717758 0.155636 0.575307 0.043459 -0.815853 0.038950
1413393277305760512 -1.688415 -1.703626 0.157282 0.579241 0.043933 -0.813101 0.037626
1413393277405760512 -1.710293 -1.690342 0.160719 0.581014 0.044702 -0.811925 0.034689
1413393277505760512 -1.731111 -1.678526 0.166196 0.580616 0.045139 -0.812284 0.032289
1413393277605760512 -1.752768 -1.667269 0.173944 0.583554 0.042395 -0.810230 0.034565
1413393277705760512 -1.774449 -1.657023 0.178982 0.587376 0.035392 -0.807642 0.038097
1413393277805760512 -1.797246 -1.644393 0.175293 0.592175 0.024162 -0.804592 0.037096
1413393277905760512 -1.815686 -1.630165 0.161024 0.595976 0.011223 -0.802327 0.030934
1413393278005760512 -1.830892 -1.613835 0.144729 0.600588 -0.005788 -0.799211 0.022843
1413393278105760512 -1.839518 -1.595035 0.130425 0.597836 -0.024250 -0.801187 0.010170
1413393278205760512 -1.845875 -1.571181 0.120462 0.593263 -0.044014 -0.803793 -0.004262
1413393278305760512 -1.849595 -1.544014 0.113647 0.586222 -0.068141 -0.807158 -0.013986
1413393278405760512 -1.853291 -1.514028 0.110514 0.578291 -0.091334 -0.810565 -0.014885
1413393278505760512 -1.857786 -1.479606 0.110016 0.570457 -0.108611 -0.813991 -0.014178
1413393278605760512 -1.864673 -1.437708 0.113053 0.565830 -0.119600 -0.815683 -0.013904
1413393278705760512 -1.872801 -1.387639 0.116831 0.565805 -0.119058 -0.815598 -0.022138
1413393278805760512 -1.882597 -1.330128 0.124731 0.573767 -0.104801 -0.811054 -0.044709
1413393278905760512 -1.893716 -1.269519 0.134496 0.578238 -0.092243 -0.808305 -0.061443
1413393279005760512 -1.904451 -1.210554 0.145466 0.579255 -0.084825 -0.807760 -0.069231
1413393279105760512 -1.914779 -1.155245 0.157434 0.577341 -0.080176 -0.809448 -0.071015
1413393279205760512 -1.926013 -1.102359 0.163436 0.575227 -0.076779 -0.811355 -0.070161
1413393279305760512 -1.938942 -1.051649 0.158474 0.570063 -0.074242 -0.815427 -0.067792
1413393279405760512 -1.954227 -1.003207 0.149233 0.561925 -0.071850 -0.821525 -0.064613
1413393279505760512 -1.972476 -0.956340 0.142627 0.560427 -0.069004 -0.822937 -0.062731
1413393279605760512 -1.994688 -0.914850 0.139222 0.565016 -0.064721 -0.820203 -0.061926
1413393279705760512 -2.020747 -0.878917 0.137702 0.571734 -0.060693 -0.815882 -0.061423
1413393279805760512 -2.048802 -0.845880 0.135172 0.577867 -0.058901 -0.811813 -0.059663
1413393279905760512 -2.077517 -0.816946 0.129525 0.583286 -0.058299 -0.808236 -0.055980
1413393280005760512 -2.104978 -0.792164 0.125483 0.586863 -0.058267 -0.805972 -0.051051
1413393280105760512 -2.130133 -0.770714 0.123593 0.587927 -0.059080 -0.805534 -0.044333
1413393280205760512 -2.153305 -0.751775 0.124615 0.590164 -0.061588 -0.804222 -0.033761
1413393280305760512 -2.173677 -0.732326 0.128221 0.590467 -0.063012 -0.804196 -0.025439
1413393280405760512 -2.191795 -0.711265 0.135189 0.594947 -0.064873 -0.800955 -0.017361
1413393280505760512 -2.205832 -0.687482 0.144001 0.597263 -0.068745 -0.799069 -0.006327
1413393280605760512 -2.216700 -0.658076 0.148594 0.591169 -0.069655 -0.803534 -0.000829
1413393280705760512 -2.222449 -0.624734 0.144839 0.585848 -0.071603 -0.807237 0.004769
1413393280805760512 -2.226456 -0.584910 0.132211 0.581336 -0.075077 -0.810093 0.012694
1413393280905760512 -2.230793 -0.536706 0.115707 0.576553 -0.075307 -0.813441 0.015121
1413393281005760512 -2.234705 -0.479839 0.105903 0.574946 -0.069116 -0.815233 0.007389
1413393281105760512 -2.242969 -0.414525 0.106971 0.574405 -0.056541 -0.816563 -0.009285
1413393281205760512 -2.252351 -0.345453 0.114233 0.575334 -0.047588 -0.816222 -0.022545
1413393281305760512 -2.263593 -0.276347 0.123833 0.575372 -0.042190 -0.816179 -0.031932
1413393281405760512 -2.276519 -0.209238 0.134301 0.576229 -0.039983 -0.815432 -0.037846
1413393281505760512 -2.289628 -0.144563 0.141523 0.576231 -0.042076 -0.815201 -0.040441
1413393281605760512 -2.303333 -0.082485 0.144122 0.577506 -0.044944 -0.814066 -0.042001
1413393281705760512 -2.320698 -0.025108 0.148801 0.582007 -0.047649 -0.810556 -0.044681
1413393281805760512 -2.341710 0.027636 0.157152 0.590315 -0.049730 -0.804140 -0.049129
1413393281905760512 -2.360647 0.072969 0.168752 0.597514 -0.056408 -0.798523 -0.046435
1413393282005760512 -2.373842 0.115597 0.182889 0.594339 -0.063170 -0.800577 -0.042971
1413393282105760512 -2.384330 0.155263 0.200039 0.586805 -0.070472 -0.805787 -0.037428
1413393282205760512 -2.394057 0.194042 0.219607 0.580841 -0.077991 -0.809732 -0.029582
1413393282305760512 -2.404432 0.235169 0.240653 0.577031 -0.081332 -0.812231 -0.026491
1413393282405760512 -2.415931 0.279378 0.264933 0.580374 -0.075226 -0.810124 -0.034728
1413393282505760512 -2.427128 0.324324 0.287226 0.583384 -0.066502 -0.808185 -0.045580
1413393282605760512 -2.439011 0.366800 0.299719 0.586277 -0.060217 -0.806159 -0.052540
1413393282705760512 -2.451102 0.404629 0.301233 0.589946 -0.055692 -0.803599 -0.055592
1413393282805760512 -2.461651 0.436097 0.299350 0.595613 -0.051863 -0.800154 -0.048052
1413393282905760512 -2.468869 0.462986 0.297292 0.594881 -0.044034 -0.801873 -0.034320
1413393283005760512 -2.474523 0.487522 0.297530 0.586520 -0.029978 -0.809089 -0.021710
1413393283105760512 -2.478946 0.509095 0.299245 0.578016 -0.010629 -0.815892 -0.010256
1413393283205760512 -2.483919 0.528452 0.304151 0.574653 0.012087 -0.818308 0.000349
1413393283305760512 -2.491359 0.544251 0.309908 0.572426 0.035928 -0.819082 0.011917
1413393283405760512 -2.501454 0.555243 0.315241 0.570675 0.059655 -0.818592 0.026035
1413393283505760512 -2.514440 0.560904 0.316490 0.568723 0.082292 -0.817310 0.042264
1413393283605760512 -2.529026 0.561884 0.309303 0.566977 0.102816 -0.814990 0.061294
1413393283705760512 -2.545108 0.559050 0.289947 0.568031 0.123766 -0.809760 0.079443
1413393283805760512 -2.562084 0.553138 0.265421 0.571038 0.144794 -0.802277 0.096441
1413393283905760512 -2.579138 0.544395 0.241453 0.570939 0.168107 -0.795851 0.111311
1413393284005760512 -2.594132 0.532634 0.218632 0.564792 0.192974 -0.792375 0.126146
1413393284105760512 -2.607125 0.517577 0.199353 0.558169 0.217609 -0.787989 0.142012
1413393284205760512 -2.619451 0.498719 0.184076 0.553141 0.241457 -0.781344 0.158857
1413393284305760512 -2.631526 0.475973 0.173017 0.549053 0.266578 -0.772331 0.176018
1413393284405760512 -2.642471 0.449390 0.164020 0.546142 0.290427 -0.761033 0.195477
1413393284505760512 -2.651671 0.419735 0.155572 0.542397 0.314802 -0.748667 0.214950
1413393284605760512 -2.657745 0.387643 0.147446 0.534161 0.339575 -0.737987 0.233957
1413393284705760512 -2.659621 0.356279 0.139133 0.518468 0.361648 -0.730842 0.257434
1413393284805760512 -2.660609 0.323010 0.132552 0.501835 0.383206 -0.722476 0.281680
1413393284905760512 -2.662212 0.289640 0.127440 -0.486705 -0.407417 0.710935 -0.302823
1413393285005760512 -2.666125 0.255999 0.124239 -0.473477 -0.432137 0.696502 -0.322432
1413393285105760512 -2.673149 0.222533 0.122671 -0.460700 -0.455764 0.681086 -0.340818
1413393285205760512 -2.684122 0.189238 0.122911 -0.448622 -0.478862 0.664253 -0.358045
1413393285305760512 -2.698178 0.155778 0.123445 -0.436529 -0.500733 0.646932 -0.374417
1413393285405760512 -2.715037 0.122646 0.124898 -0.425277 -0.521847 0.628780 -0.389167
1413393285505760512 -2.734740 0.088972 0.126779 -0.413605 -0.542774 0.610280 -0.402351
1413393285605760512 -2.757317 0.055121 0.129512 -0.404375 -0.563932 0.588947 -0.414250
1413393285705760512 -2.781735 0.021867 0.133873 0.397736 0.584107 -0.564929 0.426006
1413393285805760512 -2.806821 -0.010448 0.140512 0.395349 0.605069 -0.539076 0.432421
1413393285905760512 -2.831156 -0.039744 0.147127 0.383462 0.618917 -0.524147 0.441779
1413393286005760512 -2.854379 -0.066959 0.154257 0.370927 0.626560 -0.517011 0.450040
1413393286105760512 -2.877829 -0.092736 0.161264 0.360360 0.629805 -0.515770 0.455487
1413393286205760512 -2.901283 -0.118551 0.170392 0.356187 0.629823 -0.515339 0.459217
1413393286305760512 -2.927765 -0.144592 0.175491 0.356486 0.628863 -0.515524 0.460091
1413393286405760512 -2.954231 -0.164641 0.170849 0.361213 0.627962 -0.515319 0.457859
1413393286505760512 -2.981717 -0.185450 0.153762 0.365968 0.625779 -0.517016 0.455151
1413393286605760512 -3.008590 -0.202900 0.133001 0.367117 0.622766 -0.521557 0.453173
1413393286705760512 -3.038522 -0.224040 0.119080 0.369680 0.622105 -0.524448 0.448638
1413393286805760512 -3.068314 -0.245768 0.113621 0.376710 0.625176 -0.523241 0.439845
1413393286905760512 -3.094080 -0.267101 0.114228 0.384493 0.631534 -0.517439 0.430798
1413393287005760512 -3.112083 -0.288246 0.118520 0.386961 0.639570 -0.508429 0.427446
1413393287105760512 -3.122093 -0.309748 0.123687 0.383405 0.647146 -0.498518 0.430910
1413393287205760512 -3.123722 -0.328317 0.130622 0.370404 0.654476 -0.490648 0.440144
1413393287305760512 -3.118444 -0.346989 0.138926 0.350404 0.661445 -0.482167 0.455217
1413393287405760512 -3.106356 -0.364493 0.150142 0.331478 0.669112 -0.468293 0.472349
1413393287505760512 -3.091894 -0.381963 0.164415 0.313115 0.680761 -0.450641 0.485229
1413393287605760512 -3.076506 -0.397839 0.178687 0.294946 0.695048 -0.430559 0.494504
1413393287705760512 -3.061282 -0.413474 0.192386 0.275709 0.707846 -0.410238 0.504622
1413393287805760512 -3.046446 -0.429883 0.205682 0.257631 0.719270 -0.388485 0.515127
1413393287905760512 -3.032591 -0.446598 0.215988 0.240016 0.728988 -0.365842 0.526430
1413393288005760512 -3.020185 -0.466025 0.225088 0.224481 0.737682 -0.342863 0.536543
1413393288105760512 -3.010327 -0.488493 0.230790 0.212166 0.746436 -0.324021 0.541137
1413393288205760512 -3.004490 -0.513460 0.232171 0.203788 0.754679 -0.312537 0.539677
1413393288305760512 -3.000279 -0.540076 0.230142 0.197778 0.763759 -0.307518 0.531968
1413393288405760512 -2.995819 -0.570619 0.227170 0.194619 0.768052 -0.306748 0.527375
1413393288505760512 -2.989632 -0.605448 0.225900 0.197548 0.763859 -0.305130 0.533282
1413393288605760512 -2.982101 -0.643544 0.225342 0.202624 0.757201 -0.302893 0.542076
1413393288705760512 -2.975434 -0.680110 0.223380 0.204084 0.752248 -0.297264 0.551459
1413393288805760512 -2.973819 -0.713066 0.217324 0.202099 0.753597 -0.290171 0.554119
1413393288905760512 -2.972292 -0.745583 0.210357 0.199071 0.757299 -0.285695 0.552493
1413393289005760512 -2.970961 -0.776826 0.198209 0.196714 0.760420 -0.282826 0.550522
1413393289105760512 -2.969713 -0.806163 0.176877 0.195097 0.761539 -0.280528 0.550727
1413393289205760512 -2.971321 -0.831205 0.152495 0.191003 0.761012 -0.278429 0.553946
1413393289305760512 -2.972042 -0.858374 0.134111 0.190339 0.761184 -0.274899 0.555699
1413393289405760512 -2.974632 -0.884370 0.120926 0.190773 0.763529 -0.271666 0.553919
1413393289505760512 -2.978211 -0.909612 0.114397 0.189844 0.765892 -0.271552 0.551025
1413393289605760512 -2.982783 -0.932901 0.112749 0.190853 0.767671 -0.270963 0.548485
1413393289705760512 -2.985063 -0.957078 0.113526 0.190488 0.768717 -0.271485 0.546887
1413393289805760512 -2.986899 -0.981495 0.115983 0.191571 0.767507 -0.272490 0.547707
1413393289905760512 -2.986029 -1.004980 0.122113 0.194077 0.764844 -0.273469 0.550056
1413393290005760512 -2.984686 -1.027497 0.129191 0.196130 0.762738 -0.274999 0.551489
1413393290105760512 -2.983204 -1.048828 0.130004 0.196497 0.761381 -0.278222 0.551616
1413393290205760512 -2.982602 -1.064743 0.120555 0.196194 0.760244 -0.282128 0.551308
1413393290305760512 -2.982458 -1.078608 0.101381 0.196704 0.760702 -0.285187 0.548916
1413393290405760512 -2.981973 -1.087941 0.076291 0.196694 0.763647 -0.286090 0.544342
1413393290505760512 -2.980330 -1.098985 0.052917 0.193105 0.768195 -0.282525 0.541079
1413393290605760512 -2.976699 -1.109618 0.030296 0.190039 0.771321 -0.278137 0.539990
1413393290705760512 -2.971239 -1.124783 0.008519 0.186455 0.774059 -0.275222 0.538814
1413393290805760512 -2.964000 -1.140519 -0.013434 0.185717 0.774551 -0.271592 0.540202
1413393290905760512 -2.954690 -1.156899 -0.036910 0.183895 0.773718 -0.270704 0.542460
1413393291005760512 -2.943252 -1.173675 -0.060379 0.176453 0.769425 -0.274174 0.549252
1413393291105760512 -2.932133 -1.193791 -0.085468 0.170537 0.763872 -0.277975 0.556908
1413393291205760512 -2.923404 -1.216243 -0.109940 0.169491 0.758366 -0.279530 0.563930
1413393291305760512 -2.918744 -1.240828 -0.134227 0.172425 0.756743 -0.279418 0.565274
1413393291405760512 -2.918151 -1.266772 -0.157926 0.178381 0.760716 -0.276016 0.559738
1413393291505760512 -2.920182 -1.291966 -0.179402 0.181669 0.766338 -0.269483 0.554167
1413393291605760512 -2.922955 -1.317073 -0.195954 0.183468 0.769764 -0.263544 0.551677
1413393291705760512 -2.924992 -1.342853 -0.209371 0.184203 0.772498 -0.258855 0.549828
1413393291805760512 -2.926339 -1.367549 -0.216780 0.184204 0.774536 -0.254314 0.549078
1413393291905760512 -2.923202 -1.392817 -0.214756 0.181209 0.777245 -0.247361 0.549422
1413393292005760512 -2.920844 -1.414633 -0.196910 0.180400 0.777500 -0.240586 0.552330
1413393292105760512 -2.917219 -1.434189 -0.175036 0.180435 0.775119 -0.234223 0.558367
1413393292205760512 -2.909610 -1.452917 -0.156078 0.180787 0.772452 -0.228189 0.564414
1413393292305760512 -2.903680 -1.463507 -0.136044 0.179682 0.770748 -0.222434 0.569373
1413393292405760512 -2.899925 -1.467314 -0.118094 0.174949 0.769961 -0.220109 0.572804
1413393292505760512 -2.897321 -1.467375 -0.099063 0.171715 0.770743 -0.217223 0.573832
1413393292605760512 -2.898170 -1.462861 -0.083213 0.169359 0.773896 -0.213989 0.571499
1413393292705760512 -2.900193 -1.453673 -0.066311 0.169333 0.778246 -0.208993 0.567434
1413393292805760512 -2.901357 -1.440414 -0.050930 0.167856 0.780198 -0.203659 0.567132
1413393292905760512 -2.903486 -1.421155 -0.029338 0.164913 0.779538 -0.199001 0.570546
1413393293005760512 -2.904734 -1.397874 -0.010145 0.158248 0.779894 -0.197082 0.572609
1413393293105760512 -2.909555 -1.368266 0.014493 0.152244 0.781382 -0.195334 0.572807
1413393293205760512 -2.915852 -1.333988 0.039318 0.145717 0.782557 -0.195096 0.572983
1413393293305760512 -2.923464 -1.297715 0.060846 0.138668 0.783670 -0.196032 0.572891
1413393293405760512 -2.933100 -1.260991 0.071709 0.130832 0.782770 -0.198708 0.575039
1413393293505760512 -2.943938 -1.226320 0.072656 0.126088 0.783024 -0.200845 0.575010
1413393293605760512 -2.956135 -1.192697 0.067172 0.130063 0.785015 -0.197349 0.572616
1413393293705760512 -2.969780 -1.160167 0.060469 0.137856 0.789010 -0.191215 0.567358
1413393293805760512 -2.982073 -1.126673 0.056825 0.143499 0.791667 -0.186205 0.563914
1413393293905760512 -2.995779 -1.090254 0.057163 0.144978 0.793282 -0.183157 0.562262
1413393294005760512 -3.005560 -1.050453 0.061399 0.146192 0.794353 -0.180588 0.561265
1413393294105760512 -3.013962 -1.005469 0.066269 0.146081 0.792309 -0.179435 0.564543
1413393294205760512 -3.020396 -0.957534 0.076534 0.143533 0.786097 -0.180698 0.573409
1413393294305760512 -3.028906 -0.905072 0.083664 0.144525 0.785763 -0.181560 0.573345
1413393294405760512 -3.038028 -0.849910 0.089442 0.146459 0.788273 -0.182838 0.568987
1413393294505760512 -3.045428 -0.793607 0.095551 0.149638 0.791195 -0.184069 0.563682
1413393294605760512 -3.051676 -0.732951 0.098975 0.148362 0.792358 -0.188508 0.560912
1413393294705760512 -3.056830 -0.671472 0.103735 0.142743 0.791877 -0.194771 0.560910
1413393294805760512 -3.061476 -0.608509 0.106301 0.136416 0.789960 -0.201778 0.562707
1413393294905760512 -3.064779 -0.549156 0.109291 0.134221 0.790471 -0.204916 0.561382
1413393295005760512 -3.067354 -0.492103 0.113976 0.139135 0.792082 -0.201797 0.559040
1413393295105760512 -3.068325 -0.434862 0.120728 0.146774 0.793466 -0.197653 0.556599
1413393295205760512 -3.066757 -0.376424 0.129075 0.146113 0.792787 -0.198354 0.557490
1413393295305760512 -3.063181 -0.319330 0.135378 0.140334 0.791986 -0.202554 0.558602
1413393295405760512 -3.057290 -0.263834 0.142710 0.132907 0.791317 -0.207808 0.559436
1413393295505760512 -3.049856 -0.211595 0.150844 0.125597 0.789628 -0.213117 0.561510
1413393295605760512 -3.042663 -0.162751 0.154384 0.119429 0.788246 -0.216918 0.563340
1413393295705760512 -3.037732 -0.117631 0.150053 0.116547 0.787941 -0.218042 0.563936
1413393295805760512 -3.034070 -0.078588 0.137566 0.120025 0.788819 -0.214971 0.563157
1413393295905760512 -3.030409 -0.045215 0.124963 0.133161 0.791817 -0.205070 0.559678
1413393296005760512 -3.025372 -0.013189 0.116716 0.145587 0.794412 -0.195181 0.556433
1413393296105760512 -3.016926 0.018934 0.111344 0.152391 0.796304 -0.189467 0.553877
1413393296205760512 -3.005319 0.054873 0.110778 0.154145 0.797358 -0.188513 0.552198
1413393296305760512 -2.988727 0.093554 0.111872 0.154373 0.798624 -0.188581 0.550277
1413393296405760512 -2.968567 0.135710 0.116034 0.148536 0.798109 -0.193893 0.550786
1413393296505760512 -2.945683 0.178858 0.113402 0.141681 0.796576 -0.203778 0.551242
1413393296605760512 -2.921832 0.219564 0.100671 0.140055 0.793090 -0.215806 0.552106
1413393296705760512 -2.896280 0.257651 0.079319 0.141918 0.789175 -0.228346 0.552196
1413393296805760512 -2.868410 0.293139 0.058870 0.144028 0.786053 -0.238680 0.551732
1413393296905760512 -2.837827 0.323171 0.041535 0.149252 0.783787 -0.244461 0.551036
1413393297005760512 -2.808100 0.349189 0.026493 0.155437 0.782051 -0.248323 0.550065
1413393297105760512 -2.777976 0.370710 0.013840 0.161543 0.779860 -0.254030 0.548809
1413393297205760512 -2.744887 0.387825 0.001827 0.163520 0.777618 -0.260565 0.548340
1413393297305760512 -2.713637 0.403891 -0.008758 0.163577 0.774701 -0.266093 0.549796
1413393297405760512 -2.682808 0.415558 -0.018022 0.166200 0.773276 -0.268101 0.550040
1413393297505760512 -2.650230 0.422846 -0.027417 0.170787 0.773518 -0.267315 0.548675
1413393297605760512 -2.618100 0.429459 -0.035871 0.171820 0.772778 -0.266998 0.549549
1413393297705760512 -2.586279 0.433128 -0.043970 0.167410 0.771117 -0.268977 0.552271
1413393297805760512 -2.553757 0.434158 -0.053619 0.162780 0.768437 -0.270732 0.556517
1413393297905760512 -2.525020 0.431999 -0.062109 0.159807 0.766561 -0.271053 0.559800
1413393298005760512 -2.496894 0.425581 -0.072044 0.157976 0.766695 -0.270321 0.560490
1413393298105760512 -2.473292 0.416239 -0.079993 0.157549 0.768571 -0.268871 0.558735
1413393298205760512 -2.450593 0.402472 -0.090374 0.159308 0.773687 -0.265373 0.552817
1413393298305760512 -2.429015 0.386066 -0.099298 0.166104 0.779010 -0.258754 0.546442
1413393298405760512 -2.404040 0.367073 -0.108616 0.175715 0.783842 -0.249923 0.540606
1413393298505760512 -2.377256 0.348297 -0.115786 0.184739 0.784516 -0.240669 0.540818
1413393298605760512 -2.343464 0.331857 -0.122826 0.186303 0.782746 -0.237412 0.544275
1413393298705760512 -2.307712 0.318158 -0.127603 0.177430 0.780448 -0.241416 0.548760
1413393298805760512 -2.269410 0.305635 -0.132044 0.167745 0.778052 -0.246936 0.552737
1413393298905760512 -2.229787 0.292261 -0.134632 0.161823 0.776063 -0.251266 0.555341
1413393299005760512 -2.191151 0.277103 -0.135791 0.158880 0.774948 -0.255531 0.555803
1413393299105760512 -2.153671 0.261176 -0.134964 0.162014 0.774467 -0.256580 0.555085
1413393299205760512 -2.116264 0.242588 -0.133249 0.174080 0.772529 -0.252140 0.556166
1413393299305760512 -2.079528 0.227493 -0.129248 0.185703 0.766199 -0.247240 0.563317
1413393299405760512 -2.043815 0.215526 -0.126847 0.190009 0.758338 -0.247138 0.572488
1413393299505760512 -2.011305 0.208844 -0.124899 0.187505 0.754940 -0.250937 0.576141
1413393299605760512 -1.982279 0.206726 -0.122589 0.181459 0.755722 -0.256312 0.574684
1413393299705760512 -1.957974 0.207763 -0.118755 0.175476 0.758450 -0.261040 0.570806
1413393299805760512 -1.937769 0.209673 -0.111359 0.175176 0.759847 -0.260413 0.569325
1413393299905760512 -1.921773 0.213623 -0.103651 0.178564 0.763698 -0.256621 0.564824
1413393300005760512 -1.907572 0.218763 -0.094761 0.186309 0.769027 -0.249855 0.558085
1413393300105760512 -1.892517 0.227664 -0.086341 0.191269 0.772970 -0.245096 0.553048
1413393300205760512 -1.875254 0.240282 -0.077518 0.185149 0.773800 -0.246864 0.553184
1413393300305760512 -1.855270 0.256120 -0.069134 0.168022 0.773947 -0.248918 0.557508
1413393300405760512 -1.833936 0.272803 -0.059168 0.147576 0.775734 -0.245514 0.562299
1413393300505760512 -1.812585 0.287335 -0.046486 0.127981 0.779019 -0.235113 0.566985
1413393300605760512 -1.794973 0.297945 -0.033774 0.111705 0.783735 -0.217168 0.571069
1413393300705760512 -1.780432 0.303916 -0.021639 0.101591 0.790440 -0.191963 0.572742
1413393300805760512 -1.767794 0.306849 -0.010063 0.095422 0.796710 -0.164921 0.573541
1413393300905760512 -1.756749 0.308194 -0.006632 0.093340 0.798582 -0.142361 0.577310
1413393301005760512 -1.745035 0.309257 -0.015800 0.090555 0.796545 -0.127317 0.584043
1413393301105760512 -1.732905 0.311765 -0.032680 0.085361 0.793445 -0.116456 0.591267
1413393301205760512 -1.722052 0.317158 -0.057810 0.077404 0.792184 -0.105295 0.596126
1413393301305760512 -1.715098 0.325559 -0.085851 0.066859 0.792939 -0.091984 0.598596
1413393301405760512 -1.713357 0.337531 -0.111467 0.054057 0.794834 -0.075618 0.599666
1413393301505760512 -1.717578 0.351878 -0.133641 0.039553 0.798409 -0.057513 0.598056
1413393301605760512 -1.726097 0.368780 -0.152716 0.026377 0.805935 -0.036672 0.590278
1413393301705760512 -1.738456 0.388102 -0.167148 0.015913 0.811786 -0.015394 0.583536
1413393301805760512 -1.751706 0.409749 -0.179228 0.008879 0.815062 0.001678 0.579303
1413393301905760512 -1.764765 0.434267 -0.189194 0.003403 0.815328 0.012337 0.578858
1413393302005760512 -1.775777 0.460548 -0.196389 0.000764 0.814817 0.019834 0.579379
1413393302105760512 -1.783625 0.489459 -0.200986 -0.001988 0.813909 0.023243 0.580524
1413393302205760512 -1.788504 0.521676 -0.202994 -0.004511 0.813456 0.022220 0.581184
1413393302305760512 -1.791026 0.556559 -0.202667 -0.007327 0.812786 0.018507 0.582222
1413393302405760512 -1.793735 0.594005 -0.201322 -0.010364 0.812846 0.012396 0.582254
1413393302505760512 -1.796491 0.631913 -0.197062 -0.012399 0.813142 0.004974 0.581911
1413393302605760512 -1.799537 0.669623 -0.190144 -0.016128 0.813743 -0.004222 0.580986
1413393302705760512 -1.802725 0.706338 -0.180007 -0.015945 0.814945 -0.010156 0.579230
1413393302805760512 -1.804679 0.739422 -0.165932 -0.016237 0.815305 -0.014504 0.578622
1413393302905760512 -1.805431 0.770450 -0.149908 -0.016698 0.815724 -0.016782 0.577956
1413393303005760512 -1.805157 0.797557 -0.132527 -0.014739 0.816147 -0.016460 0.577422
1413393303105760512 -1.803527 0.822948 -0.115360 -0.012262 0.815204 -0.014490 0.578863
1413393303205760512 -1.801368 0.845102 -0.098023 -0.011558 0.814617 -0.013073 0.579736
1413393303305760512 -1.797811 0.865409 -0.079893 -0.007864 0.815063 -0.010426 0.579225
1413393303405760512 -1.793196 0.883958 -0.060903 0.001603 0.815782 -0.004350 0.578342
1413393303505760512 -1.788214 0.903991 -0.039747 0.007255 0.815679 -0.001069 0.578458
1413393303605760512 -1.781151 0.925272 -0.016652 0.010667 0.814163 -0.001273 0.580537
1413393303705760512 -1.774034 0.948820 0.009464 0.010670 0.812321 -0.003868 0.583101
1413393303805760512 -1.767207 0.973982 0.036535 0.009139 0.811923 -0.006496 0.583657
1413393303905760512 -1.760958 0.999680 0.064585 0.004605 0.811837 -0.010936 0.583764
1413393304005760512 -1.754685 1.024848 0.088660 -0.002048 0.812108 -0.016434 0.583273
1413393304105760512 -1.748182 1.048061 0.101500 -0.006206 0.813404 -0.019386 0.581344
1413393304205760512 -1.740797 1.069182 0.102376 -0.005623 0.818135 -0.018919 0.574688
1413393304305760512 -1.731123 1.088194 0.095024 -0.000000 0.822098 -0.014170 0.569170
1413393304405760512 -1.718124 1.106408 0.086420 0.004891 0.824360 -0.008598 0.565979
1413393304505760512 -1.701973 1.123563 0.079359 0.007717 0.823976 -0.003866 0.566559
1413393304605760512 -1.682811 1.143483 0.079508 0.010442 0.821164 0.001095 0.570596
1413393304705760512 -1.662594 1.160342 0.072671 0.011058 0.817965 0.004888 0.575141
1413393304805760512 -1.641397 1.180195 0.069862 0.007077 0.817115 0.006153 0.576399
1413393304905760512 -1.618993 1.200271 0.067882 0.002812 0.817653 0.007238 0.575659
1413393305005760512 -1.595697 1.221633 0.067596 0.001971 0.818267 0.009274 0.574760
1413393305105760512 -1.571153 1.243425 0.068308 0.000129 0.819384 0.009062 0.573173
1413393305205760512 -1.544075 1.264956 0.071395 0.000748 0.820115 0.008448 0.572136
1413393305305760512 -1.515852 1.287833 0.080517 0.007802 0.819891 0.010012 0.572379
1413393305405760512 -1.486335 1.312356 0.089501 0.012159 0.819545 0.005943 0.572855
1413393305505760512 -1.454986 1.341671 0.101351 0.011836 0.820014 -0.001487 0.572219
1413393305605760512 -1.422995 1.371488 0.112199 0.011847 0.820119 -0.007562 0.572020
1413393305705760512 -1.388762 1.403024 0.126078 0.017266 0.819976 -0.013077 0.571988
1413393305805760512 -1.353650 1.435713 0.140574 0.029984 0.818087 -0.017022 0.574060
1413393305905760512 -1.316258 1.471364 0.157055 0.046122 0.816783 -0.017732 0.574825
1413393306005760512 -1.277896 1.513292 0.173848 0.050484 0.815183 -0.023905 0.576503
1413393306105760512 -1.239302 1.561531 0.190582 0.046901 0.814076 -0.031946 0.577979
1413393306205760512 -1.200786 1.614884 0.206433 0.042760 0.813823 -0.036948 0.578359
1413393306305760512 -1.163006 1.670548 0.222105 0.039371 0.815248 -0.040853 0.576325
1413393306405760512 -1.125712 1.726925 0.235770 0.037368 0.817785 -0.050025 0.572126
1413393306505760512 -1.087575 1.782034 0.243054 0.040093 0.818742 -0.066164 0.568926
1413393306605760512 -1.047397 1.834774 0.241724 0.050298 0.815975 -0.085344 0.569537
1413393306705760512 -1.005830 1.884508 0.232594 0.057147 0.810609 -0.109263 0.572459
1413393306805760512 -0.965535 1.932539 0.223879 0.058326 0.805186 -0.132328 0.575120
1413393306905760512 -0.926762 1.974971 0.218579 0.061419 0.801724 -0.150106 0.575269
1413393307005760512 -0.890029 2.009196 0.217501 0.068458 0.799036 -0.166629 0.573663
1413393307105760512 -0.854328 2.036423 0.218160 0.083577 0.796733 -0.179922 0.570841
1413393307205760512 -0.821155 2.056214 0.218537 0.103284 0.794812 -0.191924 0.566367
1413393307305760512 -0.787871 2.071457 0.220983 0.122681 0.790872 -0.205353 0.563295
1413393307405760512 -0.754599 2.083008 0.223348 0.139860 0.787292 -0.223182 0.557495
1413393307505760512 -0.720998 2.091351 0.227919 0.158092 0.782154 -0.243782 0.551192
1413393307605760512 -0.685950 2.097578 0.233317 0.173120 0.777734 -0.267347 0.541927
1413393307705760512 -0.649914 2.102127 0.240796 0.184754 0.772881 -0.293102 0.531613
1413393307805760512 -0.611348 2.103222 0.250726 0.205004 0.764339 -0.311555 0.526016
1413393307905760512 -0.570941 2.101908 0.262273 0.226726 0.753182 -0.326870 0.523897
1413393308005760512 -0.527883 2.099360 0.273925 0.246009 0.742394 -0.343111 0.520198
1413393308105760512 -0.483428 2.097588 0.286130 0.263098 0.732345 -0.360191 0.514502
1413393308205760512 -0.436431 2.096858 0.298968 0.277782 0.722851 -0.378556 0.506971
1413393308305760512 -0.386596 2.098533 0.312759 0.292301 0.710751 -0.397751 0.501186
1413393308405760512 -0.335321 2.102141 0.326632 0.303116 0.697251 -0.418725 0.496619
1413393308505760512 -0.283204 2.106342 0.337124 0.309193 0.684952 -0.442456 0.489361
1413393308605760512 -0.232221 2.110908 0.340330 0.315561 0.671883 -0.465815 0.481675
1413393308705760512 -0.182223 2.113146 0.335109 0.320570 0.657118 -0.490681 0.473987
1413393308805760512 -0.136677 2.112637 0.323759 0.331099 0.639313 -0.511512 0.469049
1413393308905760512 -0.098301 2.111613 0.303605 0.348460 0.622119 -0.526375 0.463112
1413393309005760512 -0.066801 2.108380 0.280713 0.366032 0.606404 -0.539562 0.455156
1413393309105760512 -0.039663 2.105796 0.258992 0.379891 0.591404 -0.553144 0.447164
1413393309205760512 -0.016172 2.104583 0.239355 0.391316 0.577972 -0.565509 0.439341
1413393309305760512 0.006177 2.106000 0.223951 -0.401138 -0.570691 0.572460 -0.430918
1413393309405760512 0.028512 2.108206 0.210019 -0.409980 -0.569607 0.573781 -0.422185
1413393309505760512 0.052682 2.110900 0.197773 -0.413333 -0.572372 0.574080 -0.414702
1413393309605760512 0.078175 2.116051 0.194396 0.408831 0.578541 -0.576353 0.407389
1413393309705760512 0.107415 2.116754 0.183412 0.402232 0.584594 -0.578015 0.402936
1413393309805760512 0.135057 2.112380 0.174451 0.393888 0.584049 -0.581016 0.407627
1413393309905760512 0.160464 2.102790 0.167541 -0.386344 -0.582127 0.583920 -0.413404
1413393310005760512 0.182070 2.089950 0.161434 -0.378899 -0.580314 0.586714 -0.418853
1413393310105760512 0.199764 2.073878 0.158011 -0.377835 -0.578837 0.585639 -0.423339
1413393310205760512 0.212367 2.054518 0.156355 0.386410 0.580412 -0.578586 0.423140
1413393310305760512 0.223138 2.036716 0.157432 0.397624 0.584949 -0.570025 0.418092
1413393310405760512 0.234088 2.015864 0.153485 0.405317 0.588733 -0.564182 0.413292
1413393310505760512 0.246533 1.995925 0.150560 0.405643 0.587667 -0.564339 0.414273
1413393310605760512 0.257120 1.976865 0.149215 0.401320 0.584487 -0.567560 0.418560
1413393310705760512 0.267253 1.958248 0.147230 0.394154 0.579199 -0.573015 0.425235
1413393310805760512 0.275752 1.938092 0.143053 -0.387023 -0.575442 0.578383 -0.429596
1413393310905760512 0.278435 1.917530 0.141775 -0.386439 -0.574985 0.580636 -0.427690
1413393311005760512 0.277612 1.894272 0.137889 0.393851 0.580232 -0.578736 0.416266
1413393311105760512 0.274918 1.869587 0.132360 0.397957 0.583218 -0.579325 0.407271
1413393311205760512 0.272978 1.842076 0.118225 0.400196 0.581364 -0.581066 0.405242
1413393311305760512 0.269486 1.813193 0.096218 -0.398622 -0.579144 0.583718 -0.406159
1413393311405760512 0.265850 1.780139 0.072576 -0.400923 -0.580356 0.583370 -0.402650
1413393311505760512 0.260629 1.745023 0.051101 -0.402530 -0.581992 0.583031 -0.399162
1413393311605760512 0.255778 1.706340 0.033841 0.405181 0.584066 -0.581479 0.395699
1413393311705760512 0.252972 1.661985 0.022001 0.408970 0.582895 -0.578211 0.398308
1413393311805760512 0.252431 1.616283 0.015003 0.413411 0.581937 -0.572893 0.402784
1413393311905760512 0.254215 1.566927 0.009127 0.414498 0.582359 -0.567911 0.408076
1413393312005760512 0.258291 1.518103 0.005001 0.414194 0.583394 -0.561688 0.415453
1413393312105760512 0.264502 1.471152 0.002016 0.418787 0.585348 -0.551652 0.421504
1413393312205760512 0.273580 1.428030 -0.000917 0.417473 0.587896 -0.547285 0.424940
1413393312305760512 0.285346 1.388442 -0.003475 0.410321 0.587065 -0.549924 0.429622
1413393312405760512 0.298064 1.350837 -0.004807 0.396678 0.584431 -0.558026 0.435540
1413393312505760512 0.309412 1.316174 -0.006687 0.384363 0.582194 -0.565498 0.439918
1413393312605760512 0.317038 1.282499 -0.006246 0.385438 0.582319 -0.564922 0.439551
1413393312705760512 0.320808 1.250933 -0.005652 0.393821 0.587854 -0.559351 0.431809
1413393312805760512 0.324055 1.218931 -0.004682 0.397342 0.590376 -0.556510 0.428805
1413393312905760512 0.326853 1.189735 -0.003547 0.398368 0.590094 -0.553404 0.432245
1413393313005760512 0.330205 1.159731 0.000774 0.398627 0.586884 -0.548954 0.441943
1413393313105760512 0.332893 1.135374 0.005116 0.395163 0.594305 -0.545994 0.438792
1413393313205760512 0.335633 1.112704 0.011344 0.391728 0.604956 -0.541888 0.432360
1413393313305760512 0.338592 1.090191 0.021428 0.386090 0.611492 -0.539297 0.431474
1413393313405760512 0.342193 1.069275 0.031483 0.380755 0.613400 -0.538197 0.434869
1413393313505760512 0.344778 1.046821 0.042465 0.378048 0.609246 -0.537979 0.443259
1413393313605760512 0.344351 1.023694 0.048373 0.378743 0.599249 -0.539203 0.454659
1413393313705760512 0.338261 1.003274 0.049601 0.384549 0.586874 -0.541226 0.463438
1413393313805760512 0.325417 0.989598 0.049365 0.397889 0.579947 -0.540457 0.461792
1413393313905760512 0.307448 0.986126 0.046582 0.404247 0.580811 -0.546041 0.448421
1413393314005760512 0.286419 0.992545 0.039389 0.401922 0.583207 -0.559386 0.430599
1413393314105760512 0.265490 0.997861 0.034963 0.398636 0.582364 -0.571016 0.419383
1413393314205760512 0.246545 0.998432 0.033250 0.399889 0.582449 -0.572980 0.415373
1413393314305760512 0.227033 0.994187 0.035769 0.399965 0.587152 -0.567834 0.415746
1413393314405760512 0.207983 0.988732 0.037226 0.395826 0.598081 -0.558033 0.417397
1413393314505760512 0.191780 0.983338 0.038631 0.386832 0.612512 -0.545142 0.421912
1413393314605760512 0.178889 0.974296 0.038003 0.375784 0.629053 -0.527316 0.430135
1413393314705760512 0.170027 0.962658 0.036738 0.362490 0.646834 -0.508580 0.437668
1413393314805760512 0.163009 0.948535 0.034070 0.349026 0.661041 -0.494114 0.443912
1413393314905760512 0.160940 0.932739 0.028999 0.334964 0.672681 -0.481504 0.451059
1413393315005760512 0.164410 0.913341 0.023578 0.320880 0.683003 -0.468535 0.459366
1413393315105760512 0.170972 0.888667 0.016189 0.309811 0.688946 -0.459791 0.466865
1413393315205760512 0.179892 0.859413 0.006911 0.307385 0.694000 -0.450775 0.469766
1413393315305760512 0.191480 0.826306 -0.004637 0.312856 0.697135 -0.442220 0.469644
1413393315405760512 0.206998 0.790775 -0.015953 0.325002 0.696674 -0.433512 0.470198
1413393315505760512 0.228430 0.756532 -0.026591 0.335299 0.693145 -0.428689 0.472599
1413393315605760512 0.256912 0.725327 -0.035278 0.339199 0.688286 -0.429031 0.476591
1413393315705760512 0.291944 0.698924 -0.033823 0.338158 0.682251 -0.432015 0.483266
1413393315805760512 0.330325 0.676826 -0.019719 0.330944 0.678288 -0.438724 0.487774
1413393315905760512 0.369189 0.659602 0.006441 0.322500 0.674847 -0.445417 0.492116
1413393316005760512 0.406753 0.644678 0.037309 0.319573 0.674086 -0.447003 0.493629
1413393316105760512 0.443303 0.630513 0.069178 0.320147 0.675047 -0.445740 0.493085
1413393316205760512 0.479648 0.615864 0.105314 0.325316 0.676056 -0.441514 0.492121
1413393316305760512 0.517850 0.602779 0.143423 0.327266 0.677213 -0.438437 0.491989
1413393316405760512 0.557589 0.591770 0.181068 0.324488 0.678382 -0.437752 0.492827
1413393316505760512 0.597943 0.582816 0.218662 0.319454 0.679676 -0.438912 0.493301
1413393316605760512 0.638957 0.575490 0.254909 0.316149 0.681744 -0.438906 0.492582
1413393316705760512 0.680548 0.569788 0.285850 0.312432 0.685015 -0.438652 0.490638
1413393316805760512 0.721884 0.565301 0.307647 0.309568 0.688264 -0.437190 0.489209
1413393316905760512 0.764542 0.560013 0.316430 0.307757 0.691211 -0.434574 0.488527
1413393317005760512 0.808361 0.553148 0.314778 0.306139 0.692639 -0.431967 0.489831
1413393317105760512 0.853167 0.545933 0.306879 0.308947 0.690673 -0.427362 0.494858
1413393317205760512 0.898262 0.539887 0.296502 0.313291 0.687414 -0.422676 0.500655
1413393317305760512 0.943687 0.536438 0.287627 0.315914 0.684527 -0.420593 0.504700
1413393317405760512 0.989116 0.536753 0.280452 0.318022 0.682210 -0.420487 0.506600
1413393317505760512 1.034359 0.541404 0.273295 0.319411 0.681492 -0.420641 0.506563
1413393317605760512 1.080084 0.551624 0.258759 0.319550 0.680672 -0.421947 0.506491
1413393317705760512 1.125868 0.564437 0.234636 0.318467 0.679023 -0.424997 0.506837
1413393317805760512 1.172227 0.582583 0.209450 0.317747 0.678255 -0.427783 0.505973
1413393317905760512 1.218319 0.601084 0.187448 0.319907 0.679274 -0.429298 0.501946
1413393318005760512 1.263629 0.625893 0.164596 0.321747 0.680256 -0.432709 0.496482
1413393318105760512 1.311382 0.650519 0.141463 0.319918 0.680040 -0.439292 0.492159
1413393318205760512 1.357769 0.678612 0.117274 0.315033 0.678335 -0.447640 0.490138
1413393318305760512 1.403375 0.704938 0.092037 0.309849 0.673582 -0.455076 0.493140
1413393318405760512 1.445733 0.730491 0.064811 0.306620 0.669992 -0.460051 0.495427
1413393318505760512 1.485480 0.754224 0.035761 0.305472 0.667382 -0.462877 0.497024
1413393318605760512 1.521237 0.777623 0.004627 0.305495 0.666354 -0.463900 0.497435
1413393318705760512 1.553459 0.800982 -0.024500 0.304962 0.665454 -0.464846 0.498083
1413393318805760512 1.580018 0.822358 -0.047290 0.305754 0.665050 -0.463675 0.499228
1413393318905760512 1.603569 0.843239 -0.064671 0.311401 0.662228 -0.458934 0.503849
1413393319005760512 1.620907 0.867091 -0.076000 0.317362 0.658755 -0.453511 0.509559
1413393319105760512 1.635576 0.892811 -0.086537 0.315250 0.660821 -0.453481 0.508220
1413393319205760512 1.644415 0.922751 -0.091052 0.308632 0.665471 -0.456720 0.503290
1413393319305760512 1.650530 0.953585 -0.092453 0.301934 0.670878 -0.460200 0.496965
1413393319405760512 1.654547 0.982997 -0.098790 0.297571 0.675294 -0.462550 0.491403
1413393319505760512 1.657402 1.008758 -0.111965 0.292457 0.679437 -0.465091 0.486338
1413393319605760512 1.659449 1.029461 -0.130559 0.282128 0.682700 -0.470975 0.482190
1413393319705760512 1.659111 1.045456 -0.151013 0.274146 0.685156 -0.475282 0.479075
1413393319805760512 1.655163 1.051769 -0.171812 0.284115 0.688317 -0.466980 0.476894
1413393319905760512 1.650885 1.049753 -0.196956 0.297434 0.689736 -0.455813 0.477527
1413393320005760512 1.650077 1.045617 -0.228398 0.307916 0.689383 -0.447162 0.479567
1413393320105760512 1.651061 1.039656 -0.261895 0.314106 0.686962 -0.442086 0.483715
1413393320205760512 1.654635 1.032648 -0.294394 0.320298 0.680765 -0.438340 0.491758
1413393320305760512 1.660090 1.028419 -0.321457 0.321388 0.678500 -0.439692 0.492970
1413393320405760512 1.667541 1.026857 -0.335421 0.316308 0.680305 -0.445459 0.488570
1413393320505760512 1.676832 1.026311 -0.339120 0.312388 0.684316 -0.450618 0.480697
1413393320605760512 1.688445 1.026094 -0.341572 0.313079 0.685301 -0.452305 0.477246
1413393320705760512 1.702047 1.025435 -0.362247 0.315038 0.686661 -0.452797 0.473521
1413393320805760512 1.718309 1.024678 -0.409735 0.316626 0.683861 -0.452385 0.476897
1413393320905760512 1.715462 1.028404 -0.400268 0.332087 0.672809 -0.444681 0.489188
1413393321005760512 1.707088 1.032566 -0.389489 0.326900 0.692499 -0.448928 0.460484
1413393321105760512 1.703656 1.036027 -0.409105 0.326668 0.690197 -0.447060 0.465890
1413393321205760512 1.697972 1.040299 -0.404501 0.336895 0.665191 -0.440703 0.499803
1413393321305760512 1.698593 1.042085 -0.409945 0.335090 0.675422 -0.450064 0.478501
1413393321405760512 1.694515 1.041974 -0.409012 0.331135 0.668381 -0.451817 0.489364
1413393321505760512 1.694994 1.045397 -0.411858 0.334801 0.668273 -0.449227 0.489402
1413393321605760512 1.693247 1.046579 -0.412680 0.331676 0.668364 -0.451356 0.489447
1413393321705760512 1.693013 1.047151 -0.412314 0.332959 0.667269 -0.450448 0.490904
1413393321805760512 1.693324 1.047099 -0.412622 0.332525 0.667657 -0.450776 0.490370
1413393321905760512 1.693134 1.047154 -0.412539 0.332512 0.667356 -0.450712 0.490847
1413393322005760512 1.693118 1.047154 -0.412570 0.332492 0.667335 -0.450633 0.490961
1413393322105760512 1.693235 1.047106 -0.412644 0.332248 0.667473 -0.450698 0.490879
1413393322205760512 1.693166 1.047173 -0.412577 0.332135 0.667399 -0.450571 0.491173
1413393322305760512 1.693143 1.047110 -0.412615 0.332027 0.667464 -0.450735 0.491008
1413393322405760512 1.693138 1.047185 -0.412578 0.331984 0.667462 -0.450694 0.491076
1413393322505760512 1.693179 1.047190 -0.412522 0.331926 0.667473 -0.450658 0.491133
1413393322605760512 1.693173 1.047119 -0.412526 0.331905 0.667523 -0.450634 0.491103
1413393322705760512 1.693129 1.047114 -0.412347 0.331769 0.667570 -0.450664 0.491102
1413393322805760512 1.693173 1.047081 -0.412350 0.331735 0.667580 -0.450615 0.491157
1413393322905760512 1.693167 1.047021 -0.412313 0.331611 0.667607 -0.450656 0.491167
1413393323005760512 1.693139 1.047009 -0.412350 0.331543 0.667593 -0.450643 0.491243
1413393323105760512 1.693086 1.047001 -0.412464 0.331419 0.667643 -0.450592 0.491306
1413393323205760512 1.693086 1.046971 -0.412445 0.331346 0.667638 -0.450575 0.491377
1413393323305760512 1.693118 1.046915 -0.412474 0.331262 0.667634 -0.450625 0.491394
1413393323405760512 1.693145 1.046813 -0.412513 0.331184 0.667649 -0.450694 0.491362
1413393323505760512 1.693121 1.046758 -0.412721 0.331028 0.667620 -0.450686 0.491514
1413393323605760512 1.693134 1.046704 -0.412753 0.330934 0.667646 -0.450733 0.491498
1413393323705760512 1.693143 1.046673 -0.412729 0.330909 0.667640 -0.450745 0.491513
1413393323805760512 1.693146 1.046608 -0.412548 0.330799 0.667660 -0.450811 0.491499
1413393323905760512 1.693193 1.046491 -0.412392 0.330718 0.667673 -0.450831 0.491518
1413393324005760512 1.693170 1.046506 -0.412380 0.330699 0.667664 -0.450840 0.491534
1413393324105760512 1.693154 1.046496 -0.412413 0.330659 0.667690 -0.450856 0.491511
1413393324205760512 1.693202 1.046416 -0.412247 0.330651 0.667673 -0.450879 0.491518
1413393324305760512 1.693166 1.046402 -0.412286 0.330585 0.667690 -0.450902 0.491520
1413393324405760512 1.693203 1.046241 -0.412194 0.330528 0.667712 -0.450899 0.491530
1413393324505760512 1.693187 1.046179 -0.412138 0.330473 0.667742 -0.450907 0.491520
1413393324605760512 1.693220 1.045943 -0.411889 0.330434 0.667800 -0.450907 0.491467
1413393324705760512 1.693233 1.045894 -0.411917 0.330397 0.667818 -0.450892 0.491480
1413393324805760512 1.693244 1.045684 -0.411669 0.330347 0.667855 -0.450885 0.491471
1413393324905760512 1.693143 1.045814 -0.412005 0.330349 0.667826 -0.450884 0.491510
1413393325005760512 1.693088 1.045890 -0.412129 0.330297 0.667833 -0.450891 0.491529
1413393325105760512 1.693017 1.045948 -0.412345 0.330242 0.667828 -0.450832 0.491626
1413393325205760512 1.693003 1.045995 -0.412423 0.330172 0.667849 -0.450874 0.491606
1413393325305760512 1.693019 1.045971 -0.412499 0.330150 0.667873 -0.450795 0.491661
1413393325405760512 1.693024 1.045896 -0.412510 0.330120 0.667859 -0.450805 0.491691
1413393325505760512 1.693003 1.045993 -0.412633 0.330370 0.667712 -0.450921 0.491616
1413393325605760512 1.693039 1.045477 -0.412266 0.330419 0.667697 -0.451023 0.491511
1413393325705760512 1.693029 1.045406 -0.412271 0.330375 0.667700 -0.451002 0.491555
1413393325805760512 1.693043 1.045223 -0.412211 0.330320 0.667697 -0.450983 0.491613
1413393325905760512 1.693064 1.045220 -0.412260 0.330259 0.667702 -0.450937 0.491690
1413393326005760512 1.693083 1.045063 -0.412189 0.330240 0.667701 -0.450915 0.491724
1413393326105760512 1.693123 1.044303 -0.411519 0.330119 0.667782 -0.450965 0.491650
1413393326205760512 1.693148 1.043935 -0.411255 0.330080 0.667782 -0.451018 0.491627
