1403715529362142976 0.090220 0.093970 0.206554 0.079700 0.829583 -0.050138 0.550388
1403715529462142976 0.114746 0.103261 0.233836 0.084937 0.836888 -0.042436 0.539076
1403715529562142976 0.134009 0.118808 0.253742 0.072883 0.837152 -0.026684 0.541435
1403715529662142976 0.136163 0.141405 0.280413 0.026849 0.827768 0.011171 0.560317
1403715529762142976 0.153648 0.161677 0.294935 0.011808 0.826020 0.029571 0.562740
1403715529862142976 0.176663 0.184152 0.312300 0.005460 0.824441 0.035866 0.564784
1403715529962142976 0.200717 0.208882 0.334955 -0.000834 0.821261 0.038727 0.569236
1403715530062142976 0.225027 0.235758 0.363056 -0.001050 0.814821 0.044720 0.577984
1403715530162142976 0.247589 0.266496 0.395589 0.003548 0.809942 0.051268 0.584254
1403715530262142976 0.266518 0.302535 0.436173 0.008780 0.811889 0.056200 0.581034
1403715530362142976 0.282472 0.345397 0.490189 0.007884 0.814315 0.056679 0.577596
1403715530462142976 0.297441 0.394144 0.555275 -0.001273 0.815983 0.054049 0.575543
1403715530562142976 0.310266 0.447711 0.621384 -0.011172 0.816357 0.058554 0.574463
1403715530662142976 0.320416 0.501271 0.675567 -0.020558 0.815683 0.064297 0.574547
1403715530762142976 0.330123 0.556774 0.719175 -0.030425 0.815169 0.071359 0.574005
1403715530862142976 0.339839 0.614708 0.759048 -0.042768 0.814370 0.083359 0.572734
1403715530962142976 0.349576 0.672618 0.796895 -0.051335 0.814149 0.096094 0.570344
1403715531062142976 0.361098 0.731042 0.830000 -0.057333 0.821359 0.104955 0.557734
1403715531162142976 0.374012 0.789288 0.857981 -0.062105 0.832790 0.110671 0.538846
1403715531262142976 0.393519 0.848321 0.885378 -0.079352 0.836145 0.105803 0.532325
1403715531362142976 0.421931 0.906383 0.916771 -0.094709 0.827085 0.100881 0.544779
1403715531462142976 0.457325 0.958864 0.943866 -0.099721 0.818792 0.101092 0.556251
1403715531562142976 0.496290 1.005898 0.957530 -0.101285 0.814188 0.102419 0.562450
1403715531662142976 0.535888 1.048742 0.958684 -0.105245 0.814487 0.101526 0.561451
1403715531762142976 0.575178 1.088027 0.959069 -0.099755 0.812971 0.108180 0.563405
1403715531862142976 0.616983 1.122013 0.960814 -0.091142 0.805978 0.114410 0.573587
1403715531962142976 0.655958 1.150813 0.961533 -0.086209 0.799165 0.117009 0.583277
1403715532062142976 0.690183 1.177785 0.961128 -0.083275 0.796125 0.118693 0.587506
1403715532162142976 0.721103 1.202157 0.958490 -0.079841 0.794705 0.120134 0.589608
1403715532262142976 0.745678 1.226347 0.955328 -0.082026 0.793407 0.120929 0.590892
1403715532362142976 0.765110 1.250313 0.950623 -0.089933 0.795802 0.121463 0.586395
1403715532462142976 0.778807 1.272023 0.946023 -0.099748 0.798241 0.119776 0.581820
1403715532562142976 0.789764 1.289584 0.940477 -0.111121 0.800008 0.115716 0.578143
1403715532662142976 0.795745 1.298511 0.935316 -0.127243 0.798840 0.108330 0.577865
1403715532762142976 0.801306 1.298193 0.929121 -0.140043 0.796123 0.102271 0.579756
1403715532862142976 0.805311 1.286540 0.920870 -0.144734 0.794849 0.097058 0.581246
1403715532962142976 0.808763 1.262592 0.907313 -0.142621 0.796734 0.086472 0.580858
1403715533062142976 0.811318 1.225121 0.882580 -0.134673 0.800400 0.069302 0.580017
1403715533162142976 0.812236 1.173193 0.849539 -0.118507 0.801520 0.049258 0.584033
1403715533262142976 0.810169 1.106485 0.823740 -0.095089 0.795288 0.031163 0.597916
1403715533362142976 0.800858 1.027873 0.811434 -0.072496 0.793913 0.016772 0.603462
1403715533462142976 0.785364 0.940311 0.813857 -0.056107 0.798323 0.005368 0.599586
1403715533562142976 0.761651 0.845293 0.829989 -0.053927 0.804412 -0.011518 0.591507
1403715533662142976 0.731493 0.741609 0.860388 -0.059260 0.809972 -0.027753 0.582806
1403715533762142976 0.698465 0.624717 0.906212 -0.063220 0.813322 -0.039512 0.577018
1403715533862142976 0.665069 0.494142 0.959839 -0.055293 0.815988 -0.039875 0.574035
1403715533962142976 0.630679 0.353085 1.007588 -0.040435 0.817721 -0.033143 0.573235
1403715534062142976 0.594332 0.205621 1.041932 -0.027733 0.818560 -0.026000 0.573162
1403715534162142976 0.558876 0.053524 1.062642 -0.013790 0.818403 -0.016202 0.574250
1403715534262142976 0.525861 -0.100494 1.070172 -0.001175 0.818882 -0.006085 0.573929
1403715534362142976 0.496554 -0.254570 1.065537 0.004820 0.819068 -0.000217 0.573676
1403715534462142976 0.472135 -0.409037 1.049183 0.009372 0.819567 -0.001118 0.572906
1403715534562142976 0.451513 -0.563699 1.024636 0.016088 0.819388 -0.007996 0.572958
1403715534662142976 0.434227 -0.718710 0.998630 0.023605 0.819766 -0.021383 0.571812
1403715534762142976 0.417556 -0.869607 0.971247 0.035221 0.822111 -0.039722 0.566846
1403715534862142976 0.400950 -1.015357 0.942679 0.052138 0.826299 -0.062113 0.557364
1403715534962142976 0.392517 -1.157044 0.913566 0.069892 0.829018 -0.085712 0.548176
1403715535062142976 0.395134 -1.294038 0.884753 0.084510 0.829786 -0.105391 0.541485
1403715535162142976 0.406989 -1.422729 0.856342 0.093705 0.833266 -0.122030 0.531033
1403715535262142976 0.432037 -1.544474 0.828696 0.097407 0.837667 -0.134687 0.520275
1403715535362142976 0.469782 -1.663971 0.804023 0.097553 0.839587 -0.144793 0.514405
1403715535462142976 0.519497 -1.785215 0.781036 0.085464 0.834710 -0.159806 0.520017
1403715535562142976 0.577176 -1.912079 0.760414 0.079072 0.824481 -0.166190 0.535126
1403715535662142976 0.643437 -2.043522 0.739784 0.079350 0.815022 -0.161938 0.550653
1403715535762142976 0.710657 -2.176297 0.718517 0.079231 0.812756 -0.149249 0.557561
1403715535862142976 0.777047 -2.309281 0.697175 0.082427 0.814202 -0.126143 0.560686
1403715535962142976 0.844131 -2.440421 0.673598 0.079826 0.820914 -0.102447 0.556087
1403715536062142976 0.912525 -2.567344 0.650695 0.072525 0.829184 -0.085089 0.547680
1403715536162142976 0.986744 -2.690007 0.630907 0.065570 0.835952 -0.071687 0.540134
1403715536262142976 1.070237 -2.808807 0.614549 0.064851 0.841054 -0.057305 0.533984
1403715536362142976 1.160937 -2.921298 0.603857 0.067057 0.841406 -0.042938 0.534505
1403715536462142976 1.261559 -3.027054 0.596559 0.076151 0.837215 -0.026228 0.540910
1403715536562142976 1.369786 -3.120489 0.592364 0.084217 0.831505 -0.013739 0.548924
1403715536662142976 1.484469 -3.201446 0.589300 0.088597 0.824272 -0.005899 0.559188
1403715536762142976 1.601425 -3.266592 0.589436 0.087932 0.812420 -0.001878 0.576401
1403715536862142976 1.716092 -3.313791 0.592997 0.087640 0.799595 0.005648 0.594084
1403715536962142976 1.822863 -3.343213 0.599093 0.096579 0.786785 0.016993 0.609388
1403715537062142976 1.918902 -3.353764 0.607190 0.106189 0.772446 0.026168 0.625592
1403715537162142976 2.000704 -3.341422 0.619871 0.112394 0.753177 0.032007 0.647354
1403715537262142976 2.061823 -3.303934 0.635746 0.111230 0.735548 0.031575 0.667532
1403715537362142976 2.097858 -3.242875 0.653591 0.085601 0.732462 0.014800 0.675243
1403715537462142976 2.108658 -3.165100 0.669739 0.056258 0.750907 -0.007280 0.657967
1403715537562142976 2.096807 -3.078509 0.686179 0.033088 0.778679 -0.026786 0.625977
1403715537662142976 2.070320 -2.988752 0.706358 0.019318 0.798666 -0.040406 0.600105
1403715537762142976 2.037065 -2.900683 0.732462 0.014336 0.797331 -0.048254 0.601440
1403715537862142976 1.996524 -2.815577 0.759841 0.014615 0.786981 -0.051007 0.614691
1403715537962142976 1.946947 -2.734100 0.782030 0.015738 0.785118 -0.051396 0.617010
1403715538062142976 1.888099 -2.656752 0.800679 0.012291 0.791543 -0.055092 0.608501
1403715538162142976 1.822011 -2.585130 0.817261 0.008532 0.798329 -0.064587 0.598687
1403715538262142976 1.749832 -2.521103 0.825195 0.012633 0.802442 -0.076316 0.591694
1403715538362142976 1.673145 -2.464399 0.822382 0.022263 0.800308 -0.089383 0.592471
1403715538462142976 1.592150 -2.413882 0.813759 0.044042 0.789314 -0.098831 0.604381
1403715538562142976 1.503310 -2.366961 0.806691 0.070798 0.777387 -0.108182 0.615593
1403715538662142976 1.404436 -2.319582 0.799255 0.092517 0.770997 -0.124262 0.617708
1403715538762142976 1.296835 -2.270907 0.789378 0.111235 0.772237 -0.147805 0.607808
1403715538862142976 1.180910 -2.219934 0.777586 0.130474 0.777753 -0.176509 0.589001
1403715538962142976 1.059139 -2.167515 0.761573 0.152421 0.777713 -0.208660 0.573055
1403715539062142976 0.934582 -2.112528 0.735166 0.177215 0.770881 -0.243426 0.561320
1403715539162142976 0.808554 -2.056193 0.697140 0.201899 0.760150 -0.279766 0.550582
1403715539262142976 0.683594 -1.997841 0.647567 0.224315 0.748712 -0.315964 0.537847
1403715539362142976 0.559639 -1.937452 0.587104 0.243678 0.740075 -0.349338 0.520454
1403715539462142976 0.439399 -1.879313 0.526026 0.261367 0.730289 -0.375338 0.507431
1403715539562142976 0.325067 -1.822231 0.478901 0.267226 0.721326 -0.398795 0.499241
1403715539662142976 0.217524 -1.769564 0.451105 0.266735 0.711088 -0.417230 0.499125
1403715539762142976 0.114009 -1.719985 0.441622 0.270079 0.702217 -0.426436 0.502097
1403715539862142976 0.014048 -1.674975 0.445009 0.273022 0.701026 -0.427731 0.501067
1403715539962142976 -0.084906 -1.636539 0.463407 0.263992 0.707873 -0.430077 0.494225
1403715540062142976 -0.178662 -1.609223 0.491852 0.248653 0.717808 -0.434948 0.483470
1403715540162142976 -0.265384 -1.595851 0.524199 0.229141 0.725219 -0.441707 0.475864
1403715540262142976 -0.349922 -1.598664 0.561454 0.221062 0.726960 -0.442828 0.475988
1403715540362142976 -0.433751 -1.618347 0.600998 0.228502 0.730188 -0.433655 0.475978
1403715540462142976 -0.520437 -1.646440 0.637285 0.237981 0.736357 -0.423730 0.470740
1403715540562142976 -0.601366 -1.687234 0.669270 0.243013 0.746005 -0.419313 0.456726
1403715540662142976 -0.679254 -1.735240 0.696576 0.241374 0.751314 -0.422427 0.445893
1403715540762142976 -0.748040 -1.795543 0.721260 0.230491 0.747594 -0.434611 0.446196
1403715540862142976 -0.807618 -1.871543 0.745487 0.230450 0.739375 -0.439540 0.454996
1403715540962142976 -0.861960 -1.962390 0.767824 0.236172 0.732032 -0.438775 0.464573
1403715541062142976 -0.913079 -2.064620 0.788265 0.245109 0.728537 -0.433830 0.470050
1403715541162142976 -0.961316 -2.175175 0.804962 0.247725 0.727427 -0.431817 0.472246
1403715541262142976 -1.005385 -2.294950 0.818716 0.240102 0.715939 -0.437051 0.488641
1403715541362142976 -1.051592 -2.421476 0.832343 0.246731 0.707302 -0.435973 0.498773
1403715541462142976 -1.100818 -2.552565 0.841350 0.256808 0.710392 -0.431859 0.492840
1403715541562142976 -1.150249 -2.687113 0.846884 0.259647 0.720391 -0.431607 0.476798
1403715541662142976 -1.195934 -2.825796 0.853317 0.261202 0.728590 -0.431052 0.463815
1403715541762142976 -1.235412 -2.970462 0.862675 0.276580 0.734653 -0.419598 0.455771
1403715541862142976 -1.266118 -3.119500 0.874268 0.300524 0.736799 -0.401146 0.453756
1403715541962142976 -1.283880 -3.266861 0.886311 0.318307 0.739324 -0.382981 0.453218
1403715542062142976 -1.285198 -3.408333 0.896576 0.328268 0.743537 -0.363165 0.455526
1403715542162142976 -1.269755 -3.539733 0.907781 0.330328 0.742918 -0.342739 0.470623
1403715542262142976 -1.237504 -3.660083 0.919655 0.323722 0.739618 -0.322866 0.493890
1403715542362142976 -1.191967 -3.764034 0.933189 0.304884 0.736445 -0.307603 0.519687
1403715542462142976 -1.139767 -3.852767 0.947906 0.276325 0.730057 -0.295442 0.550795
1403715542562142976 -1.086868 -3.932866 0.962116 0.252204 0.726317 -0.284182 0.572798
1403715542662142976 -1.039354 -4.002317 0.967712 0.233479 0.734934 -0.276436 0.573535
1403715542762142976 -0.998088 -4.060013 0.969320 0.220455 0.742256 -0.270568 0.572056
1403715542862142976 -0.963263 -4.103838 0.967729 0.211401 0.751113 -0.267293 0.565413
1403715542962142976 -0.934436 -4.138522 0.961314 0.200046 0.755093 -0.269107 0.563381
1403715543062142976 -0.910367 -4.168561 0.949836 0.190115 0.753834 -0.272761 0.566737
1403715543162142976 -0.891222 -4.195565 0.934898 0.186238 0.751478 -0.275312 0.569912
1403715543262142976 -0.877846 -4.219580 0.917682 0.185502 0.746618 -0.277851 0.575282
1403715543362142976 -0.871175 -4.242800 0.901447 0.186105 0.744191 -0.280169 0.577105
1403715543462142976 -0.870025 -4.264698 0.884492 0.192122 0.743811 -0.278859 0.576256
1403715543562142976 -0.877379 -4.281986 0.869787 0.200653 0.742843 -0.275625 0.576155
1403715543662142976 -0.888200 -4.296893 0.852911 0.211695 0.737611 -0.269565 0.581764
1403715543762142976 -0.910658 -4.300826 0.835802 0.230843 0.732667 -0.264036 0.583262
1403715543862142976 -0.938613 -4.295765 0.814218 0.255692 0.729219 -0.263739 0.577324
1403715543962142976 -0.973453 -4.274510 0.790152 0.278897 0.726888 -0.273694 0.564750
1403715544062142976 -1.009919 -4.237114 0.763418 0.300717 0.724169 -0.292555 0.547321
1403715544162142976 -1.046364 -4.184154 0.726609 0.308260 0.715667 -0.330583 0.532459
1403715544262142976 -1.082029 -4.119549 0.677221 0.317606 0.700858 -0.374616 0.517288
1403715544362142976 -1.116264 -4.045824 0.614111 0.328392 0.680949 -0.421195 0.501060
1403715544462142976 -1.148537 -3.965154 0.540565 0.340276 0.657341 -0.463997 0.486643
1403715544562142976 -1.179266 -3.879315 0.467769 0.354818 0.635246 -0.497170 0.472640
1403715544662142976 -1.206692 -3.790136 0.409497 0.367212 0.618644 -0.518749 0.461881
1403715544762142976 -1.232410 -3.698752 0.376818 0.382732 0.605541 -0.525016 0.459559
1403715544862142976 -1.257268 -3.601434 0.370226 0.393240 0.598268 -0.525526 0.459631
1403715544962142976 -1.281218 -3.496161 0.383739 0.393800 0.598866 -0.527734 0.455827
1403715545062142976 -1.305003 -3.385517 0.402202 0.391539 0.601671 -0.533252 0.447585
1403715545162142976 -1.327341 -3.273966 0.419595 0.392939 0.600998 -0.540938 0.437934
1403715545262142976 -1.348276 -3.160377 0.426442 0.396306 0.595727 -0.552146 0.428002
1403715545362142976 -1.368883 -3.045918 0.422179 0.399189 0.586625 -0.565297 0.420665
1403715545462142976 -1.387234 -2.931659 0.414415 -0.394412 -0.572735 0.580244 -0.423946
1403715545562142976 -1.406681 -2.817684 0.412484 -0.386484 -0.559302 0.593939 -0.430173
1403715545662142976 -1.432451 -2.704875 0.418040 -0.380309 -0.549780 0.602671 -0.435768
1403715545762142976 -1.466310 -2.593415 0.425533 -0.377222 -0.549317 0.603567 -0.437792
1403715545862142976 -1.506818 -2.484384 0.431976 -0.377532 -0.557314 0.596319 -0.437348
1403715545962142976 -1.553195 -2.374979 0.439247 -0.379203 -0.573983 0.579929 -0.436384
1403715546062142976 -1.602328 -2.266137 0.446371 0.376809 0.595923 -0.556718 0.439268
1403715546162142976 -1.651421 -2.157953 0.454349 0.365219 0.619514 -0.530158 0.449164
1403715546262142976 -1.699310 -2.051410 0.462956 0.346765 0.644174 -0.500178 0.463266
1403715546362142976 -1.745595 -1.944476 0.472841 0.323880 0.667889 -0.468510 0.479087
1403715546462142976 -1.791242 -1.837170 0.483495 0.297783 0.691500 -0.435835 0.493154
1403715546562142976 -1.837102 -1.730333 0.495790 0.271213 0.713870 -0.400893 0.506081
1403715546662142976 -1.882387 -1.624510 0.507505 0.245869 0.738310 -0.362786 0.512673
1403715546762142976 -1.925497 -1.521467 0.516085 0.216679 0.766311 -0.325337 0.509875
1403715546862142976 -1.964167 -1.423503 0.522666 0.182328 0.791431 -0.291977 0.505117
1403715546962142976 -1.997687 -1.333728 0.532125 0.155535 0.809243 -0.253900 0.506428
1403715547062142976 -2.023163 -1.251513 0.542535 0.137995 0.823791 -0.209728 0.508272
1403715547162142976 -2.038359 -1.173791 0.552801 0.117650 0.834058 -0.167831 0.512189
1403715547262142976 -2.041656 -1.098983 0.563724 0.098018 0.841330 -0.125951 0.516422
1403715547362142976 -2.035470 -1.023419 0.574211 0.079166 0.847200 -0.088157 0.517893
1403715547462142976 -2.019504 -0.946928 0.581980 0.057238 0.854087 -0.057274 0.513788
1403715547562142976 -1.990127 -0.868399 0.587136 0.035451 0.859787 -0.026313 0.508741
1403715547662142976 -1.946258 -0.785913 0.592050 0.014686 0.862518 0.008441 0.505743
1403715547762142976 -1.885897 -0.702454 0.596784 -0.004213 0.863016 0.044085 0.503232
1403715547862142976 -1.808307 -0.620555 0.601990 -0.025341 0.861187 0.076700 0.501829
1403715547962142976 -1.716872 -0.532129 0.607508 -0.046300 0.853144 0.105566 0.508780
1403715548062142976 -1.615542 -0.433741 0.614168 -0.065623 0.840106 0.123780 0.524017
1403715548162142976 -1.508755 -0.331438 0.621060 -0.075499 0.825659 0.137142 0.542014
1403715548262142976 -1.397715 -0.228579 0.625304 -0.077953 0.815049 0.145990 0.555253
1403715548362142976 -1.286030 -0.122623 0.623126 -0.078402 0.809996 0.149106 0.561717
1403715548462142976 -1.175263 -0.012731 0.608492 -0.076249 0.809273 0.148947 0.563097
1403715548562142976 -1.065092 0.100606 0.587990 -0.078381 0.810777 0.143251 0.562118
1403715548662142976 -0.957820 0.216127 0.566105 -0.080860 0.812742 0.135811 0.560775
1403715548762142976 -0.853379 0.332611 0.545766 -0.082059 0.813249 0.129054 0.561461
1403715548862142976 -0.750143 0.447343 0.526728 -0.081072 0.813920 0.123689 0.561839
1403715548962142976 -0.647896 0.560455 0.508972 -0.082008 0.813255 0.120288 0.563402
1403715549062142976 -0.550551 0.673991 0.491348 -0.086453 0.810460 0.124497 0.565845
1403715549162142976 -0.455812 0.788180 0.478071 -0.094911 0.801781 0.131771 0.575131
1403715549262142976 -0.364189 0.901539 0.466819 -0.102754 0.790747 0.137970 0.587473
1403715549362142976 -0.279517 1.013123 0.454995 -0.113431 0.783110 0.140217 0.595157
1403715549462142976 -0.204212 1.119529 0.439474 -0.130160 0.783972 0.136497 0.591452
1403715549562142976 -0.133955 1.218644 0.422788 -0.142678 0.790837 0.133669 0.579960
1403715549662142976 -0.065085 1.309071 0.406101 -0.151123 0.800742 0.125920 0.565791
1403715549762142976 0.004975 1.388346 0.391936 -0.153553 0.805871 0.109880 0.561178
1403715549862142976 0.075948 1.452735 0.382269 -0.149033 0.806750 0.088155 0.564953
1403715549962142976 0.147103 1.501288 0.374832 -0.145573 0.809396 0.056858 0.566086
1403715550062142976 0.216895 1.529773 0.369507 -0.136209 0.814413 0.021318 0.563670
1403715550162142976 0.285669 1.535631 0.369099 -0.108959 0.819866 -0.007077 0.562048
1403715550262142976 0.355845 1.523087 0.381048 -0.076685 0.823581 -0.032049 0.561076
1403715550362142976 0.427425 1.494380 0.407643 -0.046165 0.824906 -0.056796 0.560511
1403715550462142976 0.498865 1.451681 0.444250 -0.012385 0.822355 -0.080361 0.563135
1403715550562142976 0.572222 1.401173 0.479582 0.018751 0.818469 -0.107278 0.564135
1403715550662142976 0.645080 1.345257 0.504012 0.040158 0.812927 -0.140969 0.563617
1403715550762142976 0.716687 1.282944 0.515920 0.055042 0.805038 -0.179049 0.562872
1403715550862142976 0.784322 1.212963 0.515624 0.065177 0.795576 -0.218957 0.561132
1403715550962142976 0.848407 1.132443 0.505708 0.077213 0.784796 -0.256959 0.558663
1403715551062142976 0.906668 1.039336 0.497512 0.099721 0.774791 -0.287041 0.554403
1403715551162142976 0.955714 0.931848 0.502753 0.127137 0.763797 -0.313214 0.549861
1403715551262142976 0.997697 0.812114 0.520373 0.147425 0.749193 -0.343656 0.546696
1403715551362142976 1.031431 0.681938 0.544299 0.162754 0.732464 -0.377915 0.542390
1403715551462142976 1.054159 0.542079 0.568272 0.181211 0.713735 -0.410023 0.538168
1403715551562142976 1.062665 0.393414 0.592418 0.207081 0.694859 -0.436671 0.532547
1403715551662142976 1.056874 0.237993 0.616922 0.243290 0.676690 -0.455271 0.525004
1403715551762142976 1.037622 0.080785 0.642259 0.280204 0.654885 -0.471971 0.519476
1403715551862142976 1.007458 -0.073783 0.666255 0.310861 0.627845 -0.490980 0.517798
1403715551962142976 0.965639 -0.221726 0.689661 0.340817 0.598954 -0.508374 0.516384
1403715552062142976 0.913122 -0.359402 0.710352 0.373439 0.581339 -0.523188 0.498861
1403715552162142976 0.854383 -0.485302 0.727856 0.396359 0.565935 -0.542345 0.477995
1403715552262142976 0.789629 -0.595855 0.743941 -0.423926 -0.545192 0.557024 -0.461278
1403715552362142976 0.722666 -0.691723 0.757803 -0.451344 -0.519833 0.571631 -0.446431
1403715552462142976 0.655527 -0.770428 0.769284 -0.474176 -0.494287 0.590866 -0.426280
1403715552562142976 0.589798 -0.830159 0.779979 -0.493436 -0.462558 0.612317 -0.409426
1403715552662142976 0.527080 -0.870948 0.788664 0.509852 0.424943 -0.635220 0.394929
1403715552762142976 0.465748 -0.894115 0.795070 0.520934 0.386494 -0.661688 0.376058
1403715552862142976 0.406183 -0.891563 0.798823 0.529996 0.347412 -0.688396 0.352874
1403715552962142976 0.346969 -0.872805 0.797961 0.531102 0.306187 -0.716919 0.331975
1403715553062142976 0.286390 -0.836540 0.794091 0.530067 0.262810 -0.742788 0.313409
1403715553162142976 0.221600 -0.782991 0.788630 0.536402 0.223827 -0.760528 0.289434
1403715553262142976 0.151551 -0.712255 0.783473 0.550598 0.185640 -0.769128 0.266122
1403715553362142976 0.080012 -0.618843 0.777438 0.573772 0.149311 -0.768805 0.239648
1403715553462142976 0.014449 -0.502814 0.769677 0.603728 0.119323 -0.761723 0.202612
1403715553562142976 -0.042884 -0.372942 0.757955 0.629056 0.092230 -0.754247 0.163992
1403715553662142976 -0.085112 -0.230549 0.741424 0.641609 0.072242 -0.752805 0.128075
1403715553762142976 -0.110657 -0.080579 0.719987 0.634164 0.062592 -0.764259 0.099133
1403715553862142976 -0.120878 0.073257 0.696618 0.611130 0.062329 -0.785668 0.073216
1403715553962142976 -0.120337 0.227753 0.677135 0.588276 0.065433 -0.804125 0.055079
1403715554062142976 -0.114901 0.379365 0.657910 0.558925 0.065449 -0.825149 0.049475
1403715554162142976 -0.111923 0.527262 0.639446 0.527281 0.067182 -0.845737 0.046797
1403715554262142976 -0.120419 0.670678 0.625555 0.504875 0.070757 -0.859126 0.044693
1403715554362142976 -0.145504 0.807660 0.611703 -0.495004 -0.085138 0.864145 -0.031259
1403715554462142976 -0.189374 0.932895 0.593204 0.512582 0.126219 -0.849303 -0.003480
1403715554562142976 -0.241002 1.039892 0.564960 0.544639 0.183147 -0.816826 -0.051194
1403715554662142976 -0.290616 1.115205 0.525411 0.571535 0.229161 -0.782367 -0.093465
1403715554762142976 -0.326453 1.150846 0.476623 0.588523 0.255172 -0.757838 -0.119204
1403715554862142976 -0.338328 1.142062 0.431064 0.605791 0.265299 -0.739211 -0.127284
1403715554962142976 -0.323352 1.058338 0.406162 0.622388 0.254271 -0.731442 -0.113897
1403715555062142976 -0.275439 0.915687 0.404480 0.624252 0.211520 -0.749301 -0.064158
1403715555162142976 -0.202174 0.735340 0.420670 0.604540 0.150957 -0.782088 0.009051
1403715555262142976 -0.119870 0.540571 0.437246 0.570123 0.088877 -0.811937 0.088429
1403715555362142976 -0.038276 0.350803 0.441586 0.540967 0.041796 -0.826709 0.148862
1403715555462142976 0.031361 0.181429 0.447560 0.540399 0.029348 -0.824988 0.162793
1403715555562142976 0.088405 0.039030 0.471662 0.554335 0.039274 -0.817929 0.148873
1403715555662142976 0.136127 -0.081379 0.510988 0.563588 0.054427 -0.813590 0.132201
1403715555762142976 0.184036 -0.183019 0.559052 0.559319 0.063122 -0.816546 0.128180
1403715555862142976 0.230148 -0.267014 0.617799 0.547901 0.060082 -0.822331 0.141302
1403715555962142976 0.268921 -0.333375 0.686004 0.540420 0.059076 -0.825783 0.150133
1403715556062142976 0.305038 -0.384324 0.747643 0.527879 0.050021 -0.831237 0.166992
1403715556162142976 0.325001 -0.416163 0.799831 0.526097 0.044723 -0.830646 0.176776
1403715556262142976 0.331215 -0.424801 0.847417 0.536651 0.045366 -0.823601 0.177846
1403715556362142976 0.323909 -0.411105 0.890420 0.545007 0.052399 -0.818524 0.173898
1403715556462142976 0.308647 -0.378779 0.927729 0.550246 0.065043 -0.816194 0.163788
1403715556562142976 0.289681 -0.332572 0.953517 0.553475 0.090209 -0.816659 0.136367
1403715556662142976 0.266994 -0.276620 0.966730 0.551209 0.109437 -0.818943 0.116291
1403715556762142976 0.241470 -0.216442 0.965236 0.542926 0.123080 -0.824249 0.103420
1403715556862142976 0.211122 -0.156582 0.955667 0.545919 0.135845 -0.821779 0.090546
1403715556962142976 0.176461 -0.099621 0.943466 0.549541 0.145959 -0.818698 0.080214
1403715557062142976 0.137712 -0.048741 0.927520 0.538581 0.145675 -0.825869 0.081542
1403715557162142976 0.093819 -0.004331 0.912179 0.520231 0.140477 -0.837804 0.087803
1403715557262142976 0.039961 0.034754 0.899705 0.504049 0.135477 -0.847935 0.092665
1403715557362142976 -0.027843 0.070096 0.889775 -0.495585 -0.132682 0.853270 -0.093389
1403715557462142976 -0.111586 0.101666 0.881228 0.501154 0.130666 -0.850366 0.093000
1403715557562142976 -0.208913 0.129607 0.873399 0.521315 0.132193 -0.838409 0.088466
1403715557662142976 -0.315620 0.152764 0.862694 0.539699 0.135742 -0.826909 0.080751
1403715557762142976 -0.427071 0.170501 0.849134 0.552660 0.136733 -0.818717 0.074661
1403715557862142976 -0.539742 0.182246 0.839560 0.554905 0.129897 -0.818164 0.076258
1403715557962142976 -0.652480 0.190337 0.843170 0.554469 0.122028 -0.819583 0.077178
1403715558062142976 -0.765264 0.193468 0.859166 0.555295 0.116051 -0.819970 0.076345
1403715558162142976 -0.880122 0.193447 0.885725 0.552745 0.112265 -0.822386 0.074504
1403715558262142976 -0.997145 0.189596 0.916261 0.551371 0.114879 -0.823693 0.065754
1403715558362142976 -1.116278 0.181497 0.946428 0.559012 0.121501 -0.818463 0.053497
1403715558462142976 -1.235794 0.166153 0.973522 0.573869 0.121156 -0.808144 0.053833
1403715558562142976 -1.351910 0.146123 0.991655 0.593752 0.114140 -0.793865 0.064870
1403715558662142976 -1.461035 0.124942 0.996263 0.605960 0.108116 -0.784677 0.073523
1403715558762142976 -1.561222 0.104191 0.988103 0.609230 0.109230 -0.781514 0.078380
1403715558862142976 -1.652624 0.082692 0.977872 0.609536 0.121470 -0.779240 0.080602
1403715558962142976 -1.732490 0.061416 0.970240 0.610017 0.141260 -0.775360 0.082110
1403715559062142976 -1.797673 0.039189 0.966145 0.609272 0.163666 -0.771043 0.086572
1403715559162142976 -1.848686 0.013443 0.966314 0.607820 0.183739 -0.765938 0.100667
1403715559262142976 -1.884778 -0.014899 0.969097 0.606689 0.206413 -0.759122 0.114261
1403715559362142976 -1.904775 -0.044975 0.971624 0.603562 0.231618 -0.752480 0.125858
1403715559462142976 -1.910253 -0.076814 0.971514 0.591419 0.256849 -0.752429 0.134544
1403715559562142976 -1.905457 -0.112778 0.961884 0.569393 0.270544 -0.761787 0.149257
1403715559662142976 -1.893182 -0.150523 0.940697 0.553545 0.278112 -0.767662 0.164125
1403715559762142976 -1.877547 -0.192087 0.910013 0.547580 0.291996 -0.765790 0.168703
1403715559862142976 -1.857566 -0.237341 0.876705 0.543401 0.307947 -0.761172 0.174645
1403715559962142976 -1.834228 -0.287305 0.842593 0.540010 0.329572 -0.753481 0.178989
1403715560062142976 -1.806708 -0.344768 0.809679 0.535534 0.351920 -0.744795 0.186109
1403715560162142976 -1.772670 -0.411509 0.784097 0.528168 0.372092 -0.737218 0.197727
1403715560262142976 -1.732789 -0.487776 0.771540 0.516270 0.384040 -0.732804 0.221307
1403715560362142976 -1.690784 -0.571230 0.770648 0.503862 0.396841 -0.727763 0.242901
1403715560462142976 -1.647981 -0.658528 0.774359 -0.494448 -0.412744 0.719558 -0.259614
1403715560562142976 -1.605950 -0.749049 0.776287 -0.486429 -0.428311 0.710016 -0.275344
1403715560662142976 -1.563722 -0.842230 0.778286 -0.478859 -0.446629 0.698325 -0.289068
1403715560762142976 -1.519913 -0.940259 0.782010 -0.471672 -0.466578 0.684576 -0.301970
1403715560862142976 -1.474031 -1.040913 0.785843 -0.466517 -0.489739 0.667628 -0.311114
1403715560962142976 -1.424601 -1.144439 0.789972 -0.458877 -0.513586 0.650183 -0.320817
1403715561062142976 -1.370249 -1.250232 0.793925 -0.447823 -0.535471 0.632724 -0.335239
1403715561162142976 -1.312283 -1.358162 0.795730 -0.432208 -0.553740 0.617491 -0.353940
1403715561262142976 -1.251644 -1.468701 0.796877 -0.414890 -0.565112 0.606872 -0.374462
1403715561362142976 -1.191434 -1.581521 0.797268 -0.394478 -0.568516 0.602986 -0.396968
1403715561462142976 -1.135581 -1.696800 0.797776 -0.381202 -0.575365 0.594265 -0.412903
1403715561562142976 -1.084646 -1.812349 0.801650 0.380676 0.588617 -0.576430 0.419933
1403715561662142976 -1.036328 -1.927811 0.806725 0.384409 0.604345 -0.555472 0.422431
1403715561762142976 -0.988028 -2.041851 0.812399 0.387683 0.615868 -0.532756 0.431949
1403715561862142976 -0.937952 -2.150603 0.818769 0.385785 0.626130 -0.510490 0.445568
1403715561962142976 -0.884544 -2.253112 0.827235 0.382329 0.634733 -0.486297 0.463092
1403715562062142976 -0.830265 -2.345398 0.837487 0.379768 0.639085 -0.462854 0.482816
1403715562162142976 -0.775634 -2.425045 0.849182 0.382354 0.641038 -0.442706 0.496877
1403715562262142976 -0.721642 -2.487388 0.859377 0.386362 0.646744 -0.428241 0.499055
1403715562362142976 -0.665067 -2.533385 0.865837 0.387656 0.658594 -0.422202 0.487568
1403715562462142976 -0.602320 -2.564377 0.870001 0.384466 0.675568 -0.421583 0.466970
1403715562562142976 -0.530182 -2.582842 0.875434 0.383033 0.690355 -0.413811 0.453273
1403715562662142976 -0.444642 -2.591252 0.882252 0.372386 0.698968 -0.406886 0.455211
1403715562762142976 -0.347397 -2.591175 0.887363 0.342603 0.700608 -0.416453 0.467268
1403715562862142976 -0.242594 -2.585734 0.892901 0.316507 0.701398 -0.422432 0.478974
1403715562962142976 -0.134817 -2.576638 0.898767 0.294659 0.704792 -0.419556 0.490324
1403715563062142976 -0.026163 -2.567374 0.904632 0.279183 0.710123 -0.407158 0.502001
1403715563162142976 0.080741 -2.556426 0.911038 0.272769 0.716934 -0.381582 0.515750
1403715563262142976 0.187161 -2.542941 0.917765 0.263021 0.723062 -0.348598 0.535239
1403715563362142976 0.291626 -2.522717 0.922415 0.245970 0.732575 -0.310855 0.553355
1403715563462142976 0.390314 -2.495147 0.925138 0.224831 0.745476 -0.270205 0.566308
1403715563562142976 0.483536 -2.460384 0.918933 0.204759 0.757602 -0.229267 0.575804
1403715563662142976 0.566404 -2.416745 0.898919 0.187260 0.766293 -0.189779 0.584562
1403715563762142976 0.641127 -2.364066 0.869036 0.171000 0.771049 -0.152281 0.594182
1403715563862142976 0.709469 -2.301126 0.828776 0.141475 0.772597 -0.123228 0.606542
1403715563962142976 0.768525 -2.227732 0.778587 0.103660 0.775701 -0.097994 0.614768
1403715564062142976 0.817240 -2.147125 0.722303 0.057976 0.781473 -0.075675 0.616614
1403715564162142976 0.853221 -2.062708 0.669492 0.016186 0.784709 -0.049575 0.617667
1403715564262142976 0.879188 -1.980319 0.620143 -0.019834 0.788157 -0.018279 0.614882
1403715564362142976 0.894056 -1.904615 0.582724 -0.047846 0.789691 0.022940 0.611206
1403715564462142976 0.897447 -1.834195 0.558767 -0.073963 0.798143 0.069934 0.593806
1403715564562142976 0.893847 -1.769338 0.549900 -0.098735 0.802438 0.117641 0.576632
1403715564662142976 0.886055 -1.707815 0.555835 -0.121519 0.799182 0.165288 0.564996
1403715564762142976 0.876210 -1.648369 0.575170 -0.141931 0.790320 0.212144 0.556997
1403715564862142976 0.866410 -1.587040 0.608798 -0.162741 0.777341 0.255587 0.551300
1403715564962142976 0.853747 -1.525402 0.656379 -0.184589 0.758998 0.294689 0.550461
1403715565062142976 0.834755 -1.460845 0.715120 -0.207392 0.741081 0.331319 0.545907
1403715565162142976 0.807855 -1.396456 0.777838 -0.237261 0.725359 0.363581 0.534202
1403715565262142976 0.775720 -1.332996 0.829980 -0.267700 0.710161 0.392340 0.519690
1403715565362142976 0.742514 -1.271824 0.871121 -0.298289 0.690179 0.415781 0.511667
1403715565462142976 0.706375 -1.214548 0.901087 -0.329329 0.667675 0.436568 0.505135
1403715565562142976 0.667001 -1.164894 0.922892 -0.355971 0.644071 0.461085 0.495841
1403715565662142976 0.623455 -1.124782 0.945764 -0.381762 0.619710 0.488888 0.480839
1403715565762142976 0.575118 -1.094493 0.972679 -0.405194 0.593635 0.521366 0.459991
1403715565862142976 0.524082 -1.075986 1.001874 -0.426181 0.565854 0.558199 0.431965
1403715565962142976 0.470594 -1.070226 1.032393 -0.449136 0.530469 0.594832 0.403799
1403715566062142976 0.417667 -1.071938 1.063371 -0.473471 0.491794 0.627693 0.374120
1403715566162142976 0.365923 -1.081201 1.094912 -0.493686 0.451198 0.658084 0.345861
1403715566262142976 0.316355 -1.099681 1.124064 0.512753 -0.410035 -0.684681 -0.316493
1403715566362142976 0.270733 -1.126275 1.150742 0.529910 -0.368346 -0.708187 -0.286335
1403715566462142976 0.229148 -1.159347 1.169113 0.544479 -0.326964 -0.728232 -0.257517
1403715566562142976 0.190237 -1.197624 1.175403 0.559640 -0.286925 -0.742552 -0.230423
1403715566662142976 0.154999 -1.241956 1.171066 0.572198 -0.247192 -0.754662 -0.204870
1403715566762142976 0.123557 -1.293587 1.160278 0.581837 -0.204688 -0.767015 -0.176797
1403715566862142976 0.097421 -1.354568 1.151012 0.590092 -0.161340 -0.778255 -0.141705
1403715566962142976 0.076873 -1.422664 1.144141 0.599186 -0.113734 -0.785639 -0.103978
1403715567062142976 0.062702 -1.496244 1.135092 0.601074 -0.064596 -0.794275 -0.060529
1403715567162142976 0.056282 -1.574432 1.126798 0.600535 -0.013922 -0.799394 -0.011547
1403715567262142976 0.060079 -1.652941 1.117163 0.592536 0.041806 -0.803689 0.035190
1403715567362142976 0.068823 -1.732500 1.106577 0.580678 0.102973 -0.803880 0.077373
1403715567462142976 0.082610 -1.811067 1.088969 0.566112 0.166871 -0.799164 0.114056
1403715567562142976 0.099569 -1.889187 1.057214 0.551960 0.227268 -0.788537 0.147985
1403715567662142976 0.118953 -1.971002 1.014233 0.540314 0.280773 -0.771764 0.183324
1403715567762142976 0.141462 -2.056508 0.965954 0.531420 0.330437 -0.748258 0.220260
1403715567862142976 0.168487 -2.143565 0.917460 0.521030 0.377213 -0.721502 0.256268
1403715567962142976 0.201101 -2.230265 0.870046 0.506884 0.424183 -0.693091 0.287683
1403715568062142976 0.240297 -2.313976 0.825264 -0.494818 -0.466278 0.660773 -0.317992
1403715568162142976 0.289605 -2.396916 0.785360 -0.481309 -0.502891 0.627088 -0.349576
1403715568262142976 0.345446 -2.473865 0.746638 -0.462115 -0.537490 0.594918 -0.378981
1403715568362142976 0.406534 -2.544755 0.708863 0.439379 0.569049 -0.563490 0.406948
1403715568462142976 0.475998 -2.607092 0.676168 0.416305 0.599023 -0.530477 0.431806
1403715568562142976 0.551623 -2.661470 0.651422 0.391820 0.627817 -0.496324 0.453856
1403715568662142976 0.632108 -2.700298 0.637076 0.367819 0.655976 -0.459730 0.472285
1403715568762142976 0.710932 -2.724397 0.625856 0.340218 0.681231 -0.423260 0.490945
1403715568862142976 0.788499 -2.740063 0.616814 0.312067 0.705441 -0.386704 0.505397
1403715568962142976 0.865254 -2.748622 0.607171 0.282186 0.727579 -0.353849 0.515548
1403715569062142976 0.940915 -2.749478 0.597150 0.254947 0.747113 -0.322652 0.522226
1403715569162142976 1.017215 -2.745231 0.586428 0.227288 0.762923 -0.292593 0.529790
1403715569262142976 1.094660 -2.738243 0.576331 0.201477 0.772050 -0.266250 0.540792
1403715569362142976 1.171869 -2.727915 0.569594 0.185548 0.771623 -0.239575 0.559262
1403715569462142976 1.246192 -2.713274 0.564314 0.172260 0.770347 -0.214972 0.575047
1403715569562142976 1.317995 -2.693752 0.559173 0.161492 0.773507 -0.188627 0.583118
1403715569662142976 1.382764 -2.665412 0.554708 0.148157 0.780137 -0.162102 0.585798
1403715569762142976 1.439306 -2.626981 0.551090 0.128319 0.788656 -0.135942 0.585726
1403715569862142976 1.489316 -2.579678 0.548811 0.101471 0.795814 -0.107754 0.587174
1403715569962142976 1.535210 -2.525684 0.548634 0.077222 0.797131 -0.074200 0.594233
1403715570062142976 1.574674 -2.466473 0.548581 0.051623 0.797268 -0.039742 0.600100
1403715570162142976 1.608500 -2.402548 0.547320 0.025075 0.796779 -0.003968 0.603738
1403715570262142976 1.634539 -2.334436 0.544765 -0.003042 0.795350 0.032998 0.605244
1403715570362142976 1.652749 -2.261912 0.540464 -0.032135 0.790305 0.072052 0.607613
1403715570462142976 1.659222 -2.186489 0.534430 -0.063776 0.783042 0.111818 0.608502
1403715570562142976 1.654639 -2.109367 0.526324 -0.094696 0.773147 0.153899 0.607940
1403715570662142976 1.638550 -2.031941 0.513967 -0.125635 0.765548 0.196472 0.599625
1403715570762142976 1.609781 -1.955510 0.499797 -0.156685 0.759163 0.239022 0.584799
1403715570862142976 1.570971 -1.878351 0.485154 -0.187353 0.748369 0.281928 0.570402
1403715570962142976 1.525277 -1.800832 0.470118 -0.215714 0.737263 0.321908 0.553431
1403715571062142976 1.473122 -1.725577 0.454072 -0.241375 0.727565 0.353239 0.536292
1403715571162142976 1.418639 -1.650869 0.438475 -0.264791 0.718873 0.370498 0.525204
1403715571262142976 1.362261 -1.579363 0.426978 -0.283068 0.704386 0.379001 0.529218
1403715571362142976 1.302317 -1.515882 0.417530 -0.292358 0.691511 0.383724 0.537676
1403715571462142976 1.235865 -1.461705 0.407597 -0.291791 0.692003 0.389526 0.533160
1403715571562142976 1.165935 -1.413810 0.396280 -0.291959 0.703076 0.391628 0.516790
1403715571662142976 1.094249 -1.367906 0.375221 -0.303543 0.723248 0.383229 0.487760
1403715571762142976 1.028132 -1.326597 0.342022 -0.319863 0.748504 0.368591 0.448966
1403715571862142976 0.975702 -1.289473 0.302848 -0.327123 0.770672 0.358705 0.412778
1403715571962142976 0.948125 -1.254983 0.265369 -0.324752 0.788158 0.354619 0.384173
1403715572062142976 0.951912 -1.220994 0.232990 -0.309850 0.798610 0.361862 0.367792
1403715572162142976 0.987775 -1.183049 0.205962 -0.281526 0.794251 0.386394 0.374977
1403715572262142976 1.046178 -1.130066 0.184185 -0.261304 0.769158 0.416489 0.408231
1403715572362142976 1.116694 -1.059098 0.164474 -0.255969 0.727231 0.445746 0.454890
1403715572462142976 1.184672 -0.974830 0.141956 -0.266416 0.686248 0.466401 0.490465
1403715572562142976 1.243225 -0.886245 0.114516 -0.286897 0.659760 0.481042 0.501005
1403715572662142976 1.290409 -0.795606 0.086466 -0.306737 0.639016 0.498029 0.499538
1403715572762142976 1.323627 -0.705309 0.061488 -0.321934 0.622397 0.519751 0.488712
1403715572862142976 1.343072 -0.614664 0.046702 -0.340848 0.610773 0.538866 0.469470
1403715572962142976 1.351465 -0.523472 0.045176 -0.364204 0.596671 0.554029 0.452097
1403715573062142976 1.350714 -0.433390 0.056412 -0.387007 0.579192 0.568963 0.437085
1403715573162142976 1.342916 -0.346869 0.078670 -0.409254 0.562436 0.583910 0.418600
1403715573262142976 1.330082 -0.265733 0.104131 -0.427016 0.544915 0.601133 0.399204
1403715573362142976 1.314231 -0.189888 0.127221 -0.442013 0.528123 0.619399 0.376901
1403715573462142976 1.298230 -0.116396 0.147464 -0.457857 0.513174 0.635747 0.350494
1403715573562142976 1.284391 -0.044993 0.167338 -0.473101 0.498556 0.650397 0.323421
1403715573662142976 1.273798 0.025423 0.188529 -0.480149 0.477111 0.669266 0.306440
1403715573762142976 1.265832 0.097613 0.208016 -0.477806 0.451733 0.693565 0.294290
1403715573862142976 1.257055 0.172479 0.226683 -0.473414 0.424711 0.718834 0.280674
1403715573962142976 1.243876 0.247510 0.246787 -0.474357 0.398146 0.740792 0.260179
1403715574062142976 1.224880 0.326306 0.266807 -0.478140 0.369924 0.761445 0.233966
1403715574162142976 1.198241 0.411005 0.288891 -0.488362 0.337907 0.777238 0.207902
1403715574262142976 1.165065 0.501279 0.313124 0.505499 -0.297424 -0.786964 -0.191568
1403715574362142976 1.126997 0.595704 0.337598 0.522035 -0.250463 -0.793060 -0.189216
1403715574462142976 1.083190 0.689462 0.357729 0.529910 -0.210302 -0.798791 -0.192097
1403715574562142976 1.033746 0.777732 0.372973 0.532991 -0.183702 -0.803457 -0.191394
1403715574662142976 0.977981 0.854619 0.383023 0.530332 -0.164059 -0.810604 -0.186426
1403715574762142976 0.914151 0.919887 0.391420 0.529778 -0.150698 -0.816181 -0.174569
1403715574862142976 0.841164 0.975585 0.399733 0.533316 -0.150830 -0.818302 -0.152337
1403715574962142976 0.760706 1.026665 0.413156 0.542579 -0.154168 -0.814581 -0.135275
1403715575062142976 0.676563 1.071495 0.430651 0.553615 -0.155123 -0.807929 -0.129221
1403715575162142976 0.591983 1.109795 0.450723 0.568860 -0.153200 -0.796971 -0.133286
1403715575262142976 0.508504 1.142410 0.473328 0.587840 -0.149527 -0.781814 -0.144402
1403715575362142976 0.433520 1.162918 0.491564 0.585525 -0.152790 -0.781551 -0.151637
1403715575462142976 0.363740 1.174027 0.507006 0.571942 -0.161629 -0.789564 -0.152798
1403715575562142976 0.296826 1.175981 0.527291 0.563994 -0.161462 -0.792329 -0.167498
1403715575662142976 0.230135 1.167765 0.552223 0.563940 -0.153907 -0.788598 -0.190780
1403715575762142976 0.160695 1.145263 0.577220 0.562415 -0.149103 -0.786085 -0.208633
1403715575862142976 0.086781 1.105644 0.598521 0.557982 -0.153423 -0.787495 -0.212059
1403715575962142976 0.010116 1.048230 0.617151 0.558035 -0.165930 -0.787941 -0.200533
1403715576062142976 -0.070430 0.977913 0.634253 0.559588 -0.181133 -0.787840 -0.182650
1403715576162142976 -0.152017 0.898381 0.650518 0.562716 -0.190685 -0.786035 -0.170701
1403715576262142976 -0.234195 0.813529 0.665793 0.565322 -0.196263 -0.784640 -0.161960
1403715576362142976 -0.315454 0.725348 0.684927 0.573428 -0.194240 -0.779089 -0.162703
1403715576462142976 -0.392189 0.631403 0.707310 0.589463 -0.189863 -0.767611 -0.165104
1403715576562142976 -0.460634 0.530429 0.731225 0.602698 -0.186655 -0.756858 -0.170532
1403715576662142976 -0.518422 0.420750 0.755285 0.609493 -0.186010 -0.749713 -0.178462
1403715576762142976 -0.563918 0.301564 0.777892 0.604864 -0.192018 -0.750411 -0.184803
1403715576862142976 -0.598057 0.172736 0.799068 0.589035 -0.204344 -0.759098 -0.187222
1403715576962142976 -0.624759 0.035780 0.820608 0.572380 -0.217089 -0.767995 -0.188248
1403715577062142976 -0.646891 -0.107392 0.843251 0.566162 -0.234649 -0.768624 -0.183351
1403715577162142976 -0.665003 -0.252996 0.863640 0.563306 -0.255890 -0.765392 -0.177148
1403715577262142976 -0.679806 -0.398008 0.873781 0.562597 -0.272128 -0.760713 -0.175349
1403715577362142976 -0.691286 -0.540506 0.861521 0.560616 -0.277999 -0.758481 -0.182023
1403715577462142976 -0.698486 -0.680902 0.835028 0.558042 -0.279142 -0.758010 -0.189970
1403715577562142976 -0.702145 -0.821302 0.807905 0.556456 -0.279758 -0.757774 -0.194604
1403715577662142976 -0.701600 -0.958324 0.790672 0.555456 -0.281348 -0.757763 -0.195211
1403715577762142976 -0.697443 -1.093621 0.787417 0.555679 -0.285952 -0.757469 -0.188924
1403715577862142976 -0.688652 -1.225659 0.786120 0.558045 -0.296171 -0.753651 -0.181322
1403715577962142976 -0.673211 -1.351735 0.771528 0.557341 -0.311508 -0.748954 -0.177210
1403715578062142976 -0.651065 -1.471522 0.740606 0.551831 -0.334191 -0.744349 -0.172462
1403715578162142976 -0.621850 -1.583675 0.695725 0.538717 -0.368986 -0.740695 -0.158126
1403715578262142976 -0.584654 -1.679858 0.646837 0.527776 -0.398236 -0.732211 -0.163484
1403715578362142976 -0.537726 -1.756985 0.600605 0.518452 -0.419273 -0.721279 -0.187548
1403715578462142976 -0.481902 -1.823538 0.554975 0.503662 -0.437781 -0.712453 -0.216985
1403715578562142976 -0.422659 -1.879214 0.507630 -0.473748 0.454850 0.713359 0.244526
1403715578662142976 -0.363241 -1.923575 0.458255 -0.432234 0.471820 0.723860 0.258043
1403715578762142976 -0.311598 -1.950489 0.411624 -0.399701 0.486838 0.730923 0.262641
1403715578862142976 -0.271915 -1.955682 0.368553 -0.385577 0.497297 0.730366 0.265690
1403715578962142976 -0.247591 -1.935575 0.330339 -0.386728 0.492702 0.726135 0.283572
1403715579062142976 -0.235385 -1.897257 0.298238 -0.394401 0.474322 0.721324 0.314894
1403715579162142976 -0.239660 -1.846365 0.277936 -0.399791 0.447611 0.717937 0.352674
1403715579262142976 -0.267993 -1.790703 0.270322 -0.408418 0.422643 0.711637 0.384891
1403715579362142976 -0.320382 -1.737594 0.263217 -0.414053 0.415177 0.706916 0.395547
1403715579462142976 -0.392757 -1.693994 0.254708 -0.416479 0.420005 0.705001 0.391298
1403715579562142976 -0.484555 -1.658340 0.243795 -0.419748 0.435378 0.703844 0.372642
1403715579662142976 -0.592682 -1.625051 0.238070 -0.427168 0.440265 0.700973 0.363773
1403715579762142976 -0.714124 -1.593854 0.237946 -0.440192 0.441391 0.695117 0.358075
1403715579862142976 -0.846056 -1.564965 0.248863 -0.445270 0.436174 0.693301 0.361692
1403715579962142976 -0.987781 -1.540796 0.268346 -0.449520 0.440000 0.688037 0.361852
1403715580062142976 -1.135905 -1.521684 0.285007 -0.453614 0.454329 0.675987 0.361746
1403715580162142976 -1.286698 -1.506979 0.289827 -0.453317 0.473721 0.660455 0.365911
1403715580262142976 -1.439642 -1.495700 0.282840 -0.448650 0.495616 0.643120 0.373463
1403715580362142976 -1.593725 -1.489049 0.272558 -0.446218 0.521275 0.620875 0.379047
1403715580462142976 -1.746116 -1.486450 0.263496 -0.443016 0.548405 0.596786 0.383191
1403715580562142976 -1.894804 -1.487327 0.255203 -0.439213 0.572890 0.575881 0.383731
1403715580662142976 -2.036853 -1.491133 0.246959 -0.437716 0.595881 0.559060 0.375210
1403715580762142976 -2.167861 -1.496098 0.239618 -0.437328 0.615879 0.545258 0.363498
1403715580862142976 -2.283218 -1.499098 0.234835 -0.441417 0.633715 0.531074 0.348592
1403715580962142976 -2.378528 -1.500290 0.232438 -0.447155 0.651566 0.518155 0.327154
1403715581062142976 -2.447287 -1.494277 0.233946 -0.438320 0.659235 0.520795 0.319465
1403715581162142976 -2.489007 -1.480456 0.238646 -0.423526 0.660538 0.529701 0.322074
1403715581262142976 -2.509334 -1.456983 0.247023 -0.414256 0.652867 0.536402 0.338275
1403715581362142976 -2.513731 -1.423521 0.255662 -0.418485 0.643050 0.539345 0.347079
1403715581462142976 -2.503315 -1.384932 0.262000 -0.421526 0.626805 0.551833 0.353428
1403715581562142976 -2.481453 -1.339409 0.264286 -0.419419 0.597838 0.575412 0.368210
1403715581662142976 -2.454955 -1.289445 0.254249 -0.418929 0.565614 0.601708 0.377527
1403715581762142976 -2.428773 -1.237370 0.234660 -0.419034 0.531573 0.630156 0.380452
1403715581862142976 -2.408232 -1.184207 0.219421 -0.421614 0.496131 0.657738 0.378784
1403715581962142976 -2.398119 -1.133393 0.214863 -0.436522 0.472061 0.675402 0.361164
1403715582062142976 -2.397464 -1.084965 0.224297 -0.465119 0.449145 0.680308 0.345130
1403715582162142976 -2.401062 -1.040787 0.238498 -0.491786 0.425421 0.681071 0.336610
1403715582262142976 -2.405966 -1.004583 0.244500 0.506429 -0.409800 -0.683813 -0.328624
1403715582362142976 -2.410822 -0.975351 0.235344 0.500868 -0.405365 -0.695450 -0.318056
1403715582462142976 -2.416849 -0.951713 0.223440 -0.489158 0.406061 0.707305 0.309126
1403715582562142976 -2.426520 -0.931155 0.217780 -0.476773 0.410353 0.716489 0.301564
1403715582662142976 -2.443170 -0.911837 0.226022 -0.467349 0.415697 0.721146 0.297874
1403715582762142976 -2.466449 -0.891276 0.240869 -0.459965 0.422686 0.722363 0.296581
1403715582862142976 -2.494227 -0.869054 0.244934 -0.449942 0.431755 0.724224 0.294345
1403715582962142976 -2.528824 -0.841037 0.236624 -0.436942 0.441055 0.727733 0.291473
1403715583062142976 -2.570417 -0.804040 0.215082 -0.427649 0.448822 0.729250 0.289603
1403715583162142976 -2.623052 -0.754972 0.190424 -0.436306 0.450398 0.720428 0.296247
1403715583262142976 -2.682426 -0.698198 0.167800 -0.462673 0.446828 0.700911 0.308225
1403715583362142976 -2.744236 -0.639802 0.145554 -0.492467 0.442273 0.678936 0.317675
1403715583462142976 -2.805030 -0.585023 0.121062 0.518863 -0.436863 -0.659231 -0.324570
1403715583562142976 -2.859862 -0.538080 0.095859 0.540865 -0.428057 -0.642909 -0.333017
1403715583662142976 -2.904700 -0.504958 0.073163 0.569818 -0.410942 -0.619696 -0.349872
1403715583762142976 -2.936839 -0.492537 0.050005 0.595366 -0.391440 -0.597609 -0.367666
1403715583862142976 -2.952306 -0.511004 0.030875 0.612792 -0.377536 -0.582308 -0.377982
1403715583962142976 -2.947160 -0.568954 0.026989 0.618054 -0.378702 -0.579633 -0.372317
1403715584062142976 -2.916686 -0.666789 0.041592 0.614091 -0.391709 -0.586967 -0.353448
1403715584162142976 -2.861895 -0.796900 0.072154 0.596207 -0.412957 -0.605895 -0.326949
1403715584262142976 -2.784770 -0.948502 0.116607 0.565026 -0.437065 -0.633879 -0.296509
1403715584362142976 -2.690898 -1.107563 0.159018 0.531924 -0.455187 -0.660782 -0.270608
1403715584462142976 -2.587710 -1.264019 0.183805 0.505573 -0.463630 -0.680350 -0.258007
1403715584562142976 -2.478395 -1.412750 0.196145 -0.490219 0.466745 0.691388 0.252620
1403715584662142976 -2.365187 -1.549490 0.208238 -0.477339 0.464550 0.700606 0.255914
1403715584762142976 -2.251193 -1.672433 0.222324 -0.459659 0.456238 0.713243 0.268040
1403715584862142976 -2.138755 -1.780141 0.239150 -0.448615 0.450278 0.720565 0.277094
1403715584962142976 -2.033423 -1.876796 0.256113 -0.432206 0.444879 0.731054 0.284324
1403715585062142976 -1.941268 -1.963871 0.269774 -0.413267 0.447723 0.741366 0.281301
1403715585162142976 -1.866681 -2.038651 0.283442 -0.399186 0.455584 0.747347 0.273070
1403715585262142976 -1.808402 -2.094478 0.299785 -0.398021 0.457842 0.747387 0.270875
1403715585362142976 -1.765426 -2.130700 0.320833 -0.411124 0.451469 0.741201 0.278880
1403715585462142976 -1.733610 -2.152960 0.342117 -0.424242 0.443389 0.735393 0.287440
1403715585562142976 -1.711402 -2.166934 0.362776 -0.437827 0.433095 0.729392 0.297865
1403715585662142976 -1.699320 -2.174722 0.378869 -0.447046 0.425714 0.725526 0.304187
1403715585762142976 -1.697784 -2.176724 0.386827 -0.448903 0.423678 0.725416 0.304556
1403715585862142976 -1.705961 -2.173709 0.375010 -0.452953 0.428271 0.723360 0.296931
1403715585962142976 -1.723040 -2.165726 0.344704 -0.461943 0.441221 0.716812 0.279487
1403715586062142976 -1.741478 -2.150834 0.314914 -0.477571 0.456620 0.704238 0.259756
1403715586162142976 -1.756046 -2.126416 0.300899 0.500694 -0.455772 -0.687016 -0.263792
1403715586262142976 -1.763263 -2.097383 0.298523 0.510377 -0.442274 -0.680332 -0.284706
1403715586362142976 -1.764777 -2.070049 0.299324 0.508919 -0.423639 -0.681494 -0.311603
1403715586462142976 -1.764509 -2.048055 0.299078 0.509569 -0.407998 -0.680596 -0.332665
1403715586562142976 -1.765840 -2.035158 0.298385 0.512249 -0.400450 -0.678494 -0.341888
1403715586662142976 -1.768999 -2.034192 0.298735 0.512262 -0.400135 -0.678257 -0.342705
1403715586762142976 -1.772692 -2.044219 0.298134 0.508275 -0.409586 -0.681168 -0.331520
1403715586862142976 -1.774272 -2.064377 0.294449 -0.497720 0.425737 0.688247 0.311991
1403715586962142976 -1.777635 -2.084055 0.300005 -0.486229 0.437174 0.694926 0.299228
1403715587062142976 -1.780399 -2.105226 0.305295 -0.481862 0.442511 0.696462 0.294845
1403715587162142976 -1.782515 -2.123215 0.314887 -0.484631 0.439413 0.693988 0.300713
1403715587262142976 -1.785764 -2.142215 0.327276 -0.492052 0.429908 0.689880 0.311658
1403715587362142976 -1.790417 -2.163633 0.341743 -0.499808 0.425418 0.686990 0.311859
1403715587462142976 -1.794517 -2.187998 0.356986 0.509614 -0.428982 -0.682260 -0.301314
1403715587562142976 -1.793519 -2.214786 0.372826 0.514237 -0.440630 -0.676676 -0.288989
1403715587662142976 -1.784114 -2.242095 0.389609 0.513899 -0.459452 -0.668233 -0.279780
1403715587762142976 -1.763518 -2.268045 0.406716 0.505151 -0.480769 -0.659819 -0.279861
1403715587862142976 -1.731649 -2.290288 0.425576 -0.495155 0.503240 0.645123 0.292211
1403715587962142976 -1.688175 -2.309425 0.445915 -0.481857 0.522197 0.626799 0.319760
1403715588062142976 -1.635195 -2.328519 0.465626 -0.469418 0.537634 0.604258 0.354217
1403715588162142976 -1.575966 -2.351290 0.476227 -0.456626 0.552681 0.579519 0.387549
1403715588262142976 -1.513328 -2.379374 0.465526 -0.444136 0.569887 0.552582 0.415481
1403715588362142976 -1.451001 -2.414916 0.433474 -0.430418 0.590668 0.525818 0.435164
1403715588462142976 -1.388325 -2.460231 0.396027 -0.413981 0.609518 0.501938 0.452953
1403715588562142976 -1.325273 -2.515467 0.359197 -0.396607 0.628927 0.479759 0.465816
1403715588662142976 -1.261365 -2.579141 0.322358 -0.376382 0.650892 0.460532 0.471791
1403715588762142976 -1.197040 -2.649876 0.285111 -0.350527 0.674349 0.445781 0.472931
1403715588862142976 -1.130387 -2.725060 0.247416 -0.316994 0.699496 0.435316 0.469808
1403715588962142976 -1.061837 -2.798165 0.209198 -0.280636 0.725291 0.426106 0.462201
1403715589062142976 -0.991057 -2.862580 0.174417 -0.249751 0.748023 0.412941 0.455594
1403715589162142976 -0.916102 -2.912225 0.151542 -0.228585 0.763923 0.396251 0.455143
1403715589262142976 -0.833873 -2.943780 0.143874 -0.212866 0.775091 0.379655 0.458022
1403715589362142976 -0.743976 -2.954124 0.148849 -0.196412 0.788312 0.364082 0.455447
1403715589462142976 -0.647297 -2.946610 0.162124 -0.182677 0.801919 0.346232 0.451308
1403715589562142976 -0.537543 -2.920107 0.174243 -0.168266 0.812191 0.332744 0.448680
1403715589662142976 -0.416333 -2.874883 0.196174 -0.159759 0.817853 0.323153 0.448516
1403715589762142976 -0.280204 -2.810424 0.236910 -0.160056 0.811619 0.316081 0.464489
1403715589862142976 -0.131821 -2.729176 0.297329 -0.171563 0.789528 0.308039 0.502318
1403715589962142976 0.018242 -2.636611 0.360143 -0.185890 0.771897 0.299550 0.529046
1403715590062142976 0.165982 -2.541985 0.415544 -0.195021 0.761523 0.296059 0.542585
1403715590162142976 0.308105 -2.446539 0.465242 -0.195254 0.757855 0.299096 0.545961
1403715590262142976 0.443588 -2.349916 0.509411 -0.192731 0.758195 0.309082 0.540800
1403715590362142976 0.572388 -2.250344 0.553049 -0.188759 0.752825 0.328775 0.538081
1403715590462142976 0.693783 -2.142569 0.594777 -0.188140 0.741909 0.355579 0.536411
1403715590562142976 0.806149 -2.025788 0.634301 -0.193067 0.728126 0.386078 0.532449
1403715590662142976 0.906958 -1.899519 0.670476 -0.207208 0.718016 0.414694 0.519178
1403715590762142976 0.995124 -1.764343 0.705039 -0.237588 0.711666 0.434747 0.498074
1403715590862142976 1.072040 -1.623238 0.742525 -0.272104 0.696464 0.453551 0.484963
1403715590962142976 1.143595 -1.476932 0.779435 -0.301701 0.675134 0.477564 0.474450
1403715591062142976 1.207987 -1.329555 0.814223 -0.323176 0.653889 0.507508 0.458718
1403715591162142976 1.265424 -1.182606 0.847570 -0.339869 0.628368 0.541752 0.442885
1403715591262142976 1.316054 -1.034629 0.877841 -0.351336 0.597602 0.578948 0.429248
1403715591362142976 1.357199 -0.884524 0.905791 -0.363956 0.564627 0.613044 0.415824
1403715591462142976 1.385680 -0.732134 0.931726 -0.379422 0.532444 0.642327 0.399947
1403715591562142976 1.399415 -0.581060 0.950033 -0.395603 0.504230 0.667866 0.378425
1403715591662142976 1.402090 -0.428298 0.955365 -0.414727 0.478305 0.688452 0.353920
1403715591762142976 1.395956 -0.272853 0.950938 -0.431148 0.447421 0.706313 0.339187
1403715591862142976 1.380582 -0.117018 0.933445 -0.444143 0.418297 0.722806 0.324526
1403715591962142976 1.354102 0.037023 0.903870 -0.454099 0.386862 0.739220 0.312548
1403715592062142976 1.315733 0.188110 0.864192 -0.459846 0.351402 0.756644 0.304218
1403715592162142976 1.262110 0.331619 0.821923 -0.471116 0.314280 0.769990 0.293927
1403715592262142976 1.189857 0.460204 0.790746 -0.490050 0.274539 0.777760 0.282081
1403715592362142976 1.102515 0.571652 0.773147 0.504617 -0.235332 -0.786488 -0.267242
1403715592462142976 1.000924 0.665082 0.767214 0.513603 -0.196941 -0.796735 -0.250280
1403715592562142976 0.888346 0.739540 0.766264 0.522764 -0.157549 -0.804372 -0.234267
1403715592662142976 0.765016 0.790838 0.761087 0.530888 -0.117589 -0.810234 -0.218751
1403715592762142976 0.632700 0.820217 0.755985 0.537977 -0.079730 -0.815648 -0.197337
1403715592862142976 0.493802 0.825222 0.751390 0.546198 -0.058857 -0.821374 -0.153455
1403715592962142976 0.350239 0.811561 0.747285 0.553151 -0.046446 -0.826039 -0.097606
1403715593062142976 0.204116 0.786264 0.743249 0.560692 -0.029358 -0.826276 -0.045065
1403715593162142976 0.057667 0.757943 0.739470 0.565930 -0.000355 -0.824437 -0.005219
1403715593262142976 -0.086881 0.729391 0.736209 0.570004 0.035023 -0.820564 0.023320
1403715593362142976 -0.228745 0.700702 0.733592 0.570576 0.077102 -0.816791 0.036751
1403715593462142976 -0.367337 0.668357 0.731801 0.569734 0.122543 -0.811491 0.043238
1403715593562142976 -0.500770 0.627550 0.728991 0.568912 0.162514 -0.804266 0.055542
1403715593662142976 -0.627354 0.576826 0.728011 0.574833 0.196665 -0.790620 0.076226
1403715593762142976 -0.744960 0.517342 0.727619 0.583430 0.226851 -0.773314 0.100660
1403715593862142976 -0.851190 0.450620 0.726604 0.584372 0.260238 -0.758703 0.123106
1403715593962142976 -0.942829 0.376964 0.722133 0.575190 0.295066 -0.748506 0.147757
1403715594062142976 -1.020787 0.296926 0.716681 0.559103 0.329953 -0.740988 0.171673
1403715594162142976 -1.089700 0.211280 0.710783 0.541341 0.360554 -0.733714 0.196503
1403715594262142976 -1.150649 0.119782 0.707762 0.527188 0.388776 -0.723062 0.219333
1403715594362142976 -1.204906 0.021817 0.706869 0.517058 0.417482 -0.708112 0.238613
1403715594462142976 -1.249783 -0.082647 0.706200 0.508346 0.448943 -0.689333 0.254664
1403715594562142976 -1.284621 -0.192883 0.706714 0.500050 0.483563 -0.666398 0.268383
1403715594662142976 -1.306593 -0.307513 0.705464 -0.485496 -0.517845 0.644916 -0.283221
1403715594762142976 -1.312473 -0.426870 0.701509 -0.454429 -0.549020 0.633324 -0.301617
1403715594862142976 -1.307101 -0.552822 0.697133 -0.419985 -0.573737 0.622663 -0.326695
1403715594962142976 -1.294463 -0.686869 0.691731 -0.390180 -0.598437 0.606697 -0.348643
1403715595062142976 -1.277418 -0.830284 0.685532 0.367674 0.623266 -0.584632 0.366825
1403715595162142976 -1.256455 -0.984738 0.680534 0.346402 0.641904 -0.561191 0.391190
1403715595262142976 -1.232416 -1.147543 0.676787 0.328332 0.659334 -0.533472 0.415794
1403715595362142976 -1.206536 -1.317419 0.671106 0.313514 0.675234 -0.501259 0.441030
1403715595462142976 -1.179052 -1.490135 0.663271 0.297213 0.689254 -0.468034 0.466409
1403715595562142976 -1.152447 -1.664502 0.656677 0.287433 0.704849 -0.427637 0.487542
1403715595662142976 -1.125668 -1.836134 0.651513 0.292376 0.720267 -0.375017 0.505068
1403715595762142976 -1.095195 -1.998325 0.647049 0.303854 0.730875 -0.316203 0.522982
1403715595862142976 -1.060517 -2.142846 0.643423 0.311868 0.735027 -0.261681 0.542215
1403715595962142976 -1.022366 -2.260089 0.645136 0.315094 0.728073 -0.216707 0.568914
1403715596062142976 -0.984642 -2.341172 0.653829 0.304014 0.710089 -0.187918 0.606660
1403715596162142976 -0.956327 -2.382059 0.669956 0.286289 0.698199 -0.174125 0.632644
1403715596262142976 -0.942718 -2.376836 0.693628 0.268128 0.714317 -0.173047 0.622827
1403715596362142976 -0.940296 -2.341093 0.718393 0.240487 0.754801 -0.183035 0.582185
1403715596462142976 -0.940975 -2.291541 0.745095 0.204037 0.791681 -0.194461 0.542028
1403715596562142976 -0.932282 -2.233842 0.775240 0.170517 0.819209 -0.199112 0.510073
1403715596662142976 -0.910086 -2.174002 0.807400 0.141788 0.840310 -0.196376 0.484986
1403715596762142976 -0.862881 -2.121435 0.842530 0.119951 0.854951 -0.185677 0.469248
1403715596862142976 -0.801754 -2.071366 0.874716 0.097777 0.867081 -0.175216 0.455972
1403715596962142976 -0.722184 -2.030531 0.902518 0.081551 0.877137 -0.165797 0.443274
1403715597062142976 -0.618734 -1.998688 0.928601 0.073381 0.881817 -0.157158 0.438537
1403715597162142976 -0.488164 -1.976549 0.955034 0.068863 0.876000 -0.151226 0.452784
1403715597262142976 -0.333281 -1.963865 0.982499 0.061613 0.860173 -0.145786 0.484823
1403715597362142976 -0.164296 -1.958569 1.008413 0.051170 0.841737 -0.137341 0.519613
1403715597462142976 0.012301 -1.962150 1.033960 0.041344 0.822459 -0.122237 0.553995
1403715597562142976 0.187159 -1.970612 1.056612 0.033845 0.809200 -0.098334 0.578257
1403715597662142976 0.356285 -1.982314 1.072925 0.022703 0.805413 -0.072012 0.587886
1403715597762142976 0.519729 -1.997468 1.086077 0.010896 0.808553 -0.046967 0.586444
1403715597862142976 0.678048 -2.014467 1.097246 0.000280 0.809959 -0.028830 0.585777
1403715597962142976 0.830950 -2.035010 1.110095 -0.005521 0.803734 -0.015454 0.594762
1403715598062142976 0.975875 -2.058161 1.121408 -0.007554 0.798855 -0.006711 0.601439
1403715598162142976 1.112541 -2.081830 1.129033 -0.003603 0.794854 0.001168 0.606789
1403715598262142976 1.239965 -2.104853 1.126803 -0.003611 0.784616 0.002943 0.619964
1403715598362142976 1.354322 -2.126906 1.113747 -0.004485 0.769951 0.001613 0.638085
1403715598462142976 1.451481 -2.148041 1.097397 -0.008490 0.749690 -0.003180 0.661727
1403715598562142976 1.522542 -2.169227 1.081056 -0.013029 0.736001 -0.009159 0.676793
1403715598662142976 1.566326 -2.190892 1.063263 -0.010758 0.738800 -0.011387 0.673743
1403715598762142976 1.586608 -2.213553 1.040825 -0.004463 0.758647 -0.011327 0.651389
1403715598862142976 1.590018 -2.237381 1.013993 0.000683 0.780154 -0.010750 0.625495
1403715598962142976 1.586424 -2.256405 0.981153 0.006252 0.794043 -0.009384 0.607757
1403715599062142976 1.575652 -2.274054 0.946781 0.009408 0.800221 -0.008276 0.599575
1403715599162142976 1.555181 -2.289012 0.910942 0.010530 0.801156 -0.008070 0.598309
1403715599262142976 1.526583 -2.300840 0.871346 0.003913 0.806732 -0.013009 0.590762
1403715599362142976 1.495335 -2.312675 0.827984 -0.007514 0.811280 -0.021359 0.584220
1403715599462142976 1.462426 -2.327480 0.781416 -0.022669 0.811509 -0.031869 0.583030
1403715599562142976 1.428345 -2.348458 0.734658 -0.033824 0.809813 -0.039291 0.584393
1403715599662142976 1.392230 -2.378726 0.691156 -0.042169 0.804527 -0.044827 0.590719
1403715599762142976 1.352034 -2.419531 0.650881 -0.038640 0.798407 -0.042855 0.599347
1403715599862142976 1.306497 -2.467673 0.610019 -0.024210 0.796006 -0.034273 0.603832
1403715599962142976 1.252947 -2.522335 0.568764 -0.007357 0.803089 -0.023829 0.595337
1403715600062142976 1.195507 -2.577929 0.526724 0.007684 0.810266 -0.013204 0.585863
1403715600162142976 1.137718 -2.629428 0.484644 0.026980 0.813737 0.010971 0.580503
1403715600262142976 1.080507 -2.671187 0.441329 0.039955 0.814824 0.042838 0.576741
1403715600362142976 1.023289 -2.698529 0.397429 0.036845 0.814723 0.074931 0.573806
1403715600462142976 0.965019 -2.708640 0.352964 0.015194 0.817513 0.102451 0.566520
1403715600562142976 0.907189 -2.702019 0.309289 -0.025181 0.825796 0.121144 0.550228
1403715600662142976 0.855245 -2.681882 0.272483 -0.063039 0.829421 0.143789 0.536107
1403715600762142976 0.810207 -2.653106 0.248966 -0.092892 0.824291 0.173735 0.530783
1403715600862142976 0.771811 -2.618717 0.238697 -0.116942 0.814749 0.206657 0.528963
1403715600962142976 0.738461 -2.578005 0.242515 -0.137568 0.804167 0.236486 0.527698
1403715601062142976 0.711763 -2.531325 0.259950 -0.153533 0.793048 0.259208 0.529447
1403715601162142976 0.690326 -2.480327 0.289666 -0.161585 0.784996 0.275373 0.530887
1403715601262142976 0.670484 -2.424271 0.330697 -0.162577 0.778561 0.286586 0.534116
1403715601362142976 0.650542 -2.362114 0.376618 -0.160642 0.773338 0.296335 0.536963
1403715601462142976 0.630696 -2.293335 0.418029 -0.164484 0.771433 0.298892 0.537122
1403715601562142976 0.608883 -2.218672 0.455455 -0.169495 0.771265 0.297334 0.536670
1403715601662142976 0.585853 -2.137532 0.489707 -0.174285 0.772512 0.293948 0.535206
1403715601762142976 0.561750 -2.052300 0.523900 -0.179929 0.769575 0.290065 0.539669
1403715601862142976 0.537547 -1.963648 0.555934 -0.182150 0.766579 0.286157 0.545245
1403715601962142976 0.511099 -1.874720 0.587163 -0.181648 0.761414 0.274932 0.558269
1403715602062142976 0.479961 -1.786511 0.617850 -0.180885 0.750326 0.257232 0.581484
1403715602162142976 0.441758 -1.702872 0.642379 -0.177049 0.745734 0.236215 0.597275
1403715602262142976 0.393485 -1.627522 0.660910 -0.169545 0.752082 0.212914 0.600246
1403715602362142976 0.335876 -1.559585 0.674168 -0.152117 0.766619 0.193922 0.592917
1403715602462142976 0.271783 -1.497324 0.685112 -0.131081 0.785466 0.175224 0.578927
1403715602562142976 0.204891 -1.439308 0.696747 -0.110813 0.799437 0.156344 0.569365
1403715602662142976 0.137106 -1.384453 0.702798 -0.086716 0.804974 0.138997 0.570242
1403715602762142976 0.068599 -1.330331 0.696681 -0.064478 0.809297 0.118840 0.571628
1403715602862142976 -0.000475 -1.274352 0.675397 -0.046543 0.814343 0.096264 0.570449
1403715602962142976 -0.068846 -1.213360 0.641998 -0.030067 0.819594 0.074231 0.567320
1403715603062142976 -0.136611 -1.149647 0.600480 -0.014682 0.820892 0.052058 0.568517
1403715603162142976 -0.202892 -1.082699 0.555887 0.000909 0.821360 0.029129 0.569664
1403715603262142976 -0.267333 -1.013239 0.510944 0.014813 0.825120 0.007298 0.564716
1403715603362142976 -0.327779 -0.939438 0.466903 0.026636 0.829572 -0.009785 0.557679
1403715603462142976 -0.383243 -0.861011 0.427758 0.029196 0.829645 -0.026044 0.556919
1403715603562142976 -0.433001 -0.780011 0.393841 0.023805 0.828381 -0.042411 0.558049
1403715603662142976 -0.477937 -0.700790 0.363613 0.013332 0.827363 -0.059116 0.558388
1403715603762142976 -0.517454 -0.627137 0.336583 0.003275 0.823341 -0.072952 0.562829
1403715603862142976 -0.553689 -0.563689 0.318908 -0.006521 0.821761 -0.083086 0.563705
1403715603962142976 -0.587092 -0.513029 0.310908 -0.013736 0.832474 -0.088339 0.546803
1403715604062142976 -0.612327 -0.476372 0.310226 -0.006344 0.841528 -0.082052 0.533908
1403715604162142976 -0.628731 -0.449928 0.310371 0.011458 0.842280 -0.069220 0.534454
1403715604262142976 -0.637590 -0.427943 0.307452 0.024175 0.837866 -0.060519 0.541972
1403715604362142976 -0.638558 -0.408366 0.301485 0.029847 0.835576 -0.056726 0.545623
1403715604462142976 -0.633271 -0.390181 0.292711 0.031926 0.835959 -0.055736 0.545020
1403715604562142976 -0.621507 -0.373696 0.284221 0.032772 0.830327 -0.055195 0.553567
1403715604662142976 -0.606034 -0.358228 0.276589 0.034884 0.823115 -0.053703 0.564252
1403715604762142976 -0.589685 -0.340881 0.267670 0.037536 0.819934 -0.052050 0.568849
1403715604862142976 -0.572567 -0.321653 0.258533 0.037149 0.819910 -0.052314 0.568886
1403715604962142976 -0.554337 -0.301949 0.251036 0.038559 0.821435 -0.050913 0.566715
1403715605062142976 -0.535816 -0.280339 0.245438 0.037657 0.823500 -0.050647 0.563795
1403715605162142976 -0.513367 -0.258477 0.243721 0.037368 0.822077 -0.049267 0.566008
1403715605262142976 -0.488799 -0.235600 0.243895 0.034635 0.820251 -0.048870 0.568858
1403715605362142976 -0.463596 -0.212169 0.245884 0.026976 0.818140 -0.051498 0.572072
1403715605462142976 -0.438665 -0.189794 0.242593 0.020343 0.817452 -0.053214 0.573172
1403715605562142976 -0.414367 -0.168990 0.229648 0.014341 0.819687 -0.055007 0.569984
1403715605662142976 -0.389227 -0.150400 0.208271 0.011963 0.820720 -0.054623 0.568588
1403715605762142976 -0.362648 -0.135055 0.186840 0.019889 0.819464 -0.047982 0.570772
1403715605862142976 -0.334403 -0.122180 0.168421 0.025382 0.818844 -0.043386 0.571811
1403715605962142976 -0.305926 -0.109854 0.152646 0.028180 0.817250 -0.040207 0.574188
1403715606062142976 -0.278147 -0.097263 0.132252 0.029146 0.816268 -0.038202 0.575671
1403715606162142976 -0.250726 -0.082561 0.105791 0.028569 0.815902 -0.036325 0.576340
1403715606262142976 -0.224604 -0.065668 0.078076 0.023710 0.816047 -0.038024 0.576245
1403715606362142976 -0.199126 -0.048440 0.057728 0.016402 0.816324 -0.040258 0.575956
1403715606462142976 -0.173881 -0.033162 0.048396 0.011612 0.815917 -0.041370 0.576570
1403715606562142976 -0.148385 -0.018989 0.045523 0.006615 0.814628 -0.041898 0.578431
1403715606662142976 -0.124622 -0.006758 0.040927 0.000172 0.813410 -0.042722 0.580120
1403715606762142976 -0.103474 0.001846 0.033003 -0.008487 0.811915 -0.045412 0.581945
1403715606862142976 -0.083709 0.005782 0.021878 -0.010083 0.807595 -0.043818 0.588021
1403715606962142976 -0.067939 0.004796 0.010523 -0.000996 0.802947 -0.035699 0.594979
1403715607062142976 -0.059072 0.001293 -0.003562 0.009942 0.805455 -0.027229 0.591948
1403715607162142976 -0.053297 -0.001271 -0.018934 0.015230 0.808726 -0.022168 0.587571
1403715607262142976 -0.049608 -0.001517 -0.032937 0.017168 0.811366 -0.020101 0.583940
1403715607362142976 -0.049280 0.000505 -0.043596 0.016920 0.811636 -0.019970 0.583577
1403715607462142976 -0.050787 0.004281 -0.051253 0.018168 0.810717 -0.019749 0.584823
1403715607562142976 -0.054733 0.010737 -0.057163 0.019524 0.811740 -0.020012 0.583350
1403715607662142976 -0.060406 0.019421 -0.061112 0.020431 0.812722 -0.021198 0.581908
1403715607762142976 -0.068006 0.030818 -0.065314 0.021353 0.812780 -0.022012 0.581763
1403715607862142976 -0.077239 0.043639 -0.077976 0.017661 0.813691 -0.026447 0.580426
1403715607962142976 -0.081629 0.052323 -0.085717 0.023538 0.812262 -0.017605 0.582551
1403715608062142976 -0.081413 0.050580 -0.084965 0.023878 0.814293 -0.016110 0.579739
1403715608162142976 -0.079731 0.051025 -0.086854 0.022687 0.816570 -0.017593 0.576532
1403715608262142976 -0.080690 0.050570 -0.087001 0.022731 0.814679 -0.017482 0.579203
1403715608362142976 -0.080293 0.051569 -0.087672 0.022480 0.815956 -0.017826 0.577401
1403715608462142976 -0.081119 0.052003 -0.087866 0.022310 0.815747 -0.017964 0.577699
1403715608562142976 -0.081221 0.051860 -0.087964 0.022465 0.815535 -0.017930 0.577994
1403715608662142976 -0.081128 0.051850 -0.088030 0.022463 0.815771 -0.017937 0.577660
1403715608762142976 -0.081399 0.051854 -0.088066 0.022461 0.815496 -0.018022 0.578046
1403715608862142976 -0.081201 0.051752 -0.088158 0.022419 0.815832 -0.018168 0.577568
1403715608962142976 -0.081386 0.051811 -0.088167 0.022340 0.815620 -0.018230 0.577868
1403715609062142976 -0.081311 0.051748 -0.088137 0.022244 0.815737 -0.018370 0.577702
1403715609162142976 -0.081325 0.051739 -0.088092 0.022191 0.815820 -0.018477 0.577585
1403715609262142976 -0.081441 0.051750 -0.088056 0.022272 0.815742 -0.018551 0.577689
1403715609362142976 -0.081307 0.051665 -0.088073 0.022291 0.815897 -0.018728 0.577464
