1403636859751666432.000000000 0.02519 -0.07178 0.25376 -0.03049 0.81448 0.03882 0.57809
1403636859851666432.000000000 0.03058 -0.07351 0.30037 -0.02085 0.80921 0.03964 0.58582
1403636859951666688.000000000 0.03143 -0.07316 0.33682 -0.01730 0.80688 0.03916 0.58916
1403636860051666432.000000000 0.03214 -0.07543 0.35697 -0.01435 0.80763 0.03695 0.58835
1403636860151666432.000000000 0.03354 -0.08074 0.35505 -0.01433 0.81104 0.03283 0.58390
1403636860251666432.000000000 0.03246 -0.08575 0.32358 -0.01792 0.81675 0.03071 0.57590
1403636860351666432.000000000 0.02821 -0.08922 0.27005 -0.02134 0.82685 0.02752 0.56135
1403636860451666688.000000000 0.02033 -0.09266 0.21222 -0.02298 0.83933 0.02312 0.54265
1403636860551666432.000000000 0.01330 -0.09425 0.15971 -0.02770 0.85042 0.01997 0.52500
1403636860651666432.000000000 0.00625 -0.09557 0.12093 -0.03158 0.85677 0.01969 0.51436
1403636860751666432.000000000 0.00046 -0.09660 0.10051 -0.03116 0.85762 0.02459 0.51275
1403636860851666432.000000000 -0.00245 -0.09700 0.10567 -0.02688 0.85668 0.03166 0.51417
1403636860951666688.000000000 -0.00218 -0.09724 0.13789 -0.02633 0.85575 0.03723 0.51538
1403636861051666432.000000000 0.00072 -0.09788 0.19000 -0.02628 0.85104 0.03952 0.52295
1403636861151666432.000000000 0.00569 -0.09861 0.25108 -0.02600 0.84101 0.03876 0.53901
1403636861251666432.000000000 0.01108 -0.09983 0.31431 -0.02566 0.82756 0.03920 0.55942
1403636861351666432.000000000 0.01476 -0.10169 0.37265 -0.02698 0.81469 0.03728 0.57807
1403636861451666688.000000000 0.01725 -0.10427 0.41204 -0.02740 0.80521 0.03371 0.59140
1403636861551666432.000000000 0.01880 -0.10704 0.41970 -0.02558 0.80173 0.03125 0.59633
1403636861651666432.000000000 0.01969 -0.10902 0.39507 -0.02650 0.80618 0.03109 0.59026
1403636861751666432.000000000 0.01992 -0.10933 0.34799 -0.02719 0.81320 0.03290 0.58042
1403636861851666432.000000000 0.01743 -0.10822 0.29181 -0.02800 0.81999 0.03500 0.57062
1403636861951666688.000000000 0.01326 -0.10482 0.23344 -0.03181 0.83015 0.03560 0.55549
1403636862051666432.000000000 0.00884 -0.10041 0.17701 -0.03628 0.84136 0.03375 0.53820
1403636862151666432.000000000 0.00488 -0.09605 0.13062 -0.04030 0.84804 0.03179 0.52744
1403636862251666432.000000000 0.00254 -0.09426 0.10415 -0.03760 0.85193 0.03637 0.52103
1403636862351666432.000000000 0.00112 -0.09470 0.10704 -0.03351 0.85580 0.04139 0.51456
1403636862451666688.000000000 0.00170 -0.09527 0.14254 -0.03412 0.85652 0.04264 0.51322
1403636862551666432.000000000 0.00581 -0.09732 0.19804 -0.02859 0.85226 0.04170 0.52068
1403636862651666432.000000000 0.01253 -0.10035 0.26345 -0.01680 0.84493 0.03970 0.53313
1403636862751666432.000000000 0.01791 -0.10056 0.33175 -0.01505 0.83789 0.03461 0.54454
1403636862851666432.000000000 0.02198 -0.10058 0.39912 -0.01654 0.83464 0.02657 0.54991
1403636862951666688.000000000 0.02291 -0.10041 0.45606 -0.02073 0.83036 0.01965 0.55650
1403636863051666432.000000000 0.02140 -0.10136 0.48293 -0.02053 0.82398 0.02159 0.56584
1403636863151666432.000000000 0.02039 -0.10347 0.47452 -0.01201 0.81923 0.02705 0.57270
1403636863251666432.000000000 0.01949 -0.10366 0.43508 -0.00620 0.81938 0.03119 0.57237
1403636863351666432.000000000 0.01864 -0.10374 0.37563 -0.00035 0.82122 0.03315 0.56965
1403636863451666688.000000000 0.01705 -0.10423 0.31012 0.00455 0.82410 0.03101 0.56558
1403636863551666432.000000000 0.01309 -0.10349 0.24063 -0.00329 0.83090 0.02643 0.55578
1403636863651666432.000000000 0.00659 -0.10362 0.17685 -0.01429 0.83968 0.02370 0.54238
1403636863751666432.000000000 0.00183 -0.10413 0.12697 -0.02199 0.84771 0.01971 0.52964
1403636863851666432.000000000 -0.00109 -0.10553 0.10395 -0.02337 0.85499 0.01931 0.51775
1403636863951666688.000000000 -0.00278 -0.10687 0.11674 -0.02576 0.85854 0.02161 0.51164
1403636864051666432.000000000 -0.00185 -0.10707 0.16325 -0.02734 0.85682 0.02505 0.51428
1403636864151666432.000000000 0.00054 -0.10817 0.23149 -0.02032 0.85249 0.02998 0.52150
1403636864251666432.000000000 0.00501 -0.10781 0.30422 -0.01426 0.84847 0.03014 0.52819
1403636864351666432.000000000 0.00880 -0.10512 0.37008 -0.01597 0.84577 0.02952 0.53249
1403636864451666688.000000000 0.01213 -0.10255 0.42708 -0.01707 0.83906 0.02431 0.54323
1403636864551666432.000000000 0.01549 -0.09969 0.46838 -0.02245 0.82713 0.01611 0.56133
1403636864651666432.000000000 0.01734 -0.09826 0.48176 -0.02097 0.81785 0.01470 0.57486
1403636864751666432.000000000 0.01728 -0.09895 0.46172 -0.01271 0.81702 0.02046 0.57611
1403636864851666432.000000000 0.01615 -0.09851 0.41466 -0.01033 0.82172 0.02363 0.56931
1403636864951666688.000000000 0.01605 -0.09876 0.35719 -0.00647 0.82750 0.02315 0.56095
1403636865051666432.000000000 0.01617 -0.09961 0.29497 -0.00202 0.83433 0.02276 0.55079
1403636865151666432.000000000 0.01621 -0.09982 0.23536 -0.00899 0.84101 0.01697 0.54067
1403636865251666432.000000000 0.01527 -0.09921 0.18572 -0.02611 0.84496 0.00911 0.53411
1403636865351666432.000000000 0.01413 -0.09951 0.15091 -0.03196 0.84598 0.00560 0.53222
1403636865451666688.000000000 0.01476 -0.09920 0.13321 -0.02723 0.84860 0.00972 0.52825
1403636865551666432.000000000 0.01609 -0.09837 0.14083 -0.02058 0.85469 0.01638 0.51846
1403636865651666432.000000000 0.01696 -0.09499 0.17650 -0.02180 0.85777 0.02021 0.51318
1403636865751666432.000000000 0.01803 -0.09024 0.23184 -0.02544 0.85375 0.02148 0.51961
1403636865851666432.000000000 0.02130 -0.08685 0.29699 -0.02792 0.84546 0.01945 0.53295
1403636865951666688.000000000 0.02438 -0.08483 0.36550 -0.03143 0.83350 0.01666 0.55137
1403636866051666432.000000000 0.02552 -0.08375 0.43147 -0.03246 0.81801 0.01267 0.57414
1403636866151666432.000000000 0.02473 -0.08331 0.48550 -0.02883 0.80425 0.01171 0.59348
1403636866251666432.000000000 0.02218 -0.08342 0.51355 -0.02443 0.79877 0.01300 0.60100
1403636866351666432.000000000 0.02054 -0.08357 0.50935 -0.01634 0.80231 0.01427 0.59651
1403636866451666688.000000000 0.02137 -0.08414 0.47701 -0.01068 0.80937 0.01564 0.58699
1403636866551666432.000000000 0.02202 -0.08591 0.42423 -0.00800 0.81575 0.01727 0.57809
1403636866651666432.000000000 0.02296 -0.09072 0.36760 -0.00380 0.82278 0.01704 0.56810
1403636866751666432.000000000 0.02077 -0.09615 0.32003 -0.00339 0.82957 0.01913 0.55806
1403636866851666432.000000000 0.01471 -0.09887 0.28248 -0.01168 0.83512 0.02263 0.54948
1403636866951666688.000000000 0.00841 -0.09971 0.25067 -0.02408 0.84321 0.02298 0.53655
1403636867051666432.000000000 0.00068 -0.10062 0.22815 -0.02726 0.85094 0.02153 0.52411
1403636867151666432.000000000 -0.00704 -0.10034 0.21665 -0.03034 0.85551 0.02254 0.51640
1403636867251666432.000000000 -0.01785 -0.09858 0.21326 -0.04000 0.85801 0.02826 0.51129
1403636867351666432.000000000 -0.02652 -0.09799 0.21577 -0.04522 0.86069 0.03218 0.50610
1403636867451666688.000000000 -0.03375 -0.09765 0.22137 -0.04229 0.86533 0.03349 0.49830
1403636867551666432.000000000 -0.04237 -0.09749 0.22567 -0.03617 0.87567 0.03558 0.48023
1403636867651666432.000000000 -0.05268 -0.09834 0.22385 -0.03326 0.89557 0.03771 0.44208
1403636867751666432.000000000 -0.06441 -0.09946 0.21757 -0.03236 0.92090 0.03613 0.38676
1403636867851666432.000000000 -0.07358 -0.10175 0.21226 -0.02793 0.93986 0.03095 0.33900
1403636867951666688.000000000 -0.07604 -0.10213 0.21288 -0.02686 0.94581 0.02516 0.32262
1403636868051666432.000000000 -0.07448 -0.10066 0.21836 -0.02748 0.94262 0.02273 0.33197
1403636868151666432.000000000 -0.07502 -0.09938 0.22331 -0.02850 0.93745 0.02302 0.34620
1403636868251666432.000000000 -0.07904 -0.09799 0.22533 -0.03076 0.93577 0.02353 0.35047
1403636868351666432.000000000 -0.08595 -0.09452 0.22572 -0.03319 0.93704 0.02017 0.34705
1403636868451666688.000000000 -0.09363 -0.08867 0.22620 -0.03394 0.93663 0.01639 0.34828
1403636868551666432.000000000 -0.10062 -0.08259 0.23004 -0.02932 0.93298 0.01386 0.35847
1403636868651666432.000000000 -0.10720 -0.07755 0.23565 -0.02720 0.93101 0.00906 0.36387
1403636868751666432.000000000 -0.11509 -0.07362 0.23855 -0.02634 0.93294 0.01077 0.35890
1403636868851666432.000000000 -0.12198 -0.06983 0.23867 -0.02434 0.93543 0.01596 0.35231
1403636868951666688.000000000 -0.12482 -0.06553 0.23982 -0.02190 0.93427 0.01840 0.35540
1403636869051666432.000000000 -0.12502 -0.06135 0.24118 -0.02740 0.93197 0.02017 0.36094
1403636869151666432.000000000 -0.12531 -0.05784 0.24135 -0.03245 0.93066 0.02163 0.36380
1403636869251666432.000000000 -0.12453 -0.05596 0.23962 -0.03339 0.93073 0.02431 0.36335
1403636869351666432.000000000 -0.12326 -0.05499 0.23815 -0.03440 0.93067 0.02563 0.36334
1403636869451666688.000000000 -0.12149 -0.05537 0.23716 -0.03522 0.93052 0.02656 0.36356
1403636869551666432.000000000 -0.11972 -0.05987 0.23653 -0.03474 0.93043 0.02616 0.36387
1403636869651666432.000000000 -0.11638 -0.07251 0.23590 -0.03399 0.93123 0.02562 0.36195
1403636869751666432.000000000 -0.11091 -0.09501 0.23538 -0.03164 0.93297 0.02313 0.35781
1403636869851666432.000000000 -0.10131 -0.12612 0.23594 -0.02871 0.93264 0.01778 0.35921
1403636869951666688.000000000 -0.08821 -0.16448 0.23732 -0.02545 0.93037 0.01001 0.36561
1403636870051666432.000000000 -0.07350 -0.20845 0.23744 -0.02218 0.92961 0.00189 0.36786
1403636870151666432.000000000 -0.05791 -0.25620 0.23731 -0.01644 0.93163 -0.00566 0.36300
1403636870251666432.000000000 -0.04163 -0.30556 0.23823 -0.01121 0.93295 -0.00887 0.35971
1403636870351666432.000000000 -0.02517 -0.35426 0.23914 -0.00870 0.93081 -0.01395 0.36514
1403636870451666688.000000000 -0.00987 -0.40138 0.23808 -0.00204 0.92849 -0.01689 0.37097
1403636870551666432.000000000 0.00125 -0.43983 0.23341 -0.00369 0.92978 -0.02555 0.36720
1403636870651666432.000000000 0.00939 -0.47275 0.22864 0.00464 0.93255 -0.03002 0.35976
1403636870751666432.000000000 0.01739 -0.49684 0.22596 0.00821 0.93100 -0.03307 0.36341
1403636870851666432.000000000 0.02337 -0.51198 0.22125 0.00282 0.92694 -0.03784 0.37329
1403636870951666688.000000000 0.02575 -0.52088 0.21687 -0.00065 0.92353 -0.03824 0.38162
1403636871051666432.000000000 0.02591 -0.52320 0.21178 -0.00612 0.92371 -0.04206 0.38073
1403636871151666432.000000000 0.02448 -0.52212 0.20816 -0.00085 0.92802 -0.04406 0.36992
1403636871251666432.000000000 0.02233 -0.51470 0.20988 0.00288 0.92984 -0.04697 0.36494
1403636871351666432.000000000 0.01924 -0.49893 0.21369 0.00202 0.92903 -0.04556 0.36719
1403636871451666688.000000000 0.01415 -0.47355 0.21703 0.00199 0.92885 -0.04039 0.36823
1403636871551666432.000000000 0.00770 -0.43778 0.21945 -0.00047 0.92888 -0.03784 0.36845
1403636871651666432.000000000 -0.00094 -0.39375 0.22255 -0.00470 0.92983 -0.03570 0.36623
1403636871751666432.000000000 -0.01057 -0.34277 0.22639 -0.01385 0.93048 -0.03213 0.36466
1403636871851666432.000000000 -0.01913 -0.28885 0.22814 -0.01788 0.93070 -0.02548 0.36445
1403636871951666688.000000000 -0.02620 -0.23182 0.22833 -0.02377 0.92934 -0.01957 0.36793
1403636872051666432.000000000 -0.03158 -0.17263 0.22697 -0.03433 0.92659 -0.01397 0.37425
1403636872151666432.000000000 -0.03690 -0.11674 0.22405 -0.04099 0.92488 -0.00695 0.37799
1403636872251666432.000000000 -0.04324 -0.06653 0.21954 -0.04516 0.92594 0.00021 0.37496
1403636872351666432.000000000 -0.05048 -0.02278 0.21374 -0.04986 0.92874 0.00835 0.36727
1403636872451666688.000000000 -0.05596 0.00986 0.20944 -0.05319 0.93052 0.01397 0.36208
1403636872551666432.000000000 -0.05876 0.02755 0.20873 -0.05522 0.93020 0.01833 0.36241
1403636872651666432.000000000 -0.06005 0.03076 0.21064 -0.05589 0.92832 0.02226 0.36689
1403636872751666432.000000000 -0.05969 0.02339 0.21303 -0.05341 0.92722 0.02353 0.36995
1403636872851666432.000000000 -0.05609 0.00405 0.21373 -0.04994 0.92814 0.02075 0.36829
1403636872951666688.000000000 -0.04868 -0.02934 0.21267 -0.04613 0.92914 0.01520 0.36653
1403636873051666432.000000000 -0.03911 -0.07454 0.21091 -0.04050 0.92938 0.00963 0.36676
1403636873151666432.000000000 -0.02778 -0.12747 0.20949 -0.03686 0.92978 0.00337 0.36625
1403636873251666432.000000000 -0.01525 -0.18593 0.20914 -0.03262 0.93057 -0.00466 0.36464
1403636873351666432.000000000 -0.00265 -0.24637 0.20882 -0.02807 0.93105 -0.01271 0.36359
1403636873451666688.000000000 0.00843 -0.30595 0.20708 -0.02499 0.93147 -0.01986 0.36241
1403636873551666432.000000000 0.01655 -0.36203 0.20373 -0.01915 0.93276 -0.02598 0.35905
1403636873651666432.000000000 0.02148 -0.41034 0.19902 -0.01152 0.93416 -0.03224 0.35521
1403636873751666432.000000000 0.02468 -0.44811 0.19312 -0.00954 0.93532 -0.03713 0.35171
1403636873851666432.000000000 0.02552 -0.47252 0.18881 -0.00958 0.93589 -0.03816 0.35008
1403636873951666688.000000000 0.02569 -0.48469 0.18550 -0.00855 0.93534 -0.04057 0.35131
1403636874051666432.000000000 0.02598 -0.48675 0.18320 -0.00671 0.93492 -0.04331 0.35213
1403636874151666432.000000000 0.02568 -0.48156 0.18294 -0.00741 0.93528 -0.04337 0.35117
1403636874251666432.000000000 0.02433 -0.46727 0.18465 -0.00798 0.93614 -0.04128 0.34910
1403636874351666432.000000000 0.02224 -0.44003 0.18610 -0.01141 0.93716 -0.03542 0.34692
1403636874451666688.000000000 0.01976 -0.39927 0.18743 -0.01803 0.93747 -0.02967 0.34634
1403636874551666432.000000000 0.01635 -0.35027 0.18950 -0.02099 0.93608 -0.02426 0.35031
1403636874651666432.000000000 0.01024 -0.29308 0.19081 -0.02600 0.93485 -0.01770 0.35364
1403636874751666432.000000000 0.00385 -0.23264 0.18969 -0.03194 0.93418 -0.01067 0.35521
1403636874851666432.000000000 -0.00186 -0.17396 0.18567 -0.03938 0.93423 -0.00598 0.35443
1403636874951666688.000000000 -0.00664 -0.12206 0.18125 -0.04716 0.93471 -0.00209 0.35225
1403636875051666432.000000000 -0.00846 -0.08173 0.17845 -0.04924 0.93217 -0.00141 0.35865
1403636875151666432.000000000 -0.00605 -0.05210 0.17631 -0.04288 0.92576 -0.01271 0.37545
1403636875251666432.000000000 -0.00874 -0.02919 0.17322 -0.03458 0.91923 -0.03271 0.39083
1403636875351666432.000000000 -0.01632 -0.01058 0.16931 -0.03040 0.91575 -0.05931 0.39618
1403636875451666688.000000000 -0.03321 0.00407 0.16606 -0.03213 0.91519 -0.08334 0.39300
1403636875551666432.000000000 -0.06139 0.00975 0.16396 -0.03594 0.91614 -0.10081 0.38631
1403636875651666432.000000000 -0.09732 0.00311 0.16345 -0.03669 0.91652 -0.11337 0.38184
1403636875751666432.000000000 -0.13532 -0.01596 0.16365 -0.02824 0.91466 -0.12713 0.38268
1403636875851666432.000000000 -0.17400 -0.04285 0.16290 -0.01658 0.91312 -0.14296 0.38144
1403636875951666688.000000000 -0.21038 -0.07645 0.16380 -0.00302 0.91169 -0.16311 0.37711
1403636876051666432.000000000 -0.24042 -0.11848 0.16796 0.01509 0.90699 -0.18550 0.37780
1403636876151666432.000000000 -0.25871 -0.16642 0.17366 0.03514 0.89964 -0.20716 0.38275
1403636876251666432.000000000 -0.26323 -0.21669 0.17724 0.04934 0.89381 -0.22583 0.38427
1403636876351666432.000000000 -0.25343 -0.26967 0.17727 0.05852 0.89175 -0.24033 0.37894
1403636876451666688.000000000 -0.22854 -0.32569 0.17586 0.06799 0.89099 -0.24958 0.37312
1403636876551666432.000000000 -0.18988 -0.38016 0.17606 0.07899 0.88876 -0.24878 0.37680
1403636876651666432.000000000 -0.13864 -0.42639 0.17830 0.08626 0.88648 -0.23804 0.38737
1403636876751666432.000000000 -0.07995 -0.45722 0.18154 0.08370 0.88676 -0.22146 0.39700
1403636876851666432.000000000 -0.02015 -0.46758 0.18433 0.07824 0.88964 -0.19718 0.40441
1403636876951666688.000000000 0.03836 -0.45605 0.18523 0.06716 0.89202 -0.16844 0.41402
1403636877051666432.000000000 0.09307 -0.42510 0.18403 0.04881 0.89482 -0.13457 0.42286
1403636877151666432.000000000 0.13881 -0.37498 0.18232 0.02621 0.89819 -0.09533 0.42834
1403636877251666432.000000000 0.17347 -0.31087 0.18091 0.00046 0.90107 -0.05709 0.42990
1403636877351666432.000000000 0.19240 -0.23909 0.18042 -0.02236 0.90267 -0.02068 0.42926
1403636877451666688.000000000 0.19395 -0.16671 0.17923 -0.04343 0.90387 0.01325 0.42539
1403636877551666432.000000000 0.17832 -0.10013 0.17572 -0.06324 0.90598 0.03815 0.41683
1403636877651666432.000000000 0.14658 -0.04552 0.17096 -0.07842 0.90941 0.05385 0.40487
1403636877751666432.000000000 0.10272 -0.00648 0.16736 -0.09064 0.91276 0.05890 0.39392
1403636877851666432.000000000 0.05263 0.01908 0.16468 -0.09335 0.91681 0.05376 0.38452
1403636877951666688.000000000 0.00088 0.02952 0.16056 -0.08764 0.92172 0.04239 0.37543
1403636878051666432.000000000 -0.04984 0.02509 0.15517 -0.07554 0.92572 0.02609 0.36967
1403636878151666432.000000000 -0.09565 0.00627 0.14972 -0.05964 0.92727 0.00220 0.36962
1403636878251666432.000000000 -0.13509 -0.02773 0.14547 -0.04537 0.92639 -0.02291 0.37313
1403636878351666432.000000000 -0.16608 -0.07296 0.14122 -0.03605 0.92409 -0.05061 0.37709
1403636878451666688.000000000 -0.18718 -0.12819 0.13897 -0.02304 0.92168 -0.07803 0.37932
1403636878551666432.000000000 -0.19529 -0.18954 0.14170 -0.00619 0.91892 -0.10240 0.38087
1403636878651666432.000000000 -0.18967 -0.25332 0.14809 0.01188 0.91542 -0.12268 0.38316
1403636878751666432.000000000 -0.17134 -0.31608 0.15672 0.03067 0.91132 -0.13611 0.38733
1403636878851666432.000000000 -0.14343 -0.37268 0.16534 0.04195 0.90728 -0.14510 0.39246
1403636878951666688.000000000 -0.10812 -0.42050 0.17026 0.04438 0.90618 -0.14999 0.39290
1403636879051666432.000000000 -0.06761 -0.45632 0.17402 0.04365 0.90654 -0.15136 0.39162
1403636879151666432.000000000 -0.02123 -0.47691 0.17990 0.04064 0.90335 -0.14911 0.40010
1403636879251666432.000000000 0.02673 -0.48330 0.18791 0.03921 0.89834 -0.14085 0.41427
1403636879351666432.000000000 0.07199 -0.47412 0.19547 0.03453 0.89504 -0.12541 0.42660
1403636879451666688.000000000 0.10878 -0.44788 0.20178 0.02389 0.89438 -0.10172 0.43494
1403636879551666432.000000000 0.13505 -0.40746 0.20696 0.00920 0.89609 -0.07331 0.43767
1403636879651666432.000000000 0.14917 -0.35584 0.21240 -0.00932 0.89793 -0.04989 0.43720
1403636879751666432.000000000 0.15102 -0.29711 0.21835 -0.02892 0.89964 -0.03074 0.43459
1403636879851666432.000000000 0.13876 -0.23803 0.22124 -0.04410 0.90261 -0.01413 0.42797
1403636879951666688.000000000 0.11280 -0.18694 0.22211 -0.05289 0.90660 -0.00293 0.41866
1403636880051666432.000000000 0.07567 -0.15209 0.22287 -0.05792 0.91001 0.00392 0.41051
1403636880151666432.000000000 0.03286 -0.13916 0.22437 -0.05696 0.91181 0.00530 0.40662
1403636880251666432.000000000 -0.01250 -0.14698 0.22650 -0.04779 0.91120 -0.00533 0.40915
1403636880351666432.000000000 -0.05837 -0.16851 0.22894 -0.03143 0.90904 -0.02576 0.41473
1403636880451666688.000000000 -0.10529 -0.19293 0.23534 -0.01088 0.90603 -0.04808 0.42033
1403636880551666432.000000000 -0.15353 -0.20901 0.24505 0.00744 0.90372 -0.06845 0.42256
1403636880651666432.000000000 -0.20035 -0.21096 0.25345 0.01916 0.90452 -0.08275 0.41789
1403636880751666432.000000000 -0.24206 -0.19655 0.25935 0.02193 0.90770 -0.09114 0.40900
1403636880851666432.000000000 -0.27418 -0.16934 0.26280 0.01651 0.91008 -0.09142 0.40390
1403636880951666688.000000000 -0.29184 -0.13431 0.26489 0.00675 0.90939 -0.08310 0.40750
1403636881051666432.000000000 -0.29440 -0.09706 0.26746 -0.00074 0.90551 -0.06938 0.41860
1403636881151666432.000000000 -0.28374 -0.05944 0.26939 -0.01171 0.90149 -0.04998 0.42975
1403636881251666432.000000000 -0.26224 -0.02517 0.27109 -0.02930 0.89888 -0.02742 0.43635
1403636881351666432.000000000 -0.23021 -0.00154 0.27399 -0.04204 0.89733 -0.00497 0.43932
1403636881451666688.000000000 -0.18750 0.00780 0.27609 -0.04607 0.89582 0.01271 0.44184
1403636881551666432.000000000 -0.13785 0.00156 0.27771 -0.04330 0.89275 0.02682 0.44766
1403636881651666432.000000000 -0.08512 -0.01989 0.27720 -0.04019 0.88986 0.03876 0.45281
1403636881751666432.000000000 -0.03260 -0.05451 0.27345 -0.03584 0.88949 0.04692 0.45313
1403636881851666432.000000000 0.01630 -0.09747 0.26688 -0.02925 0.89090 0.04433 0.45109
1403636881951666688.000000000 0.05417 -0.14502 0.25809 -0.02559 0.89286 0.03382 0.44834
1403636882051666432.000000000 0.07916 -0.19470 0.24828 -0.02248 0.89333 0.02102 0.44835
1403636882151666432.000000000 0.08831 -0.24160 0.23550 -0.01817 0.89256 0.00990 0.45045
1403636882251666432.000000000 0.08285 -0.27875 0.22067 -0.01064 0.89040 0.00073 0.45505
1403636882351666432.000000000 0.06666 -0.30071 0.20541 -0.00851 0.88770 -0.00352 0.46034
1403636882451666688.000000000 0.04655 -0.30460 0.19017 -0.01445 0.88589 -0.00153 0.46367
1403636882551666432.000000000 0.03157 -0.29411 0.17608 -0.02570 0.88389 0.00376 0.46698
1403636882651666432.000000000 0.02984 -0.27623 0.16516 -0.03578 0.87773 0.01211 0.47766
1403636882751666432.000000000 0.04171 -0.25456 0.15446 -0.05189 0.86363 0.02524 0.50082
1403636882851666432.000000000 0.06152 -0.23327 0.13889 -0.06957 0.84659 0.04437 0.52580
1403636882951666688.000000000 0.08281 -0.21295 0.11793 -0.08702 0.83493 0.06355 0.53971
1403636883051666432.000000000 0.10222 -0.19383 0.09342 -0.10359 0.83161 0.08302 0.53926
1403636883151666432.000000000 0.12032 -0.17736 0.07003 -0.10989 0.82787 0.09967 0.54094
1403636883251666432.000000000 0.13568 -0.16331 0.04804 -0.11121 0.82113 0.11248 0.54839
1403636883351666432.000000000 0.14687 -0.15174 0.02931 -0.11633 0.81613 0.11924 0.55334
1403636883451666688.000000000 0.15540 -0.14460 0.01589 -0.12204 0.81221 0.12331 0.55698
1403636883551666432.000000000 0.16094 -0.14057 0.00894 -0.12797 0.80528 0.12929 0.56430
1403636883651666432.000000000 0.16546 -0.13706 0.00353 -0.13380 0.79937 0.13611 0.56972
1403636883751666432.000000000 0.16882 -0.13497 -0.00019 -0.13560 0.79752 0.14319 0.57015
1403636883851666432.000000000 0.17101 -0.13363 -0.00398 -0.14185 0.79665 0.14435 0.56956
1403636883951666688.000000000 0.17301 -0.13317 -0.00785 -0.14515 0.79524 0.14738 0.56991
1403636884051666432.000000000 0.17403 -0.13298 -0.00852 -0.14902 0.79067 0.15013 0.57453
1403636884151666432.000000000 0.17426 -0.13436 -0.00933 -0.15065 0.78713 0.15207 0.57845
1403636884251666432.000000000 0.17370 -0.13464 -0.00865 -0.14927 0.78321 0.15283 0.58391
1403636884351666432.000000000 0.17271 -0.13392 -0.00844 -0.15067 0.78213 0.15189 0.58523
1403636884451666688.000000000 0.17256 -0.13406 -0.00839 -0.15034 0.78200 0.15215 0.58542
1403636884551666432.000000000 0.17251 -0.13403 -0.00838 -0.15058 0.78209 0.15199 0.58529
1403636884651666432.000000000 0.17257 -0.13404 -0.00839 -0.15066 0.78223 0.15184 0.58512
1403636884751666432.000000000 0.17251 -0.13403 -0.00841 -0.15083 0.78229 0.15170 0.58502
1403636884851666432.000000000 0.17254 -0.13404 -0.00841 -0.15096 0.78229 0.15163 0.58501
1403636884951666688.000000000 0.17252 -0.13406 -0.00837 -0.15090 0.78232 0.15165 0.58498
1403636885051666432.000000000 0.17254 -0.13412 -0.00834 -0.15079 0.78235 0.15173 0.58495
1403636885151666432.000000000 0.17254 -0.13415 -0.00833 -0.15062 0.78242 0.15170 0.58491
1403636885251666432.000000000 0.17254 -0.13415 -0.00831 -0.15068 0.78243 0.15164 0.58489
1403636885351666432.000000000 0.17254 -0.13412 -0.00831 -0.15074 0.78247 0.15157 0.58484
1403636885451666688.000000000 0.17252 -0.13414 -0.00832 -0.15073 0.78242 0.15149 0.58494
1403636885551666432.000000000 0.17253 -0.13414 -0.00831 -0.15067 0.78248 0.15149 0.58487
1403636885651666432.000000000 0.17249 -0.13417 -0.00828 -0.15053 0.78251 0.15158 0.58485
1403636885751666432.000000000 0.17253 -0.13414 -0.00830 -0.15062 0.78248 0.15153 0.58487
1403636885851666432.000000000 0.17253 -0.13413 -0.00829 -0.15058 0.78249 0.15152 0.58488
1403636885951666688.000000000 0.17251 -0.13417 -0.00828 -0.15043 0.78256 0.15157 0.58480
1403636886051666432.000000000 0.17255 -0.13412 -0.00829 -0.15061 0.78262 0.15145 0.58470
1403636886151666432.000000000 0.17250 -0.13410 -0.00829 -0.15066 0.78263 0.15135 0.58471
1403636886251666432.000000000 0.17250 -0.13408 -0.00829 -0.15072 0.78264 0.15131 0.58469
1403636886351666432.000000000 0.17256 -0.13408 -0.00832 -0.15074 0.78269 0.15131 0.58461
1403636886451666688.000000000 0.17256 -0.13411 -0.00831 -0.15057 0.78269 0.15140 0.58464
1403636886551666432.000000000 0.17256 -0.13410 -0.00832 -0.15060 0.78267 0.15138 0.58466
1403636886651666432.000000000 0.17256 -0.13410 -0.00833 -0.15062 0.78267 0.15138 0.58466
1403636886751666432.000000000 0.17257 -0.13409 -0.00833 -0.15064 0.78270 0.15137 0.58461
1403636886851666432.000000000 0.17257 -0.13411 -0.00833 -0.15059 0.78272 0.15141 0.58459
1403636886951666688.000000000 0.17257 -0.13411 -0.00834 -0.15057 0.78269 0.15144 0.58462
1403636887051666432.000000000 0.17258 -0.13409 -0.00834 -0.15061 0.78270 0.15142 0.58461
1403636887151666432.000000000 0.17256 -0.13411 -0.00835 -0.15063 0.78273 0.15139 0.58457
1403636887251666432.000000000 0.17256 -0.13411 -0.00834 -0.15063 0.78273 0.15141 0.58457
1403636887351666432.000000000 0.17253 -0.13409 -0.00834 -0.15062 0.78272 0.15137 0.58460
1403636887451666688.000000000 0.17254 -0.13408 -0.00835 -0.15063 0.78274 0.15138 0.58456
1403636887551666432.000000000 0.17257 -0.13410 -0.00836 -0.15060 0.78278 0.15143 0.58450
1403636887651666432.000000000 0.17257 -0.13409 -0.00837 -0.15053 0.78276 0.15142 0.58456
1403636887751666432.000000000 0.17257 -0.13411 -0.00836 -0.15050 0.78279 0.15146 0.58451
1403636887851666432.000000000 0.17258 -0.13411 -0.00837 -0.15048 0.78276 0.15147 0.58455
1403636887951666688.000000000 0.17258 -0.13410 -0.00836 -0.15051 0.78282 0.15144 0.58447
1403636888051666432.000000000 0.17259 -0.13410 -0.00836 -0.15051 0.78285 0.15142 0.58444
1403636888151666432.000000000 0.17258 -0.13412 -0.00838 -0.15055 0.78285 0.15140 0.58443
1403636888251666432.000000000 0.17260 -0.13412 -0.00840 -0.15063 0.78285 0.15138 0.58441
1403636888351666432.000000000 0.17259 -0.13411 -0.00840 -0.15066 0.78285 0.15135 0.58442
1403636888451666688.000000000 0.17258 -0.13410 -0.00840 -0.15067 0.78290 0.15133 0.58435
1403636888551666432.000000000 0.17259 -0.13411 -0.00839 -0.15063 0.78290 0.15132 0.58436
1403636888651666432.000000000 0.17260 -0.13413 -0.00836 -0.15059 0.78284 0.15121 0.58448
1403636888751666432.000000000 0.17246 -0.13401 -0.00829 -0.15055 0.78265 0.15142 0.58469
1403636888851666432.000000000 0.17247 -0.13397 -0.00839 -0.15047 0.78279 0.15148 0.58451
1403636888951666688.000000000 0.17246 -0.13397 -0.00839 -0.15044 0.78279 0.15147 0.58452
1403636889051666432.000000000 0.17242 -0.13395 -0.00831 -0.15054 0.78274 0.15146 0.58456
1403636889151666432.000000000 0.17244 -0.13397 -0.00835 -0.15059 0.78280 0.15128 0.58452
1403636889251666432.000000000 0.17244 -0.13399 -0.00838 -0.15059 0.78294 0.15100 0.58441
1403636889351666432.000000000 0.17252 -0.13401 -0.00841 -0.15061 0.78285 0.15107 0.58450
1403636889451666688.000000000 0.17250 -0.13400 -0.00837 -0.15065 0.78284 0.15117 0.58448
1403636889551666432.000000000 0.17258 -0.13402 -0.00842 -0.15048 0.78285 0.15117 0.58450
1403636889651666432.000000000 0.17259 -0.13409 -0.00839 -0.15050 0.78279 0.15106 0.58461
1403636889751666432.000000000 0.17258 -0.13410 -0.00840 -0.15031 0.78271 0.15114 0.58474
1403636889851666432.000000000 0.17256 -0.13412 -0.00837 -0.15027 0.78274 0.15117 0.58470
1403636889951666688.000000000 0.17254 -0.13407 -0.00836 -0.15030 0.78274 0.15141 0.58464
1403636890051666432.000000000 0.17254 -0.13422 -0.00839 -0.15011 0.78297 0.15096 0.58450
1403636890151666432.000000000 0.17253 -0.13421 -0.00823 -0.15020 0.78266 0.15075 0.58495
1403636890251666432.000000000 0.17245 -0.13402 -0.00818 -0.15060 0.78260 0.15150 0.58473
1403636890351666432.000000000 0.17241 -0.13405 -0.00833 -0.15042 0.78306 0.15130 0.58421
1403636890451666688.000000000 0.17244 -0.13417 -0.00829 -0.15007 0.78289 0.15059 0.58471
1403636890551666432.000000000 0.17252 -0.13408 -0.00822 -0.15043 0.78247 0.15108 0.58505
1403636890651666432.000000000 0.17245 -0.13397 -0.00827 -0.15061 0.78274 0.15167 0.58449
1403636890751666432.000000000 0.17242 -0.13411 -0.00833 -0.15030 0.78306 0.15114 0.58428
1403636890851666432.000000000 0.17249 -0.13420 -0.00820 -0.15014 0.78280 0.15073 0.58478
1403636890951666688.000000000 0.17253 -0.13417 -0.00819 -0.15033 0.78280 0.15099 0.58466
1403636891051666432.000000000 0.17253 -0.13415 -0.00823 -0.15035 0.78285 0.15104 0.58458
1403636891151666432.000000000 0.17250 -0.13411 -0.00825 -0.15039 0.78278 0.15102 0.58466
1403636891251666432.000000000 0.17249 -0.13409 -0.00824 -0.15043 0.78279 0.15109 0.58463
1403636891351666432.000000000 0.17251 -0.13409 -0.00826 -0.15042 0.78277 0.15112 0.58464
1403636891451666688.000000000 0.17252 -0.13410 -0.00826 -0.15038 0.78277 0.15109 0.58466
1403636891551666432.000000000 0.17252 -0.13410 -0.00825 -0.15038 0.78280 0.15114 0.58460
1403636891651666432.000000000 0.17252 -0.13411 -0.00824 -0.15038 0.78285 0.15106 0.58457
1403636891751666432.000000000 0.17254 -0.13413 -0.00827 -0.15035 0.78281 0.15109 0.58462
1403636891851666432.000000000 0.17252 -0.13412 -0.00826 -0.15026 0.78280 0.15118 0.58463
1403636891951666688.000000000 0.17250 -0.13412 -0.00825 -0.15030 0.78281 0.15113 0.58462
1403636892051666432.000000000 0.17250 -0.13411 -0.00827 -0.15033 0.78279 0.15109 0.58464
1403636892151666432.000000000 0.17252 -0.13411 -0.00829 -0.15040 0.78279 0.15108 0.58463
1403636892251666432.000000000 0.17252 -0.13412 -0.00827 -0.15031 0.78280 0.15113 0.58463
1403636892351666432.000000000 0.17253 -0.13416 -0.00825 -0.15023 0.78279 0.15106 0.58468
1403636892451666688.000000000 0.17254 -0.13418 -0.00824 -0.15009 0.78270 0.15104 0.58484
1403636892551666432.000000000 0.17252 -0.13416 -0.00823 -0.15013 0.78281 0.15105 0.58469
1403636892651666432.000000000 0.17250 -0.13415 -0.00824 -0.15019 0.78283 0.15102 0.58465
1403636892751666432.000000000 0.17250 -0.13414 -0.00824 -0.15014 0.78280 0.15109 0.58468
1403636892851666432.000000000 0.17250 -0.13413 -0.00825 -0.15016 0.78282 0.15114 0.58464
1403636892951666688.000000000 0.17250 -0.13414 -0.00825 -0.15014 0.78281 0.15117 0.58465
1403636893051666432.000000000 0.17252 -0.13414 -0.00826 -0.15017 0.78278 0.15111 0.58469
1403636893151666432.000000000 0.17250 -0.13413 -0.00826 -0.15017 0.78275 0.15109 0.58474
1403636893251666432.000000000 0.17249 -0.13413 -0.00827 -0.15015 0.78277 0.15114 0.58471
1403636893351666432.000000000 0.17249 -0.13413 -0.00829 -0.15020 0.78276 0.15110 0.58472
1403636893451666688.000000000 0.17249 -0.13414 -0.00828 -0.15016 0.78275 0.15110 0.58474
1403636893551666432.000000000 0.17250 -0.13415 -0.00827 -0.15009 0.78278 0.15114 0.58471
1403636893651666432.000000000 0.17251 -0.13414 -0.00829 -0.15006 0.78273 0.15121 0.58477
1403636893751666432.000000000 0.17249 -0.13413 -0.00826 -0.15007 0.78276 0.15120 0.58473
1403636893851666432.000000000 0.17250 -0.13414 -0.00827 -0.15006 0.78282 0.15120 0.58465
1403636893951666688.000000000 0.17250 -0.13414 -0.00826 -0.15018 0.78286 0.15112 0.58459
1403636894051666432.000000000 0.17249 -0.13414 -0.00829 -0.15018 0.78283 0.15107 0.58463
1403636894151666432.000000000 0.17248 -0.13414 -0.00829 -0.15018 0.78286 0.15103 0.58461
1403636894251666432.000000000 0.17248 -0.13414 -0.00830 -0.15020 0.78288 0.15097 0.58459
1403636894351666432.000000000 0.17248 -0.13413 -0.00829 -0.15017 0.78286 0.15101 0.58461
1403636894451666688.000000000 0.17194 -0.13387 -0.00824 -0.15035 0.78200 0.15179 0.58551
1403636894551666432.000000000 0.17196 -0.13390 -0.00824 -0.15023 0.78196 0.15178 0.58560
1403636894651666432.000000000 0.17195 -0.13390 -0.00825 -0.15021 0.78200 0.15176 0.58555
1403636894751666432.000000000 0.17197 -0.13391 -0.00825 -0.15021 0.78198 0.15176 0.58559
1403636894851666432.000000000 0.17199 -0.13393 -0.00825 -0.15014 0.78202 0.15172 0.58556
1403636894951666688.000000000 0.17200 -0.13393 -0.00824 -0.15010 0.78202 0.15163 0.58560
1403636895051666432.000000000 0.17203 -0.13394 -0.00824 -0.15013 0.78203 0.15172 0.58555
1403636895151666432.000000000 0.17204 -0.13398 -0.00822 -0.14994 0.78192 0.15183 0.58572
1403636895251666432.000000000 0.17204 -0.13397 -0.00823 -0.14995 0.78198 0.15171 0.58566
1403636895351666432.000000000 0.17201 -0.13395 -0.00821 -0.14997 0.78199 0.15172 0.58565
1403636895451666688.000000000 0.17200 -0.13395 -0.00822 -0.15000 0.78197 0.15175 0.58566
1403636895551666432.000000000 0.17199 -0.13395 -0.00821 -0.15002 0.78197 0.15171 0.58567
1403636895651666432.000000000 0.17201 -0.13396 -0.00820 -0.14999 0.78193 0.15185 0.58569
1403636895751666432.000000000 0.17199 -0.13393 -0.00820 -0.15003 0.78192 0.15181 0.58570
1403636895851666432.000000000 0.17199 -0.13393 -0.00816 -0.15004 0.78189 0.15180 0.58575
1403636895951666688.000000000 0.17203 -0.13394 -0.00815 -0.15001 0.78188 0.15199 0.58571
1403636896051666432.000000000 0.17209 -0.13397 -0.00819 -0.14997 0.78211 0.15199 0.58541
1403636896151666432.000000000 0.17234 -0.13403 -0.00838 -0.15013 0.78269 0.15202 0.58459
1403636896251666432.000000000 0.17250 -0.13411 -0.00848 -0.15022 0.78308 0.15202 0.58405
1403636896351666432.000000000 0.17233 -0.13406 -0.00832 -0.15009 0.78271 0.15212 0.58455
1403636896451666688.000000000 0.17227 -0.13405 -0.00829 -0.15000 0.78240 0.15228 0.58495
1403636896551666432.000000000 0.17224 -0.13405 -0.00825 -0.15005 0.78240 0.15223 0.58494
1403636896651666432.000000000 0.17225 -0.13399 -0.00819 -0.15018 0.78244 0.15223 0.58486
1403636896751666432.000000000 0.17251 -0.13411 -0.00841 -0.15028 0.78299 0.15235 0.58406
1403636896851666432.000000000 0.17233 -0.13403 -0.00824 -0.15033 0.78272 0.15234 0.58442
1403636896951666688.000000000 0.17241 -0.13413 -0.00828 -0.15021 0.78281 0.15269 0.58424
1403636897051666432.000000000 0.17199 -0.13412 -0.00792 -0.15048 0.78211 0.15344 0.58490
1403636897151666432.000000000 0.17100 -0.13422 -0.00758 -0.15200 0.78130 0.15689 0.58469
1403636897251666432.000000000 0.16951 -0.13554 -0.00819 -0.15281 0.78197 0.15773 0.58335
1403636897351666432.000000000 0.16618 -0.14108 -0.00868 -0.15044 0.78367 0.15501 0.58241
1403636897451666688.000000000 0.15932 -0.15153 -0.00948 -0.14338 0.78869 0.15293 0.57794
1403636897551666432.000000000 0.15012 -0.16483 -0.01011 -0.13455 0.79477 0.15134 0.57213
1403636897651666432.000000000 0.13877 -0.18007 -0.00839 -0.12293 0.80422 0.15325 0.56092
1403636897751666432.000000000 0.12657 -0.19675 -0.00064 -0.11160 0.81372 0.15819 0.54806
1403636897851666432.000000000 0.11586 -0.21215 0.01391 -0.10545 0.82026 0.16221 0.53828
1403636897951666688.000000000 0.10952 -0.22394 0.03506 -0.10434 0.82038 0.16467 0.53756
1403636898051666432.000000000 0.10952 -0.23142 0.05427 -0.10774 0.81333 0.16546 0.54728
1403636898151666432.000000000 0.11118 -0.23705 0.06628 -0.11252 0.80881 0.16622 0.55276
1403636898251666432.000000000 0.11600 -0.24075 0.07932 -0.11510 0.80679 0.16847 0.55449
1403636898351666432.000000000 0.12238 -0.24249 0.09532 -0.11683 0.80623 0.17108 0.55414
1403636898451666688.000000000 0.12939 -0.24194 0.11428 -0.11960 0.80587 0.17373 0.55325
1403636898551666432.000000000 0.13748 -0.24038 0.13516 -0.12283 0.80557 0.17581 0.55233
1403636898651666432.000000000 0.14671 -0.23795 0.15548 -0.12327 0.80530 0.17890 0.55163
1403636898751666432.000000000 0.15737 -0.23361 0.17346 -0.12461 0.80558 0.18057 0.55038
1403636898851666432.000000000 0.16982 -0.22799 0.18956 -0.12757 0.80563 0.18043 0.54966
1403636898951666688.000000000 0.18396 -0.22124 0.20345 -0.13248 0.80685 0.17843 0.54736
1403636899051666432.000000000 0.20155 -0.21463 0.21460 -0.13677 0.80783 0.17198 0.54692
1403636899151666432.000000000 0.22301 -0.21052 0.22527 -0.13294 0.80756 0.16219 0.55123
1403636899251666432.000000000 0.24684 -0.20945 0.23642 -0.12391 0.80464 0.14845 0.56139
1403636899351666432.000000000 0.27083 -0.21173 0.24613 -0.11091 0.80209 0.12974 0.57229
1403636899451666688.000000000 0.29381 -0.21702 0.25468 -0.09568 0.80240 0.10889 0.57891
1403636899551666432.000000000 0.31250 -0.22434 0.26022 -0.08853 0.80923 0.08873 0.57397
1403636899651666432.000000000 0.33041 -0.23367 0.26530 -0.08332 0.81484 0.07430 0.56884
1403636899751666432.000000000 0.35010 -0.24587 0.27089 -0.07719 0.81852 0.06543 0.56550
1403636899851666432.000000000 0.37137 -0.26092 0.27503 -0.06809 0.82016 0.06276 0.56459
1403636899951666688.000000000 0.39528 -0.27762 0.27689 -0.05984 0.81847 0.06303 0.56794
1403636900051666432.000000000 0.42008 -0.29466 0.27677 -0.05527 0.81407 0.06340 0.57465
1403636900151666432.000000000 0.44356 -0.31173 0.27960 -0.05368 0.80880 0.06372 0.58215
1403636900251666432.000000000 0.46500 -0.32930 0.29138 -0.05260 0.80742 0.06589 0.58392
1403636900351666432.000000000 0.48262 -0.34665 0.31149 -0.05333 0.81037 0.06780 0.57954
1403636900451666688.000000000 0.49924 -0.36408 0.33745 -0.05437 0.81511 0.07082 0.57239
1403636900551666432.000000000 0.51586 -0.38153 0.36160 -0.05588 0.81744 0.07377 0.56854
1403636900651666432.000000000 0.53367 -0.39929 0.38016 -0.05768 0.82021 0.07604 0.56404
1403636900751666432.000000000 0.55117 -0.41839 0.39100 -0.06009 0.82530 0.07730 0.55615
1403636900851666432.000000000 0.57356 -0.43595 0.39695 -0.06523 0.82598 0.07584 0.55475
1403636900951666688.000000000 0.59799 -0.45737 0.39774 -0.07424 0.82356 0.07161 0.55777
1403636901051666432.000000000 0.62774 -0.47905 0.39558 -0.07842 0.82157 0.06904 0.56044
1403636901151666432.000000000 0.65782 -0.50736 0.39106 -0.08156 0.82038 0.06716 0.56197
1403636901251666432.000000000 0.69133 -0.53705 0.38565 -0.08018 0.81949 0.06793 0.56338
1403636901351666432.000000000 0.72552 -0.57135 0.38620 -0.07637 0.81869 0.07044 0.56475
1403636901451666688.000000000 0.76365 -0.61008 0.39402 -0.07170 0.81814 0.07326 0.56580
1403636901551666432.000000000 0.80289 -0.64832 0.40486 -0.06639 0.81750 0.07638 0.56696
1403636901651666432.000000000 0.84305 -0.68782 0.41239 -0.06439 0.81587 0.07748 0.56940
1403636901751666432.000000000 0.88284 -0.72686 0.41042 -0.06604 0.81469 0.07634 0.57104
1403636901851666432.000000000 0.92270 -0.76722 0.40430 -0.06516 0.81465 0.07681 0.57113
1403636901951666688.000000000 0.96294 -0.80757 0.39205 -0.06452 0.81465 0.07776 0.57109
1403636902051666432.000000000 1.00328 -0.85001 0.38017 -0.06389 0.81413 0.07953 0.57165
1403636902151666432.000000000 1.04353 -0.88952 0.37205 -0.06361 0.81350 0.08073 0.57241
1403636902251666432.000000000 1.08334 -0.93189 0.37165 -0.06480 0.81377 0.08016 0.57197
1403636902351666432.000000000 1.12125 -0.97068 0.36706 -0.06660 0.81431 0.07779 0.57133
1403636902451666688.000000000 1.15898 -1.01109 0.34901 -0.06540 0.81523 0.07625 0.57036
1403636902551666432.000000000 1.19484 -1.05381 0.32179 -0.06068 0.81508 0.07685 0.57101
1403636902651666432.000000000 1.23093 -1.09063 0.29419 -0.05381 0.81499 0.07836 0.57163
1403636902751666432.000000000 1.26734 -1.12784 0.27444 -0.05124 0.81397 0.07728 0.57345
1403636902851666432.000000000 1.30190 -1.16351 0.26297 -0.05281 0.81299 0.07601 0.57487
1403636902951666688.000000000 1.33571 -1.19832 0.26019 -0.05492 0.81109 0.07649 0.57730
1403636903051666432.000000000 1.36298 -1.23289 0.26202 -0.05700 0.81159 0.07721 0.57629
1403636903151666432.000000000 1.39576 -1.26719 0.27425 -0.05909 0.81247 0.07863 0.57465
1403636903251666432.000000000 1.42727 -1.30201 0.29448 -0.06079 0.81365 0.08036 0.57256
1403636903351666432.000000000 1.45142 -1.33835 0.31733 -0.06011 0.81467 0.08295 0.57081
1403636903451666688.000000000 1.47902 -1.37066 0.33622 -0.05834 0.81519 0.08607 0.56978
1403636903551666432.000000000 1.50419 -1.40112 0.34760 -0.05836 0.81490 0.08717 0.57003
1403636903651666432.000000000 1.52487 -1.43037 0.35301 -0.06024 0.81713 0.08659 0.56672
1403636903751666432.000000000 1.55104 -1.45736 0.35118 -0.06347 0.82016 0.08500 0.56221
1403636903851666432.000000000 1.57949 -1.48409 0.34993 -0.06953 0.82202 0.08125 0.55932
1403636903951666688.000000000 1.60951 -1.51146 0.35783 -0.07322 0.82088 0.07866 0.56090
1403636904051666432.000000000 1.64339 -1.54046 0.37162 -0.07582 0.81858 0.07678 0.56417
1403636904151666432.000000000 1.68014 -1.57158 0.39210 -0.07800 0.81824 0.07492 0.56462
1403636904251666432.000000000 1.71431 -1.60507 0.41887 -0.07856 0.81718 0.07347 0.56625
1403636904351666432.000000000 1.74982 -1.64075 0.44458 -0.07850 0.81630 0.07254 0.56766
1403636904451666688.000000000 1.78381 -1.67758 0.46364 -0.07454 0.81547 0.07375 0.56923
1403636904551666432.000000000 1.82012 -1.71786 0.47858 -0.07169 0.81546 0.07387 0.56959
1403636904651666432.000000000 1.85775 -1.75952 0.48991 -0.06720 0.81558 0.07522 0.56979
1403636904751666432.000000000 1.89591 -1.80327 0.49933 -0.06336 0.81544 0.07571 0.57037
1403636904851666432.000000000 1.93548 -1.84681 0.50964 -0.05935 0.81561 0.07627 0.57047
1403636904951666688.000000000 1.97324 -1.89019 0.51363 -0.05480 0.81605 0.07721 0.57018
1403636905051666432.000000000 2.01269 -1.93231 0.51613 -0.05328 0.81591 0.07591 0.57069
1403636905151666432.000000000 2.05028 -1.97329 0.51708 -0.05027 0.81509 0.07534 0.57221
1403636905251666432.000000000 2.09194 -2.01272 0.52453 -0.04691 0.81559 0.07544 0.57177
1403636905351666432.000000000 2.12826 -2.04751 0.53466 -0.04461 0.81747 0.07454 0.56938
1403636905451666688.000000000 2.16631 -2.07927 0.55237 -0.04277 0.81910 0.07700 0.56685
1403636905551666432.000000000 2.20205 -2.10640 0.57206 -0.04320 0.81906 0.08363 0.56593
1403636905651666432.000000000 2.23963 -2.13015 0.58573 -0.04525 0.81881 0.08860 0.56538
1403636905751666432.000000000 2.27616 -2.15145 0.59177 -0.05085 0.81880 0.08984 0.56472
1403636905851666432.000000000 2.31389 -2.16936 0.59026 -0.05495 0.81935 0.09070 0.56340
1403636905951666688.000000000 2.35306 -2.18420 0.58214 -0.05793 0.82084 0.09175 0.56076
1403636906051666432.000000000 2.39314 -2.19793 0.57014 -0.05717 0.82320 0.09486 0.55684
1403636906151666432.000000000 2.43643 -2.20966 0.55658 -0.05763 0.82396 0.09685 0.55532
1403636906251666432.000000000 2.48406 -2.21690 0.55060 -0.05979 0.82039 0.09698 0.56034
1403636906351666432.000000000 2.53017 -2.22162 0.55220 -0.06444 0.81527 0.09455 0.56766
1403636906451666688.000000000 2.57565 -2.22571 0.55860 -0.07374 0.81329 0.08812 0.57040
1403636906551666432.000000000 2.62186 -2.23074 0.56658 -0.08347 0.81467 0.08109 0.56813
1403636906651666432.000000000 2.66654 -2.23964 0.57138 -0.08332 0.81729 0.08070 0.56443
1403636906751666432.000000000 2.71199 -2.25085 0.57058 -0.07528 0.81616 0.08588 0.56643
1403636906851666432.000000000 2.75728 -2.26419 0.56465 -0.06904 0.81607 0.09084 0.56658
1403636906951666688.000000000 2.80336 -2.27678 0.55784 -0.06542 0.81604 0.09500 0.56638
1403636907051666432.000000000 2.84977 -2.28822 0.55780 -0.06488 0.81589 0.09765 0.56620
1403636907151666432.000000000 2.89782 -2.29870 0.56151 -0.06395 0.81756 0.09999 0.56348
1403636907251666432.000000000 2.94493 -2.30650 0.56069 -0.06505 0.82113 0.10049 0.55805
1403636907351666432.000000000 2.99447 -2.31238 0.55471 -0.06846 0.82316 0.09989 0.55475
1403636907451666688.000000000 3.04887 -2.31675 0.55220 -0.07386 0.82453 0.09716 0.55250
1403636907551666432.000000000 3.10262 -2.32138 0.55738 -0.08125 0.82508 0.09262 0.55142
1403636907651666432.000000000 3.16136 -2.32716 0.57174 -0.08397 0.82464 0.09096 0.55194
1403636907751666432.000000000 3.22840 -2.33561 0.59267 -0.08596 0.82446 0.08966 0.55211
1403636907851666432.000000000 3.29308 -2.34783 0.61397 -0.08786 0.82408 0.08805 0.55264
1403636907951666688.000000000 3.37258 -2.36214 0.62364 -0.08532 0.82109 0.09047 0.55709
1403636908051666432.000000000 3.44776 -2.37706 0.62332 -0.07805 0.81743 0.09695 0.56242
1403636908151666432.000000000 3.52852 -2.39290 0.62067 -0.07621 0.81467 0.10060 0.56603
1403636908251666432.000000000 3.60452 -2.40827 0.62345 -0.07588 0.81266 0.10389 0.56836
1403636908351666432.000000000 3.68076 -2.42335 0.62469 -0.07617 0.81262 0.10647 0.56790
1403636908451666688.000000000 3.75153 -2.43790 0.62167 -0.07793 0.81328 0.10808 0.56641
1403636908551666432.000000000 3.82280 -2.45191 0.61262 -0.07941 0.81387 0.10974 0.56504
1403636908651666432.000000000 3.89321 -2.46560 0.60449 -0.08005 0.81432 0.11238 0.56378
1403636908751666432.000000000 3.96154 -2.47995 0.60323 -0.08197 0.81672 0.11302 0.55989
1403636908851666432.000000000 4.03218 -2.49227 0.61067 -0.08510 0.81970 0.11212 0.55523
1403636908951666688.000000000 4.10607 -2.50545 0.62781 -0.08603 0.82143 0.11271 0.55240
1403636909051666432.000000000 4.18106 -2.51680 0.64777 -0.08832 0.82155 0.11146 0.55212
1403636909151666432.000000000 4.26252 -2.53041 0.66639 -0.09058 0.82208 0.10971 0.55132
1403636909251666432.000000000 4.34351 -2.54310 0.67811 -0.08995 0.82269 0.10943 0.55056
1403636909351666432.000000000 4.42675 -2.55887 0.68803 -0.08958 0.82220 0.10851 0.55154
1403636909451666688.000000000 4.51470 -2.57225 0.69017 -0.08699 0.82007 0.10891 0.55502
1403636909551666432.000000000 4.60532 -2.58835 0.68963 -0.08566 0.81781 0.10863 0.55862
1403636909651666432.000000000 4.69530 -2.60454 0.68181 -0.08898 0.81675 0.10450 0.56043
1403636909751666432.000000000 4.78545 -2.62137 0.66864 -0.08894 0.81290 0.10275 0.56633
1403636909851666432.000000000 4.87637 -2.63881 0.65005 -0.07887 0.80803 0.10847 0.57367
1403636909951666688.000000000 4.96475 -2.65662 0.62672 -0.06486 0.80387 0.11761 0.57945
1403636910051666432.000000000 5.04799 -2.67029 0.59985 -0.05881 0.79957 0.12155 0.58519
1403636910151666432.000000000 5.12327 -2.67912 0.57375 -0.06551 0.80214 0.11773 0.58174
1403636910251666432.000000000 5.19621 -2.68275 0.55480 -0.07234 0.80753 0.11384 0.57419
1403636910351666432.000000000 5.26621 -2.68598 0.54371 -0.07688 0.81158 0.11153 0.56833
1403636910451666688.000000000 5.33532 -2.68880 0.54080 -0.07766 0.81294 0.11269 0.56604
1403636910551666432.000000000 5.40517 -2.69127 0.54188 -0.07827 0.81327 0.11413 0.56520
1403636910651666432.000000000 5.47579 -2.69373 0.53804 -0.07803 0.81338 0.11530 0.56483
1403636910751666432.000000000 5.54468 -2.69430 0.52890 -0.07921 0.81340 0.11528 0.56464
1403636910851666432.000000000 5.61532 -2.69421 0.51207 -0.08114 0.81387 0.11428 0.56390
1403636910951666688.000000000 5.68297 -2.69267 0.49442 -0.08508 0.81280 0.11188 0.56533
1403636911051666432.000000000 5.75162 -2.69143 0.47879 -0.09074 0.80388 0.10834 0.57776
1403636911151666432.000000000 5.81734 -2.69187 0.46802 -0.09118 0.80214 0.10841 0.58009
1403636911251666432.000000000 5.87848 -2.69451 0.46131 -0.08765 0.80780 0.11081 0.57228
1403636911351666432.000000000 5.93719 -2.69795 0.46371 -0.08267 0.81139 0.11364 0.56737
1403636911451666688.000000000 5.98830 -2.70208 0.47576 -0.08109 0.81148 0.11417 0.56736
1403636911551666432.000000000 6.04046 -2.70548 0.48893 -0.08011 0.81216 0.11459 0.56643
1403636911651666432.000000000 6.08661 -2.70801 0.50111 -0.07932 0.81228 0.11448 0.56639
1403636911751666432.000000000 6.13724 -2.71113 0.50505 -0.08068 0.81247 0.11296 0.56623
1403636911851666432.000000000 6.18813 -2.71375 0.50629 -0.08685 0.81337 0.10806 0.56499
1403636911951666688.000000000 6.23924 -2.71816 0.49871 -0.09440 0.81680 0.10165 0.55999
1403636912051666432.000000000 6.29468 -2.72389 0.48748 -0.09113 0.81719 0.10278 0.55976
1403636912151666432.000000000 6.36157 -2.72918 0.47689 -0.08995 0.81656 0.10300 0.56083
1403636912251666432.000000000 6.42023 -2.73745 0.47256 -0.08651 0.81507 0.10464 0.56323
1403636912351666432.000000000 6.49003 -2.74326 0.47652 -0.08319 0.81416 0.10597 0.56479
1403636912451666688.000000000 6.54749 -2.75454 0.47973 -0.08509 0.81436 0.10394 0.56460
1403636912551666432.000000000 6.61194 -2.76475 0.47871 -0.08801 0.81470 0.10066 0.56426
1403636912651666432.000000000 6.67357 -2.77772 0.47230 -0.09115 0.81484 0.09724 0.56415
1403636912751666432.000000000 6.73452 -2.79279 0.46259 -0.09651 0.81541 0.09256 0.56323
1403636912851666432.000000000 6.79761 -2.80841 0.44266 -0.09700 0.81504 0.09148 0.56386
1403636912951666688.000000000 6.85898 -2.83069 0.42392 -0.09192 0.81259 0.09453 0.56772
1403636913051666432.000000000 6.91881 -2.85506 0.40103 -0.08624 0.80900 0.09820 0.57309
1403636913151666432.000000000 6.97630 -2.87881 0.37438 -0.08244 0.80634 0.10086 0.57692
1403636913251666432.000000000 7.03265 -2.90593 0.35871 -0.08090 0.80508 0.10212 0.57868
1403636913351666432.000000000 7.08108 -2.92961 0.34622 -0.08193 0.80747 0.10143 0.57532
1403636913451666688.000000000 7.13377 -2.95808 0.34417 -0.08737 0.81083 0.09809 0.57035
1403636913551666432.000000000 7.18519 -2.98864 0.34400 -0.08635 0.81191 0.09785 0.56901
1403636913651666432.000000000 7.23121 -3.01699 0.33702 -0.08290 0.81247 0.09917 0.56849
1403636913751666432.000000000 7.28261 -3.04923 0.32776 -0.07998 0.81202 0.10055 0.56931
1403636913851666432.000000000 7.33051 -3.07999 0.31524 -0.07852 0.81172 0.10111 0.56984
1403636913951666688.000000000 7.38060 -3.11276 0.31249 -0.07819 0.81081 0.10197 0.57103
1403636914051666432.000000000 7.43160 -3.14686 0.31352 -0.07867 0.81104 0.10180 0.57067
1403636914151666432.000000000 7.48262 -3.18115 0.32126 -0.08277 0.81091 0.09907 0.57075
1403636914251666432.000000000 7.53173 -3.21668 0.32420 -0.08253 0.81099 0.09833 0.57080
1403636914351666432.000000000 7.58188 -3.25589 0.31546 -0.08001 0.81110 0.10025 0.57068
1403636914451666688.000000000 7.62711 -3.29130 0.31282 -0.07637 0.81072 0.10239 0.57133
1403636914551666432.000000000 7.67281 -3.32837 0.31308 -0.07420 0.81065 0.10347 0.57153
1403636914651666432.000000000 7.71841 -3.36294 0.32427 -0.07323 0.80951 0.10376 0.57320
1403636914751666432.000000000 7.76515 -3.39881 0.34003 -0.07247 0.80895 0.10334 0.57417
1403636914851666432.000000000 7.80599 -3.43176 0.35475 -0.07184 0.80894 0.10300 0.57433
1403636914951666688.000000000 7.84560 -3.46492 0.36124 -0.07059 0.81076 0.10252 0.57199
1403636915051666432.000000000 7.88226 -3.49509 0.36294 -0.06980 0.81288 0.10196 0.56917
1403636915151666432.000000000 7.91616 -3.52370 0.35838 -0.06846 0.81451 0.10163 0.56706
1403636915251666432.000000000 7.95183 -3.55116 0.34897 -0.06744 0.81829 0.10148 0.56174
1403636915351666432.000000000 7.98976 -3.57765 0.33337 -0.06573 0.82317 0.10217 0.55465
1403636915451666688.000000000 8.03215 -3.60186 0.31865 -0.06582 0.82437 0.10221 0.55285
1403636915551666432.000000000 8.07669 -3.62330 0.30944 -0.07358 0.81958 0.09690 0.55990
1403636915651666432.000000000 8.12425 -3.64383 0.30772 -0.08303 0.81520 0.09089 0.56594
1403636915751666432.000000000 8.17126 -3.66724 0.31311 -0.08713 0.81221 0.08850 0.56999
1403636915851666432.000000000 8.21645 -3.69343 0.32595 -0.08870 0.81129 0.08807 0.57112
1403636915951666688.000000000 8.26140 -3.72209 0.34688 -0.08675 0.81082 0.09004 0.57179
1403636916051666432.000000000 8.30523 -3.75364 0.36536 -0.07860 0.80986 0.09609 0.57334
1403636916151666432.000000000 8.34938 -3.78649 0.37659 -0.07145 0.80939 0.10208 0.57391
1403636916251666432.000000000 8.39077 -3.81899 0.38541 -0.07080 0.80954 0.10297 0.57361
1403636916351666432.000000000 8.42831 -3.85065 0.39896 -0.07246 0.80983 0.10272 0.57304
1403636916451666688.000000000 8.47142 -3.88083 0.41510 -0.06657 0.80995 0.10283 0.57356
1403636916551666432.000000000 8.50971 -3.91151 0.42752 -0.05832 0.81091 0.09475 0.57449
1403636916651666432.000000000 8.55351 -3.94025 0.43420 -0.04881 0.81231 0.08371 0.57513
1403636916751666432.000000000 8.59154 -3.96571 0.43564 -0.04193 0.81277 0.07423 0.57631
1403636916851666432.000000000 8.62775 -3.98834 0.43119 -0.03774 0.81339 0.06625 0.57670
1403636916951666688.000000000 8.66208 -4.00704 0.42226 -0.03251 0.81331 0.06207 0.57760
1403636917051666432.000000000 8.69519 -4.02196 0.40759 -0.03150 0.81380 0.05765 0.57742
1403636917151666432.000000000 8.72617 -4.03459 0.38822 -0.03329 0.81431 0.05304 0.57704
1403636917251666432.000000000 8.75483 -4.04821 0.36524 -0.03141 0.81461 0.04568 0.57736
1403636917351666432.000000000 8.78143 -4.06137 0.33665 -0.02223 0.81427 0.03414 0.57905
1403636917451666688.000000000 8.80699 -4.07672 0.30389 -0.00928 0.81383 0.01718 0.58077
1403636917551666432.000000000 8.83127 -4.08912 0.26960 0.00167 0.81417 0.00242 0.58062
1403636917651666432.000000000 8.85467 -4.10027 0.24192 0.00840 0.81335 -0.00996 0.58163
1403636917751666432.000000000 8.87656 -4.10984 0.22124 0.01398 0.81270 -0.01931 0.58219
1403636917851666432.000000000 8.89750 -4.11774 0.20952 0.02063 0.81211 -0.02583 0.58257
1403636917951666688.000000000 8.91547 -4.12334 0.20677 0.02538 0.81159 -0.03030 0.58288
1403636918051666432.000000000 8.93049 -4.12668 0.20286 0.02855 0.81273 -0.03341 0.58098
1403636918151666432.000000000 8.94316 -4.12880 0.19373 0.03226 0.81385 -0.03336 0.57921
1403636918251666432.000000000 8.95415 -4.12858 0.18492 0.03536 0.81515 -0.03179 0.57729
1403636918351666432.000000000 8.96361 -4.12574 0.18149 0.03722 0.81756 -0.03022 0.57385
1403636918451666688.000000000 8.97323 -4.12014 0.18361 0.03656 0.82487 -0.02971 0.56335
1403636918551666432.000000000 8.98609 -4.11233 0.19332 0.03573 0.82859 -0.02864 0.55799
1403636918651666432.000000000 9.00388 -4.09983 0.21254 0.03523 0.82874 -0.02657 0.55788
1403636918751666432.000000000 9.02570 -4.08464 0.24052 0.02833 0.82640 -0.02876 0.56163
1403636918851666432.000000000 9.05064 -4.06813 0.27539 0.01262 0.82164 -0.03797 0.56860
1403636918951666688.000000000 9.07601 -4.05479 0.31315 0.00421 0.81559 -0.04798 0.57662
1403636919051666432.000000000 9.10123 -4.04679 0.35365 0.00141 0.81178 -0.05843 0.58103
1403636919151666432.000000000 9.12623 -4.04520 0.39707 0.00271 0.80979 -0.06495 0.58311
1403636919251666432.000000000 9.14743 -4.05020 0.44222 0.00634 0.80894 -0.06871 0.58383
1403636919351666432.000000000 9.16504 -4.06080 0.48481 0.01131 0.80769 -0.07212 0.58507
1403636919451666688.000000000 9.17922 -4.07743 0.52169 0.02092 0.80759 -0.07220 0.58493
1403636919551666432.000000000 9.19104 -4.09687 0.55172 0.03425 0.80759 -0.06765 0.58484
1403636919651666432.000000000 9.19968 -4.11812 0.57491 0.04329 0.80667 -0.06492 0.58582
1403636919751666432.000000000 9.20462 -4.13865 0.59145 0.04610 0.80653 -0.06453 0.58585
1403636919851666432.000000000 9.20650 -4.15802 0.60092 0.04504 0.80544 -0.06610 0.58726
1403636919951666688.000000000 9.20539 -4.17661 0.60065 0.04200 0.80440 -0.06838 0.58864
1403636920051666432.000000000 9.20047 -4.19536 0.59579 0.03655 0.80289 -0.07131 0.59072
1403636920151666432.000000000 9.19115 -4.21533 0.58527 0.03060 0.80185 -0.07441 0.59208
1403636920251666432.000000000 9.17808 -4.23774 0.57067 0.02900 0.80163 -0.07423 0.59249
1403636920351666432.000000000 9.16236 -4.26273 0.55139 0.03828 0.80202 -0.06672 0.59232
1403636920451666688.000000000 9.14014 -4.28679 0.53335 0.04547 0.80378 -0.06087 0.59005
1403636920551666432.000000000 9.11460 -4.30963 0.52259 0.04829 0.80695 -0.05846 0.58574
1403636920651666432.000000000 9.08853 -4.33275 0.51880 0.04806 0.81119 -0.05832 0.57988
1403636920751666432.000000000 9.05917 -4.35230 0.52348 0.04820 0.81530 -0.05862 0.57404
1403636920851666432.000000000 9.03150 -4.37198 0.53588 0.04736 0.81868 -0.05978 0.56917
1403636920951666688.000000000 9.00403 -4.38761 0.55552 0.04733 0.81977 -0.06060 0.56751
1403636921051666432.000000000 8.97982 -4.40290 0.57472 0.04729 0.81996 -0.06109 0.56719
1403636921151666432.000000000 8.95736 -4.41563 0.58792 0.04761 0.81927 -0.06173 0.56808
1403636921251666432.000000000 8.93753 -4.42708 0.59602 0.04812 0.81517 -0.06162 0.57393
1403636921351666432.000000000 8.91714 -4.43692 0.59847 0.04703 0.80963 -0.06286 0.58166
1403636921451666688.000000000 8.89456 -4.44568 0.59405 0.04175 0.80617 -0.06677 0.58641
1403636921551666432.000000000 8.86726 -4.45460 0.58444 0.03482 0.80707 -0.07196 0.58502
1403636921651666432.000000000 8.83934 -4.46435 0.56832 0.03001 0.81261 -0.07594 0.57706
1403636921751666432.000000000 8.81032 -4.47660 0.54741 0.03016 0.82355 -0.07695 0.56119
1403636921851666432.000000000 8.78657 -4.49084 0.52656 0.03523 0.82826 -0.07453 0.55425
1403636921951666688.000000000 8.76870 -4.50733 0.50703 0.03999 0.82498 -0.07312 0.55898
1403636922051666432.000000000 8.75535 -4.52500 0.48701 0.04785 0.81832 -0.07210 0.56822
1403636922151666432.000000000 8.74068 -4.54174 0.46808 0.05361 0.81321 -0.07432 0.57471
1403636922251666432.000000000 8.72708 -4.55730 0.45434 0.05879 0.81449 -0.07749 0.57196
1403636922351666432.000000000 8.71417 -4.57081 0.44760 0.06249 0.81801 -0.08090 0.56605
1403636922451666688.000000000 8.70109 -4.58348 0.44100 0.06569 0.82175 -0.08505 0.55963
1403636922551666432.000000000 8.69068 -4.59493 0.42748 0.07119 0.82387 -0.09315 0.55452
1403636922651666432.000000000 8.68530 -4.60518 0.41110 0.07734 0.82114 -0.10236 0.55612
1403636922751666432.000000000 8.68172 -4.61469 0.39332 0.08482 0.81209 -0.10783 0.56718
1403636922851666432.000000000 8.67822 -4.62142 0.37656 0.08242 0.80400 -0.11761 0.57703
1403636922951666688.000000000 8.67266 -4.62708 0.36579 0.07796 0.79813 -0.12600 0.58398
1403636923051666432.000000000 8.66437 -4.63379 0.36034 0.07455 0.79593 -0.13315 0.58584
1403636923151666432.000000000 8.65320 -4.64200 0.35340 0.07893 0.79555 -0.13935 0.58434
1403636923251666432.000000000 8.63640 -4.65441 0.34215 0.08814 0.79832 -0.14670 0.57741
1403636923351666432.000000000 8.61764 -4.66731 0.32269 0.09970 0.80321 -0.15175 0.56736
1403636923451666688.000000000 8.59687 -4.68138 0.30266 0.10609 0.80896 -0.15721 0.55643
1403636923551666432.000000000 8.57842 -4.69464 0.27890 0.10864 0.81565 -0.16229 0.54459
1403636923651666432.000000000 8.56526 -4.70864 0.26220 0.10990 0.81966 -0.16574 0.53723
1403636923751666432.000000000 8.56006 -4.72467 0.25674 0.11204 0.82089 -0.16660 0.53463
1403636923851666432.000000000 8.56320 -4.74001 0.26114 0.11532 0.82030 -0.16524 0.53526
1403636923951666688.000000000 8.57524 -4.75399 0.26337 0.11553 0.82094 -0.16523 0.53424
1403636924051666432.000000000 8.59410 -4.76864 0.26179 0.11609 0.82094 -0.16393 0.53451
1403636924151666432.000000000 8.61858 -4.78449 0.25450 0.11680 0.81987 -0.16218 0.53654
1403636924251666432.000000000 8.64842 -4.80052 0.24269 0.11768 0.81966 -0.16026 0.53724
1403636924351666432.000000000 8.68161 -4.81717 0.23828 0.11405 0.81788 -0.16155 0.54034
1403636924451666688.000000000 8.72338 -4.83287 0.23717 0.10594 0.81353 -0.16601 0.54716
1403636924551666432.000000000 8.76799 -4.85203 0.24482 0.09939 0.80729 -0.16926 0.55656
1403636924651666432.000000000 8.81236 -4.87448 0.25583 0.09146 0.80168 -0.17318 0.56476
1403636924751666432.000000000 8.85556 -4.90054 0.26138 0.08603 0.79687 -0.17458 0.57194
1403636924851666432.000000000 8.89736 -4.93094 0.25965 0.08171 0.79202 -0.17529 0.57906
1403636924951666688.000000000 8.93481 -4.96655 0.25025 0.08353 0.78913 -0.17841 0.58179
1403636925051666432.000000000 8.96510 -5.00703 0.23226 0.09248 0.78972 -0.18291 0.57821
1403636925151666432.000000000 8.98983 -5.05114 0.20702 0.10685 0.79244 -0.18191 0.57230
1403636925251666432.000000000 9.01156 -5.09570 0.17753 0.12076 0.79732 -0.17945 0.56347
1403636925351666432.000000000 9.03475 -5.14045 0.14541 0.12810 0.80498 -0.18003 0.55063
1403636925451666688.000000000 9.05915 -5.18418 0.11002 0.13063 0.81215 -0.18258 0.53853
1403636925551666432.000000000 9.08838 -5.22738 0.07961 0.13159 0.81735 -0.18513 0.52947
1403636925651666432.000000000 9.12450 -5.26959 0.05731 0.13040 0.82161 -0.18823 0.52204
1403636925751666432.000000000 9.17108 -5.31277 0.04481 0.13230 0.82365 -0.18837 0.51827
1403636925851666432.000000000 9.22648 -5.35636 0.04310 0.13438 0.82155 -0.18739 0.52142
1403636925951666688.000000000 9.29204 -5.40021 0.04897 0.13762 0.81255 -0.18500 0.53535
1403636926051666432.000000000 9.36188 -5.44296 0.05581 0.13966 0.80033 -0.18308 0.55358
1403636926151666432.000000000 9.43322 -5.48338 0.05464 0.13565 0.79034 -0.18485 0.56815
1403636926251666432.000000000 9.50184 -5.52139 0.04521 0.12854 0.78425 -0.18825 0.57706
1403636926351666432.000000000 9.56522 -5.55761 0.02890 0.12129 0.78078 -0.19144 0.58226
1403636926451666688.000000000 9.62205 -5.59251 0.00772 0.11644 0.77967 -0.19262 0.58434
1403636926551666432.000000000 9.67081 -5.62821 -0.01547 0.11524 0.78184 -0.19144 0.58206
1403636926651666432.000000000 9.71453 -5.66377 -0.03158 0.11901 0.78518 -0.18719 0.57818
1403636926751666432.000000000 9.75029 -5.69923 -0.04070 0.12012 0.78927 -0.18684 0.57246
1403636926851666432.000000000 9.78227 -5.73521 -0.04199 0.11949 0.79159 -0.19524 0.56656
1403636926951666688.000000000 9.81366 -5.77407 -0.03957 0.12103 0.79055 -0.20902 0.56275
1403636927051666432.000000000 9.84082 -5.81722 -0.03899 0.12898 0.78649 -0.22428 0.56080
1403636927151666432.000000000 9.86624 -5.86358 -0.04612 0.14076 0.78163 -0.24102 0.55781
1403636927251666432.000000000 9.88771 -5.91294 -0.05913 0.15555 0.77563 -0.25922 0.55408
1403636927351666432.000000000 9.90534 -5.96189 -0.07729 0.17126 0.77191 -0.27428 0.54736
1403636927451666688.000000000 9.92301 -6.01252 -0.09929 0.18317 0.77581 -0.28444 0.53260
1403636927551666432.000000000 9.93735 -6.05957 -0.12587 0.18936 0.78134 -0.29323 0.51737
1403636927651666432.000000000 9.96026 -6.11207 -0.14690 0.19411 0.78424 -0.29922 0.50770
1403636927751666432.000000000 9.98846 -6.16688 -0.15886 0.19686 0.78504 -0.30327 0.50298
1403636927851666432.000000000 10.02435 -6.22617 -0.16185 0.19746 0.78380 -0.30584 0.50312
1403636927951666688.000000000 10.06705 -6.28907 -0.16458 0.19848 0.78203 -0.30642 0.50512
1403636928051666432.000000000 10.11424 -6.35490 -0.16999 0.19941 0.78020 -0.30580 0.50795
1403636928151666432.000000000 10.16676 -6.42269 -0.17833 0.20212 0.77533 -0.30301 0.51594
1403636928251666432.000000000 10.22248 -6.49334 -0.18945 0.20225 0.76696 -0.30134 0.52921
1403636928351666432.000000000 10.27896 -6.56373 -0.20591 0.20184 0.75981 -0.29966 0.54051
1403636928451666688.000000000 10.33387 -6.63277 -0.22707 0.20240 0.75640 -0.29746 0.54627
1403636928551666432.000000000 10.38504 -6.69970 -0.24643 0.20500 0.75634 -0.29454 0.54697
1403636928651666432.000000000 10.43346 -6.76286 -0.25956 0.20540 0.76086 -0.29325 0.54121
1403636928751666432.000000000 10.48192 -6.82607 -0.26645 0.20413 0.76743 -0.29331 0.53231
1403636928851666432.000000000 10.53002 -6.88601 -0.26464 0.20395 0.77161 -0.29306 0.52645
1403636928951666688.000000000 10.58127 -6.94764 -0.25393 0.20607 0.77069 -0.29134 0.52791
1403636929051666432.000000000 10.63348 -7.00632 -0.23267 0.20344 0.76105 -0.29312 0.54175
1403636929151666432.000000000 10.68391 -7.06325 -0.20581 0.19838 0.75389 -0.29626 0.55183
1403636929251666432.000000000 10.73210 -7.12121 -0.17682 0.19250 0.75208 -0.29980 0.55447
1403636929351666432.000000000 10.77398 -7.17694 -0.15184 0.18714 0.75206 -0.30240 0.55493
1403636929451666688.000000000 10.81067 -7.23396 -0.13302 0.18792 0.75337 -0.30064 0.55383
1403636929551666432.000000000 10.84253 -7.29273 -0.12013 0.19400 0.75701 -0.29523 0.54967
1403636929651666432.000000000 10.87177 -7.34927 -0.11283 0.20114 0.75996 -0.28921 0.54622
1403636929751666432.000000000 10.89793 -7.40367 -0.11116 0.20554 0.76103 -0.28519 0.54520
1403636929851666432.000000000 10.92225 -7.45407 -0.11442 0.20615 0.76140 -0.28442 0.54486
1403636929951666688.000000000 10.94455 -7.49956 -0.12010 0.20339 0.76013 -0.28555 0.54709
1403636930051666432.000000000 10.96562 -7.54339 -0.11796 0.19923 0.75846 -0.28836 0.54945
1403636930151666432.000000000 10.98477 -7.58619 -0.10749 0.19578 0.75854 -0.29116 0.54910
1403636930251666432.000000000 11.00130 -7.62729 -0.09305 0.19337 0.75934 -0.29254 0.54812
1403636930351666432.000000000 11.01473 -7.66898 -0.07089 0.19224 0.76005 -0.29369 0.54691
1403636930451666688.000000000 11.02622 -7.71153 -0.04709 0.19832 0.76079 -0.28999 0.54569
1403636930551666432.000000000 11.03662 -7.75344 -0.03023 0.20253 0.76043 -0.28725 0.54609
1403636930651666432.000000000 11.04456 -7.79295 -0.02278 0.20165 0.75963 -0.28764 0.54732
1403636930751666432.000000000 11.04868 -7.82855 -0.01901 0.19509 0.75819 -0.29180 0.54949
1403636930851666432.000000000 11.05177 -7.86673 -0.02204 0.18869 0.75615 -0.29613 0.55221
1403636930951666688.000000000 11.05018 -7.90525 -0.02855 0.18390 0.75278 -0.30401 0.55414
1403636931051666432.000000000 11.04466 -7.94815 -0.03877 0.18410 0.74838 -0.31487 0.55398
1403636931151666432.000000000 11.03278 -7.99536 -0.04599 0.19754 0.74362 -0.31715 0.55446
1403636931251666432.000000000 11.01518 -8.04273 -0.04626 0.21345 0.73986 -0.31550 0.55454
1403636931351666432.000000000 10.99386 -8.08849 -0.03912 0.22457 0.73662 -0.31432 0.55512
1403636931451666688.000000000 10.96505 -8.12521 -0.02697 0.23445 0.73733 -0.31250 0.55111
1403636931551666432.000000000 10.93315 -8.15618 -0.00888 0.24601 0.73990 -0.30809 0.54507
1403636931651666432.000000000 10.90098 -8.17946 0.00998 0.25557 0.74195 -0.30367 0.54035
1403636931751666432.000000000 10.87044 -8.19651 0.02179 0.25199 0.74238 -0.30754 0.53925
1403636931851666432.000000000 10.84008 -8.20647 0.02586 0.24123 0.74393 -0.31607 0.53710
1403636931951666688.000000000 10.80743 -8.21261 0.02384 0.23434 0.74595 -0.32149 0.53412
1403636932051666432.000000000 10.77698 -8.22061 0.01817 0.23254 0.74438 -0.32340 0.53594
1403636932151666432.000000000 10.74322 -8.22235 0.00634 0.23189 0.74132 -0.32440 0.53985
1403636932251666432.000000000 10.71067 -8.22536 -0.00364 0.23920 0.73881 -0.32069 0.54230
1403636932351666432.000000000 10.67414 -8.21977 -0.00794 0.25027 0.73796 -0.31515 0.54172
1403636932451666688.000000000 10.64044 -8.21107 -0.00362 0.25780 0.73698 -0.31325 0.54062
1403636932551666432.000000000 10.60388 -8.19272 0.00629 0.26092 0.73500 -0.32047 0.53757
1403636932651666432.000000000 10.56400 -8.16586 0.02411 0.26280 0.73018 -0.33551 0.53405
1403636932751666432.000000000 10.52685 -8.13530 0.04988 0.26610 0.72377 -0.34936 0.53224
1403636932851666432.000000000 10.48762 -8.09854 0.08025 0.27048 0.71894 -0.36021 0.52936
1403636932951666688.000000000 10.44809 -8.05737 0.10705 0.27344 0.71732 -0.36904 0.52392
1403636933051666432.000000000 10.41015 -8.01425 0.12095 0.27756 0.71517 -0.37794 0.51832
1403636933151666432.000000000 10.37011 -7.96774 0.12089 0.28155 0.71251 -0.38672 0.51333
1403636933251666432.000000000 10.33037 -7.91840 0.11126 0.27783 0.71803 -0.39747 0.49925
1403636933351666432.000000000 10.29212 -7.86866 0.09675 0.27179 0.72525 -0.40662 0.48457
1403636933451666688.000000000 10.25694 -7.82261 0.08245 0.27037 0.72529 -0.40982 0.48259
1403636933551666432.000000000 10.22543 -7.78087 0.06725 0.27394 0.72145 -0.40786 0.48797
1403636933651666432.000000000 10.19809 -7.74208 0.05582 0.27726 0.71715 -0.40462 0.49508
1403636933751666432.000000000 10.17218 -7.70566 0.05105 0.28089 0.71369 -0.40047 0.50136
1403636933851666432.000000000 10.14697 -7.66933 0.05396 0.28126 0.71000 -0.39827 0.50810
1403636933951666688.000000000 10.12174 -7.63493 0.06177 0.28141 0.70686 -0.40034 0.51077
1403636934051666432.000000000 10.09485 -7.59726 0.07053 0.28412 0.70170 -0.40887 0.50963
1403636934151666432.000000000 10.06667 -7.56247 0.06766 0.29394 0.69445 -0.42130 0.50383
1403636934251666432.000000000 10.03409 -7.52425 0.05080 0.30671 0.68454 -0.43683 0.49651
1403636934351666432.000000000 10.00117 -7.48598 0.02887 0.31890 0.67122 -0.45562 0.49008
1403636934451666688.000000000 9.96681 -7.44530 0.00715 0.32560 0.65593 -0.47941 0.48363
1403636934551666432.000000000 9.93010 -7.40403 -0.00702 0.33600 0.64041 -0.50071 0.47568
1403636934651666432.000000000 9.88900 -7.36109 -0.01145 0.34841 0.62617 -0.51894 0.46607
1403636934751666432.000000000 9.84509 -7.31643 -0.00608 0.35808 0.61996 -0.53239 0.45165
1403636934851666432.000000000 9.79936 -7.27094 0.00655 0.36580 0.61909 -0.54007 0.43731
1403636934951666688.000000000 9.75524 -7.22767 0.02768 0.36933 0.61858 -0.54536 0.42841
1403636935051666432.000000000 9.71156 -7.18559 0.05688 0.37352 0.61796 -0.54565 0.42529
1403636935151666432.000000000 9.66950 -7.14735 0.09211 0.37680 0.61387 -0.54277 0.43196
1403636935251666432.000000000 9.62966 -7.11120 0.12709 0.37574 0.61053 -0.54118 0.43955
1403636935351666432.000000000 9.58674 -7.07666 0.15470 0.37264 0.60940 -0.53999 0.44517
1403636935451666688.000000000 9.54628 -7.04121 0.17643 0.36929 0.61047 -0.53909 0.44758
1403636935551666432.000000000 9.49952 -7.00928 0.19014 0.36749 0.61202 -0.53703 0.44943
1403636935651666432.000000000 9.45369 -6.97173 0.19613 0.36581 0.61292 -0.53573 0.45111
1403636935751666432.000000000 9.40581 -6.93480 0.19510 0.36414 0.61601 -0.53504 0.44908
1403636935851666432.000000000 9.35824 -6.89945 0.18550 0.36080 0.62230 -0.53601 0.44189
1403636935951666688.000000000 9.30536 -6.86457 0.17008 0.35300 0.62877 -0.54013 0.43393
1403636936051666432.000000000 9.25203 -6.84310 0.14829 0.34551 0.63475 -0.54446 0.42577
1403636936151666432.000000000 9.20276 -6.82528 0.12431 0.34479 0.63696 -0.54473 0.42270
1403636936251666432.000000000 9.15123 -6.81408 0.10272 0.34935 0.63625 -0.54187 0.42369
1403636936351666432.000000000 9.10120 -6.80325 0.08857 0.35583 0.63111 -0.53855 0.43018
1403636936451666688.000000000 9.05629 -6.80114 0.08014 0.36094 0.62560 -0.53623 0.43681
1403636936551666432.000000000 9.01388 -6.80169 0.08042 0.36642 0.62162 -0.53403 0.44062
1403636936651666432.000000000 8.97535 -6.80976 0.08224 0.36819 0.61926 -0.53482 0.44149
1403636936751666432.000000000 8.93066 -6.80859 0.07674 0.37001 0.61837 -0.53523 0.44073
1403636936851666432.000000000 8.89950 -6.82065 0.06876 0.37214 0.61898 -0.53543 0.43783
1403636936951666688.000000000 8.85592 -6.82032 0.06285 0.37437 0.61922 -0.53514 0.43594
1403636937051666432.000000000 8.83004 -6.83458 0.06685 0.37657 0.62010 -0.53451 0.43354
1403636937151666432.000000000 8.79057 -6.83439 0.07570 0.37502 0.61876 -0.53650 0.43435
1403636937251666432.000000000 8.76049 -6.84626 0.08710 0.37242 0.61679 -0.53945 0.43573
1403636937351666432.000000000 8.72248 -6.84845 0.09412 0.37283 0.61575 -0.53985 0.43635
1403636937451666688.000000000 8.68716 -6.85236 0.09453 0.37303 0.61528 -0.54067 0.43584
1403636937551666432.000000000 8.65732 -6.86496 0.08781 0.37443 0.61465 -0.54061 0.43560
1403636937651666432.000000000 8.62305 -6.86740 0.07742 0.37737 0.61558 -0.53966 0.43291
1403636937751666432.000000000 8.59116 -6.87117 0.06164 0.38439 0.61846 -0.53564 0.42761
1403636937851666432.000000000 8.56821 -6.88175 0.03921 0.38925 0.61746 -0.53335 0.42752
1403636937951666688.000000000 8.54352 -6.88389 0.01544 0.39846 0.61399 -0.52812 0.43050
1403636938051666432.000000000 8.52817 -6.88795 -0.01379 0.40616 0.60969 -0.52422 0.43417
1403636938151666432.000000000 8.51733 -6.88335 -0.04656 0.40999 0.60178 -0.52634 0.43903
1403636938251666432.000000000 8.50602 -6.87087 -0.07771 0.40705 0.59329 -0.53356 0.44456
1403636938351666432.000000000 8.49730 -6.85073 -0.10456 0.39600 0.58367 -0.54574 0.45242
1403636938451666688.000000000 8.48263 -6.82413 -0.12445 0.37842 0.57592 -0.56144 0.45814
1403636938551666432.000000000 8.46183 -6.79124 -0.13734 0.36789 0.57434 -0.57173 0.45598
1403636938651666432.000000000 8.43128 -6.75828 -0.14258 -0.36344 -0.57434 0.57706 -0.45282
1403636938751666432.000000000 8.39258 -6.72576 -0.14008 -0.36594 -0.57581 0.57720 -0.44875
1403636938851666432.000000000 8.34727 -6.69526 -0.13395 0.37234 0.58009 -0.57416 0.44181
1403636938951666688.000000000 8.29506 -6.65937 -0.12737 0.37809 0.58765 -0.57081 0.43115
1403636939051666432.000000000 8.24284 -6.62473 -0.12331 0.38244 0.59274 -0.56804 0.42395
1403636939151666432.000000000 8.18765 -6.59212 -0.12522 0.38499 0.59315 -0.56539 0.42460
1403636939251666432.000000000 8.13575 -6.56562 -0.13267 0.38622 0.59263 -0.56349 0.42673
1403636939351666432.000000000 8.08158 -6.53545 -0.14331 0.38700 0.59263 -0.56105 0.42923
1403636939451666688.000000000 8.02802 -6.50854 -0.15355 0.38728 0.59375 -0.55827 0.43105
1403636939551666432.000000000 7.97473 -6.48088 -0.15627 0.39069 0.59270 -0.55338 0.43571
1403636939651666432.000000000 7.92020 -6.44986 -0.15007 0.39424 0.58992 -0.54869 0.44216
1403636939751666432.000000000 7.86330 -6.41198 -0.14024 0.39499 0.58824 -0.54735 0.44539
1403636939851666432.000000000 7.80899 -6.37428 -0.13695 0.39508 0.58896 -0.54729 0.44443
1403636939951666688.000000000 7.75084 -6.32943 -0.13941 0.39143 0.58704 -0.55142 0.44510
1403636940051666432.000000000 7.69375 -6.28389 -0.14958 0.39195 0.58329 -0.55804 0.44129
1403636940151666432.000000000 7.63262 -6.23245 -0.16474 0.39155 0.57972 -0.56568 0.43660
1403636940251666432.000000000 7.56784 -6.17824 -0.18341 0.39067 0.57668 -0.57170 0.43356
1403636940351666432.000000000 7.50052 -6.12277 -0.20480 -0.39323 -0.57372 0.57455 -0.43140
1403636940451666688.000000000 7.43098 -6.06668 -0.22908 -0.39452 -0.57036 0.57760 -0.43061
1403636940551666432.000000000 7.36173 -6.01053 -0.24992 -0.39398 -0.56904 0.58140 -0.42774
1403636940651666432.000000000 7.28865 -5.95330 -0.26388 -0.39175 -0.57249 0.58543 -0.41959
1403636940751666432.000000000 7.21623 -5.89929 -0.26878 -0.39093 -0.57683 0.58756 -0.41135
1403636940851666432.000000000 7.14287 -5.84683 -0.26601 -0.39078 -0.57967 0.58859 -0.40600
1403636940951666688.000000000 7.06964 -5.79661 -0.25606 -0.39228 -0.58255 0.58766 -0.40175
1403636941051666432.000000000 6.99769 -5.75184 -0.23878 -0.39468 -0.58138 0.58555 -0.40418
1403636941151666432.000000000 6.92592 -5.70956 -0.21709 -0.39752 -0.57973 0.58321 -0.40714
1403636941251666432.000000000 6.85617 -5.66850 -0.19490 -0.39916 -0.57844 0.58100 -0.41051
1403636941351666432.000000000 6.78624 -5.62839 -0.17557 0.40165 0.57810 -0.57714 0.41398
1403636941451666688.000000000 6.71871 -5.58792 -0.16193 0.40281 0.57886 -0.57376 0.41649
1403636941551666432.000000000 6.64940 -5.54780 -0.15464 0.40253 0.58080 -0.57101 0.41784
1403636941651666432.000000000 6.58466 -5.50739 -0.15148 0.40113 0.58279 -0.56966 0.41825
1403636941751666432.000000000 6.51948 -5.46754 -0.15256 0.40001 0.58491 -0.56840 0.41809
1403636941851666432.000000000 6.45686 -5.42688 -0.14926 0.39769 0.58617 -0.56819 0.41881
1403636941951666688.000000000 6.39295 -5.38615 -0.14143 0.39486 0.58778 -0.56890 0.41828
1403636942051666432.000000000 6.33166 -5.34573 -0.12687 0.39124 0.58642 -0.57066 0.42117
1403636942151666432.000000000 6.26738 -5.30498 -0.11133 0.39025 0.58513 -0.57129 0.42303
1403636942251666432.000000000 6.20548 -5.26383 -0.09755 0.38943 0.58329 -0.57242 0.42481
1403636942351666432.000000000 6.13913 -5.22252 -0.09134 0.38843 0.58037 -0.57412 0.42741
1403636942451666688.000000000 6.07522 -5.18236 -0.09086 0.38593 0.57763 -0.57728 0.42912
1403636942551666432.000000000 6.00698 -5.14217 -0.09656 -0.38272 -0.57690 0.58111 -0.42782
1403636942651666432.000000000 5.93900 -5.10279 -0.10697 -0.38134 -0.57803 0.58375 -0.42390
1403636942751666432.000000000 5.86681 -5.06351 -0.12056 -0.38262 -0.58089 0.58429 -0.41806
1403636942851666432.000000000 5.79123 -5.02565 -0.13132 -0.38662 -0.58131 0.58289 -0.41575
1403636942951666688.000000000 5.71715 -4.99072 -0.13409 0.39324 0.58038 -0.57980 0.41515
1403636943051666432.000000000 5.64323 -4.95581 -0.12776 0.39780 0.57879 -0.57758 0.41613
1403636943151666432.000000000 5.57019 -4.92125 -0.11597 -0.40047 -0.57586 0.57744 -0.41783
1403636943251666432.000000000 5.49758 -4.88695 -0.10653 -0.40201 -0.57454 0.57763 -0.41789
1403636943351666432.000000000 5.42591 -4.85198 -0.10257 -0.40514 -0.57362 0.57744 -0.41640
1403636943451666688.000000000 5.35753 -4.81651 -0.10500 -0.40688 -0.57188 0.57816 -0.41609
1403636943551666432.000000000 5.29108 -4.78026 -0.11356 -0.40897 -0.57111 0.57816 -0.41510
1403636943651666432.000000000 5.22372 -4.74193 -0.12731 -0.41195 -0.57106 0.57706 -0.41374
1403636943751666432.000000000 5.15801 -4.70271 -0.14631 -0.41304 -0.56989 0.57730 -0.41394
1403636943851666432.000000000 5.09310 -4.66096 -0.17112 -0.41148 -0.57133 0.57724 -0.41359
1403636943951666688.000000000 5.03062 -4.61770 -0.20231 0.40046 0.58042 -0.57778 0.41099
1403636944051666432.000000000 4.96951 -4.57250 -0.23626 0.38644 0.59276 -0.57925 0.40468
1403636944151666432.000000000 4.90877 -4.53418 -0.26580 0.37470 0.60373 -0.58021 0.39808
1403636944251666432.000000000 4.85137 -4.50364 -0.28622 0.36913 0.60933 -0.57870 0.39695
1403636944351666432.000000000 4.79745 -4.48279 -0.29676 0.37025 0.60968 -0.57415 0.40193
1403636944451666688.000000000 4.74563 -4.47008 -0.29971 0.37724 0.60765 -0.56667 0.40907
1403636944551666432.000000000 4.69599 -4.45784 -0.29514 0.39007 0.60579 -0.55560 0.41494
1403636944651666432.000000000 4.65186 -4.44910 -0.28603 0.40173 0.60747 -0.54511 0.41527
1403636944751666432.000000000 4.61490 -4.43966 -0.27329 0.40227 0.60957 -0.53926 0.41929
1403636944851666432.000000000 4.58427 -4.42762 -0.25499 0.39685 0.60915 -0.53818 0.42639
1403636944951666688.000000000 4.55573 -4.41196 -0.23297 0.39127 0.60862 -0.53843 0.43195
1403636945051666432.000000000 4.53263 -4.39648 -0.21797 0.38949 0.60928 -0.53711 0.43427
1403636945151666432.000000000 4.50759 -4.37584 -0.21705 0.38836 0.61013 -0.53583 0.43566
1403636945251666432.000000000 4.48546 -4.35223 -0.22299 0.38801 0.61085 -0.53461 0.43646
1403636945351666432.000000000 4.46880 -4.32871 -0.22643 0.38776 0.61100 -0.53445 0.43667
1403636945451666688.000000000 4.45193 -4.30096 -0.22165 0.38818 0.61117 -0.53457 0.43592
1403636945551666432.000000000 4.43857 -4.27076 -0.21538 0.38677 0.61082 -0.53679 0.43493
1403636945651666432.000000000 4.42774 -4.23858 -0.21516 0.38169 0.61455 -0.54223 0.42735
1403636945751666432.000000000 4.41929 -4.20703 -0.22201 0.37459 0.62094 -0.54898 0.41562
1403636945851666432.000000000 4.41656 -4.18016 -0.23506 0.36964 0.62519 -0.55405 0.40686
1403636945951666688.000000000 4.41497 -4.15840 -0.24917 0.37206 0.62250 -0.55408 0.40874
1403636946051666432.000000000 4.41460 -4.14143 -0.26653 0.38131 0.61566 -0.54902 0.41731
1403636946151666432.000000000 4.41695 -4.12514 -0.29114 0.38503 0.61223 -0.54806 0.42017
1403636946251666432.000000000 4.42180 -4.10893 -0.32160 0.38830 0.60937 -0.54760 0.42193
1403636946351666432.000000000 4.42839 -4.09437 -0.35837 0.39307 0.60623 -0.54614 0.42392
1403636946451666688.000000000 4.43728 -4.07844 -0.40164 0.39389 0.60323 -0.54741 0.42581
1403636946551666432.000000000 4.44762 -4.06081 -0.44828 0.39557 0.60130 -0.54805 0.42615
1403636946651666432.000000000 4.45987 -4.04002 -0.49229 0.39532 0.60070 -0.54999 0.42473
1403636946751666432.000000000 4.47320 -4.01587 -0.53137 0.38278 0.59443 -0.55995 0.43196
1403636946851666432.000000000 4.48477 -3.99423 -0.56247 0.36977 0.58699 -0.56975 0.44056
1403636946951666688.000000000 4.49083 -3.97021 -0.59351 0.35892 0.58204 -0.57758 0.44588
1403636947051666432.000000000 4.48896 -3.94870 -0.62845 -0.35116 -0.57780 0.58316 -0.45028
1403636947151666432.000000000 4.47779 -3.93099 -0.66361 0.35612 0.58376 -0.58031 0.44231
1403636947251666432.000000000 4.45863 -3.91356 -0.69415 0.36273 0.59882 -0.57668 0.42106
1403636947351666432.000000000 4.43642 -3.89868 -0.71627 0.36416 0.61161 -0.57586 0.40213
1403636947451666688.000000000 4.41573 -3.89247 -0.72993 0.36365 0.61761 -0.57639 0.39254
1403636947551666432.000000000 4.39710 -3.89781 -0.73363 0.36352 0.61204 -0.57748 0.39971
1403636947651666432.000000000 4.37830 -3.91265 -0.72884 0.37124 0.60696 -0.57279 0.40706
1403636947751666432.000000000 4.35958 -3.93306 -0.72423 0.37745 0.60717 -0.56863 0.40685
1403636947851666432.000000000 4.34360 -3.95954 -0.72385 0.38575 0.61133 -0.56216 0.40180
1403636947951666688.000000000 4.33026 -3.98794 -0.72892 0.39362 0.61468 -0.55561 0.39815
1403636948051666432.000000000 4.32313 -4.01983 -0.73966 0.38709 0.61506 -0.55957 0.39842
1403636948151666432.000000000 4.31922 -4.05236 -0.75504 0.38315 0.61682 -0.56099 0.39751
1403636948251666432.000000000 4.31932 -4.08845 -0.77307 0.38470 0.61816 -0.55818 0.39790
1403636948351666432.000000000 4.32456 -4.12826 -0.79394 0.38725 0.61952 -0.55460 0.39832
1403636948451666688.000000000 4.33484 -4.17083 -0.81768 0.39003 0.62230 -0.55035 0.39715
1403636948551666432.000000000 4.35191 -4.21673 -0.84194 0.40159 0.62747 -0.53957 0.39226
1403636948651666432.000000000 4.37752 -4.26164 -0.86718 0.41279 0.63116 -0.52905 0.38902
1403636948751666432.000000000 4.41586 -4.30577 -0.88569 0.41154 0.62765 -0.52822 0.39708
1403636948851666432.000000000 4.46448 -4.35002 -0.89670 0.40044 0.61896 -0.53490 0.41282
1403636948951666688.000000000 4.51897 -4.38967 -0.89980 0.38957 0.60932 -0.54097 0.42932
1403636949051666432.000000000 4.57377 -4.42936 -0.90370 0.38260 0.60244 -0.54402 0.44127
1403636949151666432.000000000 4.62612 -4.46731 -0.91217 0.38366 0.60313 -0.54177 0.44219
1403636949251666432.000000000 4.67746 -4.50268 -0.92696 0.38488 0.60572 -0.53978 0.44000
1403636949351666432.000000000 4.72745 -4.53247 -0.94594 0.38262 0.60469 -0.54027 0.44278
1403636949451666688.000000000 4.77589 -4.55860 -0.96986 0.38024 0.60334 -0.54123 0.44550
1403636949551666432.000000000 4.82210 -4.58423 -0.99526 0.37626 0.60108 -0.54341 0.44926
1403636949651666432.000000000 4.86541 -4.60477 -1.01561 0.37264 0.60096 -0.54564 0.44973
1403636949751666432.000000000 4.90388 -4.62530 -1.02933 0.37036 0.60597 -0.54733 0.44278
1403636949851666432.000000000 4.94085 -4.64057 -1.03504 0.36558 0.61081 -0.55057 0.43604
1403636949951666688.000000000 4.97541 -4.65578 -1.03773 0.36197 0.61471 -0.55326 0.43013
1403636950051666432.000000000 5.00821 -4.67583 -1.03620 0.35843 0.61639 -0.55632 0.42673
1403636950151666432.000000000 5.03841 -4.70369 -1.03429 0.35689 0.61790 -0.55784 0.42384
1403636950251666432.000000000 5.06591 -4.73074 -1.03536 0.36060 0.61970 -0.55584 0.42068
1403636950351666432.000000000 5.09455 -4.76500 -1.04279 0.36656 0.61944 -0.55243 0.42041
1403636950451666688.000000000 5.12244 -4.80295 -1.05335 0.37381 0.61783 -0.54763 0.42267
1403636950551666432.000000000 5.15084 -4.84056 -1.06697 0.38480 0.61874 -0.53997 0.42133
1403636950651666432.000000000 5.18301 -4.87500 -1.07800 0.39083 0.61931 -0.53538 0.42080
1403636950751666432.000000000 5.21604 -4.90592 -1.08197 0.38962 0.61630 -0.53548 0.42618
1403636950851666432.000000000 5.25553 -4.94038 -1.08287 0.38533 0.61262 -0.53737 0.43296
1403636950951666688.000000000 5.29344 -4.96988 -1.07356 0.38386 0.61167 -0.53747 0.43547
1403636951051666432.000000000 5.33378 -4.99993 -1.05781 0.38118 0.60932 -0.53858 0.43972
1403636951151666432.000000000 5.37479 -5.02592 -1.04057 0.37172 0.60757 -0.54476 0.44263
1403636951251666432.000000000 5.41289 -5.05304 -1.02994 0.36689 0.61145 -0.54835 0.43684
1403636951351666432.000000000 5.44740 -5.08090 -1.02627 0.36280 0.61754 -0.55140 0.42776
1403636951451666688.000000000 5.48185 -5.10942 -1.02618 0.36170 0.62228 -0.55238 0.42049
1403636951551666432.000000000 5.51568 -5.14146 -1.02997 0.36200 0.62363 -0.55251 0.41806
1403636951651666432.000000000 5.54866 -5.17953 -1.03678 0.36535 0.62455 -0.55040 0.41655
1403636951751666432.000000000 5.58424 -5.22874 -1.04657 0.37034 0.62280 -0.54715 0.41905
1403636951851666432.000000000 5.62034 -5.27487 -1.04314 0.37679 0.62131 -0.54263 0.42136
1403636951951666688.000000000 5.65884 -5.33027 -1.04175 0.38332 0.62159 -0.53831 0.42061
1403636952051666432.000000000 5.70122 -5.38683 -1.04151 0.38678 0.62169 -0.53607 0.42016
1403636952151666432.000000000 5.74611 -5.43582 -1.04098 0.38664 0.61891 -0.53623 0.42416
1403636952251666432.000000000 5.79741 -5.49319 -1.05301 0.38553 0.61414 -0.53700 0.43109
1403636952351666432.000000000 5.84956 -5.54745 -1.07007 0.38139 0.60820 -0.53966 0.43977
1403636952451666688.000000000 5.89604 -5.59442 -1.09099 0.38145 0.60589 -0.53907 0.44362
1403636952551666432.000000000 5.94253 -5.63852 -1.11524 0.38414 0.60747 -0.53686 0.44181
1403636952651666432.000000000 5.98641 -5.67458 -1.13779 0.38725 0.60834 -0.53429 0.44102
1403636952751666432.000000000 6.02976 -5.70769 -1.15498 0.38651 0.61022 -0.53439 0.43893
1403636952851666432.000000000 6.07402 -5.73615 -1.16900 0.38188 0.61420 -0.53771 0.43335
1403636952951666688.000000000 6.12069 -5.76557 -1.18317 0.37410 0.61613 -0.54353 0.43013
1403636953051666432.000000000 6.16691 -5.79615 -1.20312 0.36494 0.61460 -0.55064 0.43113
1403636953151666432.000000000 6.21498 -5.83218 -1.22875 0.35926 0.61282 -0.55490 0.43298
1403636953251666432.000000000 6.25607 -5.86686 -1.25831 0.35863 0.61318 -0.55548 0.43225
1403636953351666432.000000000 6.29226 -5.90491 -1.28413 0.35962 0.61427 -0.55432 0.43137
1403636953451666688.000000000 6.32574 -5.94343 -1.30254 0.36627 0.61542 -0.54925 0.43061
1403636953551666432.000000000 6.35683 -5.98181 -1.31439 0.37248 0.61689 -0.54393 0.42994
1403636953651666432.000000000 6.38934 -6.02525 -1.32122 0.37538 0.62135 -0.54086 0.42484
1403636953751666432.000000000 6.42128 -6.06395 -1.31804 0.37650 0.62685 -0.53866 0.41851
1403636953851666432.000000000 6.45910 -6.10916 -1.30807 0.38068 0.63062 -0.53425 0.41471
1403636953951666688.000000000 6.50133 -6.15252 -1.29110 0.37810 0.62957 -0.53498 0.41770
1403636954051666432.000000000 6.54621 -6.19941 -1.27548 0.37508 0.62781 -0.53648 0.42114
1403636954151666432.000000000 6.59364 -6.24468 -1.26358 0.37438 0.62660 -0.53686 0.42308
1403636954251666432.000000000 6.64707 -6.29663 -1.25744 0.37301 0.62709 -0.53793 0.42221
1403636954351666432.000000000 6.70165 -6.34719 -1.24721 0.37162 0.62687 -0.53959 0.42163
1403636954451666688.000000000 6.75912 -6.40007 -1.23192 0.36979 0.62745 -0.54200 0.41928
1403636954551666432.000000000 6.82297 -6.46229 -1.21479 0.37016 0.62704 -0.54376 0.41728
1403636954651666432.000000000 6.88265 -6.51976 -1.20008 0.37383 0.62584 -0.54378 0.41579
1403636954751666432.000000000 6.94825 -6.58225 -1.20162 0.37837 0.62088 -0.54390 0.41895
1403636954851666432.000000000 7.01721 -6.65186 -1.21824 0.38347 0.61525 -0.54390 0.42260
1403636954951666688.000000000 7.08476 -6.71299 -1.23765 0.38624 0.60934 -0.54552 0.42653
1403636955051666432.000000000 7.15207 -6.77563 -1.26850 0.38980 0.60705 -0.54665 0.42511
1403636955151666432.000000000 7.21774 -6.82971 -1.28968 0.39337 0.60658 -0.54792 0.42084
1403636955251666432.000000000 7.28621 -6.88631 -1.30899 0.39483 0.60383 -0.55096 0.41946
1403636955351666432.000000000 7.35704 -6.94061 -1.31585 0.39836 0.60137 -0.55266 0.41739
1403636955451666688.000000000 7.43145 -6.99443 -1.31812 0.40047 0.59921 -0.55472 0.41577
1403636955551666432.000000000 7.50275 -7.04424 -1.32871 0.40155 0.59800 -0.55647 0.41412
1403636955651666432.000000000 7.57978 -7.09618 -1.34322 0.40269 0.59670 -0.55798 0.41285
1403636955751666432.000000000 7.65789 -7.14597 -1.35766 0.40280 0.59570 -0.55935 0.41233
1403636955851666432.000000000 7.73859 -7.19489 -1.36645 0.40262 0.59487 -0.56066 0.41192
1403636955951666688.000000000 7.82178 -7.24444 -1.36731 0.39711 0.59083 -0.56570 0.41618
1403636956051666432.000000000 7.90056 -7.28794 -1.35590 0.38928 0.58335 -0.57253 0.42470
1403636956151666432.000000000 7.97107 -7.32705 -1.33869 0.38307 0.57837 -0.57783 0.42995
1403636956251666432.000000000 8.03743 -7.36569 -1.32491 -0.38102 -0.57535 0.58067 -0.43199
1403636956351666432.000000000 8.09882 -7.40274 -1.31849 0.38898 0.57941 -0.57683 0.42455
1403636956451666688.000000000 8.15975 -7.44115 -1.32126 0.39792 0.58477 -0.57118 0.41647
1403636956551666432.000000000 8.22018 -7.47826 -1.32872 0.40277 0.58726 -0.56401 0.41809
1403636956651666432.000000000 8.27677 -7.50854 -1.33884 0.39695 0.58792 -0.55745 0.43131
1403636956751666432.000000000 8.33394 -7.53569 -1.35374 0.38044 0.59246 -0.55179 0.44696
1403636956851666432.000000000 8.38859 -7.55936 -1.36435 0.36143 0.60397 -0.54179 0.45941
1403636956951666688.000000000 8.44006 -7.58199 -1.36730 0.34857 0.62185 -0.52347 0.46667
1403636957051666432.000000000 8.48534 -7.60302 -1.36220 0.34016 0.64179 -0.49916 0.47248
1403636957151666432.000000000 8.53219 -7.62432 -1.35037 0.33112 0.66147 -0.47430 0.47734
1403636957251666432.000000000 8.57486 -7.64259 -1.33379 0.32106 0.67614 -0.45420 0.48318
1403636957351666432.000000000 8.61594 -7.65954 -1.31898 0.31176 0.68634 -0.44064 0.48743
1403636957451666688.000000000 8.65511 -7.67508 -1.31067 0.30375 0.69229 -0.43202 0.49176
1403636957551666432.000000000 8.69493 -7.69031 -1.31027 0.29715 0.69535 -0.42732 0.49557
1403636957651666432.000000000 8.73416 -7.70347 -1.31724 0.29006 0.69891 -0.42081 0.50031
1403636957751666432.000000000 8.77170 -7.71468 -1.33185 0.27947 0.70466 -0.41147 0.50600
1403636957851666432.000000000 8.80681 -7.72401 -1.35133 0.26286 0.71435 -0.39628 0.51340
1403636957951666688.000000000 8.84082 -7.73224 -1.37252 0.24490 0.72660 -0.37418 0.52160
1403636958051666432.000000000 8.87189 -7.74121 -1.38837 0.22480 0.73902 -0.34980 0.53005
1403636958151666432.000000000 8.90115 -7.75223 -1.39559 0.20957 0.75078 -0.32519 0.53540
1403636958251666432.000000000 8.92710 -7.76516 -1.39282 0.19525 0.75930 -0.30575 0.54024
1403636958351666432.000000000 8.94898 -7.77793 -1.38167 0.18455 0.76696 -0.28649 0.54373
1403636958451666688.000000000 8.96834 -7.79225 -1.36298 0.17847 0.77303 -0.27146 0.54487
1403636958551666432.000000000 8.98652 -7.80750 -1.34606 0.17490 0.77743 -0.26206 0.54436
1403636958651666432.000000000 9.00259 -7.82242 -1.33257 0.17269 0.77891 -0.25719 0.54528
1403636958751666432.000000000 9.02396 -7.84044 -1.32533 0.17394 0.77921 -0.25510 0.54543
1403636958851666432.000000000 9.04224 -7.85761 -1.32080 0.17375 0.77920 -0.25560 0.54528
1403636958951666688.000000000 9.06219 -7.87522 -1.32133 0.17737 0.77961 -0.25611 0.54328
1403636959051666432.000000000 9.08478 -7.89245 -1.32844 0.17932 0.77922 -0.25846 0.54208
1403636959151666432.000000000 9.10801 -7.90922 -1.34079 0.17941 0.77907 -0.26191 0.54062
1403636959251666432.000000000 9.13248 -7.92572 -1.35814 0.18249 0.77841 -0.26283 0.54008
1403636959351666432.000000000 9.15746 -7.94192 -1.38067 0.19022 0.77901 -0.26018 0.53783
1403636959451666688.000000000 9.19253 -7.95722 -1.41142 0.19522 0.77812 -0.25942 0.53770
1403636959551666432.000000000 9.21933 -7.96702 -1.44283 0.19542 0.77414 -0.26075 0.54271
1403636959651666432.000000000 9.25287 -7.97683 -1.47248 0.19282 0.77037 -0.26416 0.54734
1403636959751666432.000000000 9.28283 -7.98492 -1.49285 0.19050 0.77090 -0.26804 0.54551
1403636959851666432.000000000 9.31202 -7.99076 -1.50466 0.18936 0.77186 -0.27011 0.54352
1403636959951666688.000000000 9.33994 -7.99513 -1.51002 0.18933 0.77294 -0.27154 0.54129
1403636960051666432.000000000 9.37091 -8.00075 -1.51003 0.18932 0.77276 -0.27232 0.54115
1403636960151666432.000000000 9.40381 -8.00737 -1.50368 0.19098 0.77277 -0.27171 0.54087
1403636960251666432.000000000 9.43472 -8.01229 -1.49825 0.19745 0.77442 -0.26703 0.53850
1403636960351666432.000000000 9.46706 -8.01523 -1.49822 0.20356 0.77583 -0.26264 0.53634
1403636960451666688.000000000 9.50219 -8.01565 -1.50228 0.20638 0.77384 -0.25846 0.54017
1403636960551666432.000000000 9.53464 -8.00934 -1.50788 0.20686 0.77315 -0.25074 0.54459
1403636960651666432.000000000 9.57632 -8.00132 -1.52217 0.20514 0.77293 -0.24431 0.54846
1403636960751666432.000000000 9.61058 -7.98380 -1.53717 0.19222 0.77321 -0.24657 0.55173
1403636960851666432.000000000 9.64641 -7.96390 -1.55661 0.17779 0.77633 -0.24449 0.55310
1403636960951666688.000000000 9.67932 -7.94041 -1.57504 0.16340 0.78187 -0.23221 0.55503
1403636961051666432.000000000 9.71457 -7.91681 -1.58820 0.14937 0.78720 -0.21157 0.55968
1403636961151666432.000000000 9.74553 -7.89078 -1.59494 0.13202 0.79217 -0.19022 0.56467
1403636961251666432.000000000 9.77506 -7.86566 -1.59531 0.11428 0.79772 -0.16785 0.56780
1403636961351666432.000000000 9.80217 -7.84205 -1.58660 0.10227 0.80164 -0.14583 0.57065
1403636961451666688.000000000 9.83052 -7.81755 -1.57240 0.09183 0.80410 -0.13017 0.57275
1403636961551666432.000000000 9.85753 -7.79272 -1.55132 0.08214 0.80608 -0.11828 0.57402
1403636961651666432.000000000 9.88392 -7.76684 -1.52362 0.07066 0.80772 -0.10513 0.57580
1403636961751666432.000000000 9.91019 -7.74109 -1.48890 0.06037 0.80886 -0.08975 0.57796
1403636961851666432.000000000 9.93486 -7.71463 -1.45623 0.05048 0.81119 -0.07284 0.57803
1403636961951666688.000000000 9.95849 -7.68707 -1.42968 0.03863 0.81164 -0.05495 0.58028
1403636962051666432.000000000 9.97975 -7.65961 -1.40951 0.02554 0.81379 -0.03646 0.57946
1403636962151666432.000000000 10.00233 -7.63124 -1.39289 0.01233 0.81491 -0.01691 0.57921
1403636962251666432.000000000 10.02464 -7.60170 -1.37129 -0.00100 0.81395 0.00349 0.58093
1403636962351666432.000000000 10.04411 -7.57125 -1.34420 -0.01512 0.81360 0.02449 0.58071
1403636962451666688.000000000 10.06006 -7.54013 -1.31039 -0.02871 0.81235 0.04677 0.58058
1403636962551666432.000000000 10.07863 -7.50786 -1.27100 -0.03801 0.81065 0.07211 0.57983
1403636962651666432.000000000 10.09215 -7.47351 -1.23183 -0.04587 0.80837 0.09771 0.57870
1403636962751666432.000000000 10.10279 -7.43722 -1.19809 -0.05034 0.80524 0.11934 0.57864
1403636962851666432.000000000 10.10955 -7.39775 -1.17164 -0.05548 0.80319 0.13180 0.57830
1403636962951666688.000000000 10.11227 -7.35374 -1.15193 -0.06546 0.80185 0.13387 0.57864
