1403637133538319104.000000000 -0.00634 -0.00681 0.02377 -0.08928 0.79614 0.07299 0.59403
1403637133638319104.000000000 -0.00634 -0.01089 0.02949 -0.08660 0.80138 0.06902 0.58782
1403637133738318848.000000000 -0.00779 -0.01575 0.04255 -0.08136 0.80302 0.06762 0.58649
1403637133838319104.000000000 -0.01001 -0.02017 0.07043 -0.07518 0.80433 0.06251 0.58608
1403637133938318848.000000000 -0.01049 -0.02299 0.11760 -0.06981 0.80839 0.05537 0.58186
1403637134038319104.000000000 -0.01180 -0.02363 0.17915 -0.06353 0.80936 0.05197 0.58155
1403637134138319104.000000000 -0.01335 -0.02357 0.24416 -0.05140 0.80839 0.05187 0.58410
1403637134238318848.000000000 -0.01371 -0.02267 0.30765 -0.03780 0.80344 0.05074 0.59201
1403637134338319104.000000000 -0.01469 -0.02093 0.36134 -0.03569 0.79361 0.04961 0.60535
1403637134438318848.000000000 -0.01511 -0.02039 0.39397 -0.03630 0.78435 0.04513 0.61761
1403637134538319104.000000000 -0.01320 -0.02047 0.39572 -0.04098 0.78224 0.03765 0.62049
1403637134638319104.000000000 -0.00843 -0.02408 0.36658 -0.03813 0.78778 0.03736 0.61364
1403637134738318848.000000000 -0.00307 -0.02908 0.30877 -0.03681 0.79826 0.04162 0.59974
1403637134838319104.000000000 -0.00046 -0.03293 0.23329 -0.04062 0.81324 0.04517 0.57874
1403637134938318848.000000000 -0.00203 -0.03489 0.15995 -0.04657 0.82690 0.04394 0.55869
1403637135038319104.000000000 -0.00510 -0.03651 0.10213 -0.05352 0.83241 0.04145 0.55001
1403637135138319104.000000000 -0.00679 -0.03947 0.06534 -0.05523 0.83517 0.04241 0.54556
1403637135238318848.000000000 -0.00969 -0.04115 0.05683 -0.05185 0.84169 0.04596 0.53550
1403637135338319104.000000000 -0.00911 -0.04250 0.08938 -0.04840 0.84633 0.04598 0.52846
1403637135438318848.000000000 -0.00626 -0.04333 0.15639 -0.04301 0.83896 0.04625 0.54052
1403637135538319104.000000000 -0.00257 -0.04359 0.24132 -0.03572 0.82528 0.04784 0.56156
1403637135638319104.000000000 0.00148 -0.04301 0.32813 -0.02725 0.81275 0.04545 0.58019
1403637135738318848.000000000 0.00394 -0.04076 0.40409 -0.02786 0.80087 0.03985 0.59686
1403637135838319104.000000000 0.00450 -0.03926 0.45402 -0.03357 0.79304 0.03454 0.60727
1403637135938318848.000000000 0.00635 -0.03953 0.46612 -0.03594 0.79140 0.03076 0.60947
1403637136038319104.000000000 0.00899 -0.03963 0.43832 -0.03683 0.79509 0.03242 0.60450
1403637136138319104.000000000 0.01331 -0.03832 0.37573 -0.03428 0.80168 0.03433 0.59578
1403637136238318848.000000000 0.01606 -0.03642 0.29271 -0.03060 0.81229 0.03630 0.58132
1403637136338319104.000000000 0.01471 -0.03556 0.20887 -0.02934 0.82692 0.03731 0.56031
1403637136438318848.000000000 0.01116 -0.03700 0.13524 -0.03394 0.84076 0.03734 0.53905
1403637136538319104.000000000 0.00413 -0.03852 0.08731 -0.04272 0.85015 0.03480 0.52365
1403637136638319104.000000000 0.00153 -0.03992 0.07787 -0.04384 0.85409 0.03551 0.51705
1403637136738318848.000000000 0.00223 -0.04041 0.11410 -0.04244 0.85467 0.03741 0.51608
1403637136838319104.000000000 0.00272 -0.04057 0.18839 -0.04252 0.84914 0.03870 0.52503
1403637136938318848.000000000 0.00461 -0.04213 0.28308 -0.03876 0.83680 0.03718 0.54487
1403637137038319104.000000000 0.00700 -0.04492 0.37869 -0.03089 0.82324 0.02955 0.56608
1403637137138319104.000000000 0.00735 -0.04553 0.45411 -0.03214 0.80940 0.01912 0.58607
1403637137238318848.000000000 0.00725 -0.04537 0.49224 -0.03890 0.79915 0.01614 0.59965
1403637137338319104.000000000 0.00951 -0.04724 0.48746 -0.03843 0.79411 0.01718 0.60631
1403637137438318848.000000000 0.01260 -0.04731 0.44346 -0.03987 0.79327 0.01980 0.60724
1403637137538319104.000000000 0.01542 -0.04615 0.37024 -0.03561 0.80060 0.02613 0.59756
1403637137638319104.000000000 0.01571 -0.04534 0.28140 -0.02505 0.81556 0.03202 0.57724
1403637137738318848.000000000 0.01373 -0.04301 0.19278 -0.02370 0.83152 0.03203 0.55406
1403637137838319104.000000000 0.00624 -0.04061 0.11990 -0.03043 0.84189 0.03335 0.53776
1403637137938318848.000000000 -0.00013 -0.04136 0.07595 -0.03374 0.85030 0.03754 0.52387
1403637138038319104.000000000 -0.00027 -0.04480 0.07497 -0.03287 0.85906 0.04030 0.50923
1403637138138319104.000000000 0.00189 -0.04771 0.12365 -0.03822 0.85966 0.04059 0.50782
1403637138238318848.000000000 0.00777 -0.05316 0.20841 -0.02896 0.84908 0.05118 0.52498
1403637138338319104.000000000 0.01182 -0.05604 0.30747 -0.02104 0.83098 0.05086 0.55357
1403637138438318848.000000000 0.01348 -0.05523 0.39770 -0.01544 0.81121 0.04275 0.58299
1403637138538319104.000000000 0.01250 -0.05423 0.45933 -0.01200 0.79695 0.03445 0.60295
1403637138638319104.000000000 0.01218 -0.05451 0.47919 -0.01306 0.78986 0.03155 0.61234
1403637138738318848.000000000 0.01567 -0.05491 0.45542 -0.01794 0.79099 0.03021 0.61081
1403637138838319104.000000000 0.02307 -0.05548 0.39510 -0.01941 0.79840 0.02720 0.60120
1403637138938318848.000000000 0.02842 -0.05541 0.31073 -0.02007 0.80876 0.02846 0.58711
1403637139038319104.000000000 0.03284 -0.05335 0.22082 -0.03500 0.81620 0.02900 0.57598
1403637139138319104.000000000 0.03560 -0.04880 0.13982 -0.04692 0.82143 0.02949 0.56761
1403637139238318848.000000000 0.03662 -0.04409 0.07520 -0.05381 0.82549 0.03230 0.56091
1403637139338319104.000000000 0.03986 -0.04026 0.03478 -0.05606 0.82649 0.03677 0.55895
1403637139438318848.000000000 0.04441 -0.03744 0.01437 -0.05797 0.82635 0.04487 0.55836
1403637139538319104.000000000 0.04691 -0.03482 0.00533 -0.06462 0.82353 0.05057 0.56131
1403637139638319104.000000000 0.04810 -0.03214 -0.00028 -0.06587 0.81961 0.05417 0.56654
1403637139738318848.000000000 0.04926 -0.03062 -0.00784 -0.06768 0.81695 0.05746 0.56984
1403637139838319104.000000000 0.04933 -0.03172 -0.01407 -0.06917 0.81479 0.05693 0.57279
1403637139938318848.000000000 0.04858 -0.03464 -0.01508 -0.06987 0.80788 0.05210 0.58286
1403637140038319104.000000000 0.04588 -0.03685 -0.01615 -0.07155 0.80348 0.04275 0.58947
1403637140138319104.000000000 0.04293 -0.03959 -0.01487 -0.06715 0.79672 0.03802 0.59940
1403637140238318848.000000000 0.04138 -0.04217 -0.01532 -0.06435 0.79615 0.03428 0.60069
1403637140338319104.000000000 0.04099 -0.04385 -0.01637 -0.06602 0.79594 0.03113 0.60096
1403637140438318848.000000000 0.04089 -0.04381 -0.01622 -0.06654 0.79598 0.03063 0.60088
1403637140538319104.000000000 0.04055 -0.04366 -0.01614 -0.06737 0.79596 0.02972 0.60086
1403637140638319104.000000000 0.04052 -0.04342 -0.01615 -0.06819 0.79600 0.02907 0.60074
1403637140738318848.000000000 0.04055 -0.04338 -0.01614 -0.06821 0.79606 0.02902 0.60066
1403637140838319104.000000000 0.04052 -0.04339 -0.01609 -0.06816 0.79613 0.02888 0.60058
1403637140938318848.000000000 0.04053 -0.04341 -0.01607 -0.06794 0.79619 0.02874 0.60054
1403637141038319104.000000000 0.04052 -0.04343 -0.01606 -0.06785 0.79626 0.02862 0.60046
1403637141138319104.000000000 0.04051 -0.04346 -0.01602 -0.06770 0.79630 0.02859 0.60042
1403637141238318848.000000000 0.04048 -0.04348 -0.01598 -0.06772 0.79631 0.02859 0.60041
1403637141338319104.000000000 0.04050 -0.04344 -0.01598 -0.06760 0.79637 0.02844 0.60035
1403637141438318848.000000000 0.04050 -0.04346 -0.01598 -0.06737 0.79643 0.02835 0.60030
1403637141538319104.000000000 0.04051 -0.04347 -0.01596 -0.06720 0.79647 0.02823 0.60027
1403637141638319104.000000000 0.04050 -0.04347 -0.01595 -0.06701 0.79649 0.02810 0.60027
1403637141738318848.000000000 0.04050 -0.04349 -0.01594 -0.06687 0.79654 0.02797 0.60023
1403637141838319104.000000000 0.04049 -0.04350 -0.01593 -0.06677 0.79659 0.02788 0.60018
1403637141938318848.000000000 0.04050 -0.04350 -0.01593 -0.06670 0.79664 0.02776 0.60011
1403637142038319104.000000000 0.04049 -0.04353 -0.01593 -0.06648 0.79666 0.02765 0.60012
1403637142138319104.000000000 0.04048 -0.04354 -0.01591 -0.06641 0.79675 0.02760 0.60002
1403637142238318848.000000000 0.04050 -0.04355 -0.01593 -0.06627 0.79673 0.02751 0.60006
1403637142338319104.000000000 0.04049 -0.04355 -0.01591 -0.06615 0.79676 0.02744 0.60004
1403637142438318848.000000000 0.04042 -0.04358 -0.01584 -0.06614 0.79676 0.02744 0.60004
1403637142538319104.000000000 0.04051 -0.04357 -0.01595 -0.06602 0.79677 0.02734 0.60004
1403637142638319104.000000000 0.04051 -0.04357 -0.01594 -0.06594 0.79681 0.02726 0.60000
1403637142738318848.000000000 0.04050 -0.04360 -0.01593 -0.06582 0.79684 0.02724 0.59997
1403637142838319104.000000000 0.04049 -0.04360 -0.01592 -0.06574 0.79685 0.02712 0.59998
1403637142938318848.000000000 0.04045 -0.04362 -0.01592 -0.06565 0.79687 0.02706 0.59996
1403637143038319104.000000000 0.04044 -0.04364 -0.01592 -0.06558 0.79688 0.02698 0.59997
1403637143138319104.000000000 0.04044 -0.04366 -0.01590 -0.06551 0.79693 0.02697 0.59990
1403637143238318848.000000000 0.04043 -0.04366 -0.01592 -0.06539 0.79694 0.02689 0.59990
1403637143338319104.000000000 0.04045 -0.04368 -0.01592 -0.06532 0.79697 0.02687 0.59988
1403637143438318848.000000000 0.04046 -0.04368 -0.01595 -0.06522 0.79693 0.02680 0.59994
1403637143538319104.000000000 0.04044 -0.04369 -0.01599 -0.06521 0.79698 0.02674 0.59988
1403637143638319104.000000000 0.04047 -0.04370 -0.01597 -0.06517 0.79697 0.02669 0.59989
1403637143738318848.000000000 0.04048 -0.04370 -0.01600 -0.06508 0.79696 0.02665 0.59992
1403637143838319104.000000000 0.04046 -0.04370 -0.01601 -0.06501 0.79699 0.02658 0.59989
1403637143938318848.000000000 0.04040 -0.04367 -0.01597 -0.06510 0.79696 0.02675 0.59992
1403637144038319104.000000000 0.04038 -0.04364 -0.01598 -0.06500 0.79701 0.02662 0.59986
1403637144138319104.000000000 0.04038 -0.04368 -0.01599 -0.06493 0.79704 0.02635 0.59985
1403637144238318848.000000000 0.04037 -0.04370 -0.01599 -0.06498 0.79712 0.02627 0.59974
1403637144338319104.000000000 0.04037 -0.04368 -0.01597 -0.06490 0.79713 0.02615 0.59974
1403637144438318848.000000000 0.04037 -0.04365 -0.01594 -0.06502 0.79705 0.02629 0.59983
1403637144538319104.000000000 0.04038 -0.04368 -0.01594 -0.06515 0.79701 0.02637 0.59986
1403637144638319104.000000000 0.04037 -0.04371 -0.01597 -0.06489 0.79707 0.02614 0.59982
1403637144738318848.000000000 0.04039 -0.04373 -0.01599 -0.06505 0.79702 0.02634 0.59987
1403637144838319104.000000000 0.04044 -0.04371 -0.01600 -0.06501 0.79701 0.02631 0.59987
1403637144938318848.000000000 0.04040 -0.04368 -0.01597 -0.06505 0.79704 0.02656 0.59983
1403637145038319104.000000000 0.04036 -0.04372 -0.01600 -0.06517 0.79711 0.02663 0.59971
1403637145138319104.000000000 0.04036 -0.04376 -0.01601 -0.06512 0.79717 0.02635 0.59966
1403637145238318848.000000000 0.04035 -0.04378 -0.01600 -0.06508 0.79718 0.02620 0.59965
1403637145338319104.000000000 0.04035 -0.04379 -0.01601 -0.06517 0.79718 0.02621 0.59965
1403637145438318848.000000000 0.04035 -0.04379 -0.01601 -0.06518 0.79715 0.02628 0.59968
1403637145538319104.000000000 0.04037 -0.04378 -0.01605 -0.06521 0.79712 0.02625 0.59971
1403637145638319104.000000000 0.04038 -0.04376 -0.01604 -0.06528 0.79713 0.02631 0.59969
1403637145738318848.000000000 0.04037 -0.04375 -0.01602 -0.06531 0.79713 0.02640 0.59968
1403637145838319104.000000000 0.04036 -0.04376 -0.01602 -0.06530 0.79714 0.02640 0.59968
1403637145938318848.000000000 0.04035 -0.04375 -0.01602 -0.06527 0.79715 0.02639 0.59966
1403637146038319104.000000000 0.04036 -0.04375 -0.01601 -0.06532 0.79719 0.02649 0.59960
1403637146138319104.000000000 0.04039 -0.04376 -0.01604 -0.06531 0.79718 0.02649 0.59961
1403637146238318848.000000000 0.04041 -0.04393 -0.01600 -0.06474 0.79716 0.02682 0.59969
1403637146338319104.000000000 0.04040 -0.04389 -0.01596 -0.06510 0.79716 0.02683 0.59965
1403637146438318848.000000000 0.04037 -0.04384 -0.01597 -0.06519 0.79725 0.02679 0.59953
1403637146538319104.000000000 0.04039 -0.04381 -0.01598 -0.06532 0.79725 0.02680 0.59950
1403637146638319104.000000000 0.04039 -0.04380 -0.01597 -0.06552 0.79724 0.02689 0.59950
1403637146738318848.000000000 0.04039 -0.04377 -0.01601 -0.06559 0.79720 0.02694 0.59953
1403637146838319104.000000000 0.04040 -0.04373 -0.01599 -0.06573 0.79720 0.02701 0.59952
1403637146938318848.000000000 0.04040 -0.04373 -0.01599 -0.06579 0.79722 0.02707 0.59948
1403637147038319104.000000000 0.04042 -0.04373 -0.01598 -0.06595 0.79719 0.02718 0.59950
1403637147138319104.000000000 0.04043 -0.04372 -0.01599 -0.06595 0.79721 0.02719 0.59947
1403637147238318848.000000000 0.04045 -0.04371 -0.01600 -0.06599 0.79715 0.02725 0.59954
1403637147338319104.000000000 0.04048 -0.04371 -0.01603 -0.06621 0.79713 0.02727 0.59954
1403637147438318848.000000000 0.04050 -0.04371 -0.01607 -0.06630 0.79710 0.02739 0.59957
1403637147538319104.000000000 0.04051 -0.04368 -0.01607 -0.06640 0.79705 0.02750 0.59962
1403637147638319104.000000000 0.04055 -0.04371 -0.01608 -0.06651 0.79703 0.02750 0.59963
1403637147738318848.000000000 0.04057 -0.04369 -0.01611 -0.06668 0.79699 0.02746 0.59967
1403637147838319104.000000000 0.04057 -0.04368 -0.01611 -0.06673 0.79699 0.02751 0.59966
1403637147938318848.000000000 0.04056 -0.04368 -0.01612 -0.06680 0.79700 0.02757 0.59964
1403637148038319104.000000000 0.04057 -0.04367 -0.01612 -0.06692 0.79698 0.02759 0.59966
1403637148138319104.000000000 0.04058 -0.04368 -0.01609 -0.06687 0.79695 0.02765 0.59970
1403637148238318848.000000000 0.04054 -0.04366 -0.01609 -0.06709 0.79698 0.02783 0.59962
1403637148338319104.000000000 0.04056 -0.04366 -0.01608 -0.06722 0.79703 0.02797 0.59954
1403637148438318848.000000000 0.04058 -0.04361 -0.01610 -0.06745 0.79695 0.02811 0.59962
1403637148538319104.000000000 0.04057 -0.04354 -0.01613 -0.06752 0.79694 0.02844 0.59959
1403637148638319104.000000000 0.04049 -0.04356 -0.01615 -0.06785 0.79718 0.02903 0.59921
1403637148738318848.000000000 0.04045 -0.04354 -0.01618 -0.06831 0.79720 0.02977 0.59910
1403637148838319104.000000000 0.04042 -0.04350 -0.01616 -0.06864 0.79732 0.03018 0.59888
1403637148938318848.000000000 0.04027 -0.04350 -0.01622 -0.06917 0.79742 0.03096 0.59865
1403637149038319104.000000000 0.04036 -0.04348 -0.01637 -0.06951 0.79748 0.03160 0.59849
1403637149138319104.000000000 0.04040 -0.04345 -0.01649 -0.07008 0.79746 0.03193 0.59843
1403637149238318848.000000000 0.04032 -0.04352 -0.01645 -0.07038 0.79749 0.03254 0.59833
1403637149338319104.000000000 0.04020 -0.04354 -0.01642 -0.07089 0.79760 0.03330 0.59808
1403637149438318848.000000000 0.04000 -0.04369 -0.01640 -0.07159 0.79770 0.03434 0.59780
1403637149538319104.000000000 0.03993 -0.04375 -0.01652 -0.07198 0.79809 0.03605 0.59713
1403637149638319104.000000000 0.03973 -0.04397 -0.01688 -0.07356 0.80166 0.04325 0.59166
1403637149738318848.000000000 0.03832 -0.04476 -0.01715 -0.07668 0.80401 0.05261 0.58730
1403637149838319104.000000000 0.03828 -0.04666 -0.01746 -0.07903 0.80911 0.05586 0.57964
1403637149938318848.000000000 0.03889 -0.05356 -0.01751 -0.07652 0.81900 0.05848 0.56566
1403637150038319104.000000000 0.04022 -0.06498 -0.01178 -0.06430 0.83006 0.06696 0.54989
1403637150138319104.000000000 0.04599 -0.08020 0.00203 -0.05142 0.83743 0.07227 0.53930
1403637150238318848.000000000 0.05967 -0.09564 0.02345 -0.04335 0.83759 0.07223 0.53977
1403637150338319104.000000000 0.08179 -0.10880 0.05069 -0.04015 0.83325 0.06881 0.54713
1403637150438318848.000000000 0.10961 -0.12017 0.08031 -0.04176 0.82519 0.06295 0.55978
1403637150538319104.000000000 0.13937 -0.13161 0.10848 -0.04014 0.82109 0.05921 0.56630
1403637150638319104.000000000 0.17034 -0.14277 0.13445 -0.03862 0.81974 0.05664 0.56861
1403637150738318848.000000000 0.20190 -0.15318 0.15813 -0.03676 0.81936 0.05553 0.56939
1403637150838319104.000000000 0.23466 -0.16284 0.17989 -0.03476 0.81821 0.05520 0.57120
1403637150938318848.000000000 0.26738 -0.17161 0.20093 -0.03420 0.81366 0.05510 0.57771
1403637151038319104.000000000 0.29929 -0.17971 0.21848 -0.03470 0.80941 0.05540 0.58359
1403637151138319104.000000000 0.32905 -0.18669 0.23236 -0.03506 0.80463 0.05670 0.59003
1403637151238318848.000000000 0.35497 -0.19337 0.24408 -0.03625 0.80565 0.05787 0.58844
1403637151338319104.000000000 0.37632 -0.19891 0.26191 -0.04162 0.81047 0.05648 0.58157
1403637151438318848.000000000 0.39512 -0.20411 0.28990 -0.05098 0.81494 0.05140 0.57500
1403637151538319104.000000000 0.41453 -0.21189 0.32413 -0.04913 0.81644 0.05437 0.57277
1403637151638319104.000000000 0.43292 -0.22031 0.35421 -0.04653 0.81656 0.05736 0.57251
1403637151738318848.000000000 0.45199 -0.22971 0.37954 -0.04481 0.81658 0.05952 0.57240
1403637151838319104.000000000 0.47140 -0.24024 0.39836 -0.04427 0.81664 0.06102 0.57220
1403637151938318848.000000000 0.49065 -0.25180 0.41200 -0.04284 0.81669 0.06244 0.57208
1403637152038319104.000000000 0.51241 -0.26467 0.42778 -0.04400 0.81698 0.06261 0.57157
1403637152138319104.000000000 0.52956 -0.27538 0.44729 -0.04571 0.81791 0.06208 0.57016
1403637152238318848.000000000 0.54836 -0.28633 0.46596 -0.04725 0.81906 0.06113 0.56847
1403637152338319104.000000000 0.56784 -0.29784 0.47773 -0.04881 0.82021 0.06022 0.56678
1403637152438318848.000000000 0.58841 -0.31035 0.48341 -0.04846 0.82020 0.06092 0.56676
1403637152538319104.000000000 0.61852 -0.32191 0.48693 -0.04808 0.82021 0.06140 0.56673
1403637152638319104.000000000 0.64367 -0.33452 0.48228 -0.04728 0.81994 0.06175 0.56715
1403637152738318848.000000000 0.67183 -0.34792 0.47758 -0.04790 0.81852 0.06099 0.56923
1403637152838319104.000000000 0.70041 -0.36249 0.47826 -0.05097 0.81579 0.05911 0.57305
1403637152938318848.000000000 0.73221 -0.37888 0.48965 -0.05077 0.81351 0.05985 0.57623
1403637153038319104.000000000 0.75448 -0.39526 0.50223 -0.04979 0.81304 0.06088 0.57687
1403637153138319104.000000000 0.78117 -0.41500 0.51647 -0.04751 0.81411 0.06179 0.57545
1403637153238318848.000000000 0.80139 -0.43351 0.52221 -0.04520 0.81557 0.06288 0.57346
1403637153338319104.000000000 0.82243 -0.45253 0.52403 -0.04333 0.81582 0.06401 0.57312
1403637153438318848.000000000 0.84820 -0.47181 0.52605 -0.04141 0.81686 0.06500 0.57166
1403637153538319104.000000000 0.86575 -0.48877 0.53407 -0.03947 0.81930 0.06575 0.56821
1403637153638319104.000000000 0.88657 -0.50448 0.54760 -0.03950 0.82053 0.06551 0.56646
1403637153738318848.000000000 0.91684 -0.51996 0.56810 -0.03938 0.81933 0.06557 0.56820
1403637153838319104.000000000 0.93896 -0.53250 0.58759 -0.04111 0.81693 0.06422 0.57167
1403637153938318848.000000000 0.96383 -0.54457 0.60108 -0.04010 0.81552 0.06439 0.57374
1403637154038319104.000000000 0.99652 -0.55705 0.60547 -0.04091 0.81556 0.06368 0.57371
1403637154138319104.000000000 1.01862 -0.56775 0.60187 -0.04558 0.81955 0.06035 0.56799
1403637154238318848.000000000 1.04170 -0.57989 0.59093 -0.05844 0.82618 0.05055 0.55808
1403637154338319104.000000000 1.06726 -0.59525 0.57601 -0.06544 0.82963 0.04497 0.55264
1403637154438318848.000000000 1.10579 -0.61643 0.55819 -0.05959 0.82682 0.04810 0.55724
1403637154538319104.000000000 1.13909 -0.63849 0.53952 -0.05239 0.82192 0.05192 0.56481
1403637154638319104.000000000 1.17416 -0.66377 0.52162 -0.04235 0.82184 0.05623 0.56535
1403637154738318848.000000000 1.21364 -0.68681 0.50339 -0.03062 0.82602 0.05879 0.55973
1403637154838319104.000000000 1.26408 -0.71139 0.48981 -0.02138 0.83035 0.05109 0.55448
1403637154938318848.000000000 1.31328 -0.73433 0.47907 -0.01531 0.83338 0.04136 0.55093
1403637155038319104.000000000 1.36733 -0.75632 0.47569 -0.01056 0.83275 0.03092 0.55269
1403637155138319104.000000000 1.42266 -0.77649 0.48243 -0.00470 0.82877 0.01687 0.55932
1403637155238318848.000000000 1.47940 -0.79421 0.49681 0.00048 0.82445 0.00652 0.56590
1403637155338319104.000000000 1.53851 -0.81068 0.51686 0.00404 0.82031 0.00020 0.57190
1403637155438318848.000000000 1.59825 -0.82798 0.53486 0.00926 0.81688 -0.01078 0.57663
1403637155538319104.000000000 1.65281 -0.84548 0.54506 0.01592 0.81413 -0.02546 0.57990
1403637155638319104.000000000 1.70669 -0.86278 0.54633 0.01744 0.81325 -0.04029 0.58026
1403637155738318848.000000000 1.75783 -0.88102 0.54136 0.01940 0.81299 -0.05425 0.57941
1403637155838319104.000000000 1.80651 -0.90284 0.53013 0.02421 0.81193 -0.07189 0.57880
1403637155938318848.000000000 1.85318 -0.93025 0.51400 0.03670 0.81364 -0.09033 0.57313
1403637156038319104.000000000 1.89971 -0.96257 0.49608 0.04973 0.81084 -0.11103 0.57249
1403637156138319104.000000000 1.94232 -0.99820 0.47884 0.06118 0.80532 -0.13376 0.57430
1403637156238318848.000000000 1.98253 -1.03943 0.46197 0.07359 0.79972 -0.15813 0.57448
1403637156338319104.000000000 2.01714 -1.08514 0.44619 0.08756 0.79433 -0.18241 0.57280
1403637156438318848.000000000 2.04637 -1.13565 0.43124 0.10351 0.78910 -0.20620 0.56929
1403637156538319104.000000000 2.07013 -1.18982 0.41501 0.12016 0.78182 -0.22868 0.56747
1403637156638319104.000000000 2.08935 -1.24787 0.39579 0.13785 0.77490 -0.24917 0.56430
1403637156738318848.000000000 2.10460 -1.30948 0.37131 0.15602 0.76823 -0.26739 0.56035
1403637156838319104.000000000 2.11620 -1.37369 0.34124 0.17241 0.76715 -0.27919 0.55119
1403637156938318848.000000000 2.12643 -1.43907 0.30719 0.18394 0.76877 -0.28514 0.54208
1403637157038319104.000000000 2.13731 -1.50527 0.26741 0.18896 0.77113 -0.28933 0.53473
1403637157138319104.000000000 2.15249 -1.57366 0.22570 0.18657 0.77215 -0.29263 0.53231
1403637157238318848.000000000 2.17389 -1.64614 0.18900 0.18150 0.77233 -0.29363 0.53324
1403637157338319104.000000000 2.19096 -1.71822 0.15984 0.17514 0.77180 -0.29379 0.53603
1403637157438318848.000000000 2.21339 -1.80119 0.14197 0.16451 0.77128 -0.29564 0.53912
1403637157538319104.000000000 2.22964 -1.88353 0.13111 0.15567 0.77121 -0.29594 0.54169
1403637157638319104.000000000 2.24269 -1.97308 0.12776 0.15105 0.77180 -0.29384 0.54329
1403637157738318848.000000000 2.25542 -2.07597 0.13393 0.14757 0.77280 -0.29159 0.54403
1403637157838319104.000000000 2.26275 -2.17930 0.14346 0.15167 0.77006 -0.28612 0.54968
1403637157938318848.000000000 2.26614 -2.28816 0.14841 0.15732 0.76751 -0.28101 0.55426
1403637158038319104.000000000 2.26732 -2.40636 0.14942 0.16517 0.76729 -0.27438 0.55561
1403637158138319104.000000000 2.26517 -2.52387 0.15154 0.17039 0.76739 -0.27009 0.55599
1403637158238318848.000000000 2.26034 -2.64026 0.16056 0.17261 0.76642 -0.26911 0.55712
1403637158338319104.000000000 2.24969 -2.75268 0.17384 0.17653 0.76514 -0.27344 0.55554
1403637158438318848.000000000 2.23482 -2.86412 0.18813 0.18178 0.76055 -0.28487 0.55440
1403637158538319104.000000000 2.21689 -2.97729 0.19594 0.18720 0.75311 -0.30163 0.55390
1403637158638319104.000000000 2.19392 -3.08986 0.19672 0.19168 0.74443 -0.32314 0.55196
1403637158738318848.000000000 2.16188 -3.20058 0.19186 0.20268 0.73553 -0.34332 0.54777
1403637158838319104.000000000 2.12580 -3.31339 0.18155 0.21362 0.73177 -0.35838 0.53892
1403637158938318848.000000000 2.08676 -3.42834 0.17132 0.22408 0.73067 -0.36602 0.53098
1403637159038319104.000000000 2.04614 -3.54360 0.16670 0.23312 0.73231 -0.36939 0.52242
1403637159138319104.000000000 2.00499 -3.65945 0.16789 0.23493 0.73111 -0.37271 0.52094
1403637159238318848.000000000 1.96263 -3.77385 0.16464 0.22987 0.72796 -0.37749 0.52415
1403637159338319104.000000000 1.91819 -3.88939 0.15502 0.22477 0.72688 -0.37988 0.52613
1403637159438318848.000000000 1.87072 -4.00714 0.14243 0.22287 0.72771 -0.37857 0.52674
1403637159538319104.000000000 1.82263 -4.13070 0.12414 0.22456 0.73048 -0.37401 0.52543
1403637159638319104.000000000 1.77137 -4.25348 0.10488 0.22898 0.73536 -0.36818 0.52082
1403637159738318848.000000000 1.72082 -4.38372 0.08720 0.23306 0.73819 -0.36278 0.51879
1403637159838319104.000000000 1.67177 -4.51427 0.07620 0.23626 0.73834 -0.36029 0.51887
1403637159938318848.000000000 1.62133 -4.64508 0.06916 0.24147 0.73591 -0.36653 0.51555
1403637160038319104.000000000 1.57035 -4.77409 0.06008 0.25024 0.72834 -0.37964 0.51262
1403637160138319104.000000000 1.51933 -4.90395 0.04900 0.26007 0.71445 -0.39667 0.51437
1403637160238318848.000000000 1.46662 -5.03218 0.03579 0.27466 0.70141 -0.41504 0.51022
1403637160338319104.000000000 1.41147 -5.15717 0.01783 0.29041 0.68793 -0.43549 0.50275
1403637160438318848.000000000 1.35441 -5.27684 -0.00416 0.30721 0.67376 -0.45812 0.49173
1403637160538319104.000000000 1.29396 -5.39648 -0.02938 0.32660 0.66131 -0.47979 0.47519
1403637160638319104.000000000 1.23341 -5.51306 -0.05693 0.34478 0.64769 -0.50070 0.45925
1403637160738318848.000000000 1.17592 -5.62823 -0.08538 0.35490 0.63820 -0.51852 0.44485
1403637160838319104.000000000 1.12329 -5.74472 -0.10747 0.36215 0.63237 -0.52952 0.43424
1403637160938318848.000000000 1.07896 -5.86274 -0.12147 0.36362 0.62833 -0.53833 0.42800
1403637161038319104.000000000 1.04073 -5.98030 -0.12277 0.35952 0.62483 -0.54621 0.42660
1403637161138319104.000000000 1.00500 -6.10211 -0.11078 0.35388 0.61852 -0.55278 0.43201
1403637161238318848.000000000 0.96778 -6.22655 -0.09079 0.34545 0.60739 -0.55916 0.44618
1403637161338319104.000000000 0.92595 -6.35377 -0.06319 0.33854 0.59992 -0.56300 0.45663
1403637161438318848.000000000 0.87298 -6.48657 -0.02866 0.34316 0.60166 -0.56051 0.45395
1403637161538319104.000000000 0.81127 -6.62115 0.00905 0.35004 0.60125 -0.56223 0.44707
1403637161638319104.000000000 0.74312 -6.75530 0.04403 0.35819 0.59602 -0.56743 0.44100
1403637161738318848.000000000 0.66999 -6.89009 0.07512 0.37020 0.58790 -0.56934 0.43952
1403637161838319104.000000000 0.59376 -7.02046 0.10292 0.38927 0.57755 -0.56458 0.44289
1403637161938318848.000000000 0.51465 -7.14497 0.12641 0.40758 0.56580 -0.55928 0.44828
1403637162038319104.000000000 0.43428 -7.26025 0.14435 0.42119 0.55637 -0.55463 0.45324
1403637162138319104.000000000 0.35315 -7.36356 0.15381 -0.42539 -0.55056 0.55469 -0.45634
1403637162238318848.000000000 0.27189 -7.45420 0.15423 -0.41614 -0.54755 0.56228 -0.45919
1403637162338319104.000000000 0.18785 -7.53197 0.14827 -0.40636 -0.54772 0.56880 -0.45971
1403637162438318848.000000000 0.09879 -7.59760 0.13750 -0.39430 -0.54803 0.57593 -0.46097
1403637162538319104.000000000 0.00202 -7.65432 0.12385 -0.38525 -0.55850 0.58150 -0.44890
1403637162638319104.000000000 -0.10292 -7.70773 0.12248 -0.38950 -0.56358 0.57799 -0.44340
1403637162738318848.000000000 -0.21267 -7.75911 0.12784 -0.40121 -0.55176 0.57227 -0.45508
1403637162838319104.000000000 -0.32831 -7.80246 0.13010 -0.41342 -0.53737 0.57484 -0.45812
1403637162938318848.000000000 -0.44959 -7.83382 0.12474 -0.42835 -0.52445 0.58303 -0.44893
1403637163038319104.000000000 -0.57442 -7.85264 0.11339 -0.44468 -0.51107 0.59525 -0.43214
1403637163138319104.000000000 -0.70014 -7.85709 0.09796 -0.46290 -0.49332 0.61050 -0.41189
1403637163238318848.000000000 -0.82698 -7.85190 0.08056 -0.48082 -0.47182 0.62707 -0.39113
1403637163338319104.000000000 -0.94946 -7.83322 0.05889 -0.49520 -0.44829 0.64366 -0.37352
1403637163438318848.000000000 -1.06835 -7.80501 0.03335 0.50171 0.42432 -0.66220 0.36019
1403637163538319104.000000000 -1.18325 -7.76688 0.00413 0.50053 0.40450 -0.68120 0.34903
1403637163638319104.000000000 -1.29685 -7.71937 -0.02152 -0.49066 -0.39202 0.70067 -0.33857
1403637163738318848.000000000 -1.41417 -7.66602 -0.03647 -0.47967 -0.38310 0.71586 -0.33270
1403637163838319104.000000000 -1.53758 -7.60750 -0.03942 -0.47276 -0.37686 0.72475 -0.33048
1403637163938318848.000000000 -1.66622 -7.54272 -0.03152 -0.46915 -0.36925 0.72887 -0.33512
1403637164038319104.000000000 -1.80394 -7.47409 -0.01588 -0.47075 -0.36598 0.72833 -0.33763
1403637164138319104.000000000 -1.95055 -7.40165 0.00838 -0.47580 -0.36650 0.72422 -0.33882
1403637164238318848.000000000 -2.10447 -7.32257 0.03833 -0.48060 -0.37095 0.71962 -0.33698
1403637164338319104.000000000 -2.26393 -7.23792 0.07230 -0.48631 -0.38106 0.71404 -0.32930
1403637164438318848.000000000 -2.42638 -7.14882 0.10156 -0.48446 -0.38862 0.71307 -0.32528
1403637164538319104.000000000 -2.59007 -7.05537 0.12220 -0.47673 -0.38874 0.71535 -0.33150
1403637164638319104.000000000 -2.75816 -6.95899 0.13412 -0.46972 -0.38901 0.71703 -0.33751
1403637164738318848.000000000 -2.93324 -6.85856 0.14082 -0.47234 -0.39581 0.71332 -0.33376
1403637164838319104.000000000 -3.11309 -6.75581 0.14367 -0.48494 -0.40019 0.70616 -0.32561
1403637164938318848.000000000 -3.29501 -6.64852 0.14037 -0.49551 -0.39843 0.70415 -0.31605
1403637165038319104.000000000 -3.47747 -6.53955 0.13156 0.50277 0.39072 -0.70720 0.30729
1403637165138319104.000000000 -3.65980 -6.42985 0.12048 0.51381 0.37602 -0.71029 0.30017
1403637165238318848.000000000 -3.84049 -6.31691 0.10682 0.52365 0.36033 -0.71662 0.28707
1403637165338319104.000000000 -4.01548 -6.19930 0.09866 0.52574 0.34574 -0.72899 0.26952
1403637165438318848.000000000 -4.18364 -6.08003 0.09868 0.52174 0.33438 -0.74287 0.25323
1403637165538319104.000000000 -4.34805 -5.96233 0.10900 0.52133 0.32600 -0.75084 0.24119
1403637165638319104.000000000 -4.50926 -5.84722 0.12502 0.52399 0.32284 -0.75479 0.22692
1403637165738318848.000000000 -4.66749 -5.73603 0.14012 0.52995 0.32506 -0.75422 0.21129
1403637165838319104.000000000 -4.82189 -5.63130 0.15073 0.53593 0.32991 -0.75182 0.19673
1403637165938318848.000000000 -4.96855 -5.53376 0.15534 0.53927 0.33822 -0.74790 0.18825
1403637166038319104.000000000 -5.10647 -5.44751 0.15259 0.54011 0.35083 -0.74229 0.18492
1403637166138319104.000000000 -5.23684 -5.37147 0.13498 0.54031 0.36182 -0.73705 0.18412
1403637166238318848.000000000 -5.35678 -5.30527 0.10250 0.54113 0.36816 -0.73216 0.18863
1403637166338319104.000000000 -5.46257 -5.25056 0.06731 0.55048 0.36721 -0.72151 0.20384
1403637166438318848.000000000 -5.55231 -5.20533 0.04033 0.56767 0.36316 -0.70272 0.22814
1403637166538319104.000000000 -5.62220 -5.16036 0.01657 0.57177 0.36546 -0.69427 0.23982
1403637166638319104.000000000 -5.67214 -5.11453 -0.00536 0.56000 0.37425 -0.69987 0.23775
1403637166738318848.000000000 -5.70780 -5.06508 -0.02610 0.54179 0.38768 -0.71088 0.22544
1403637166838319104.000000000 -5.73408 -5.02123 -0.04726 0.53555 0.40084 -0.71234 0.21236
1403637166938318848.000000000 -5.74805 -4.98725 -0.06854 0.54212 0.41283 -0.70392 0.20043
1403637167038319104.000000000 -5.75092 -4.96076 -0.09077 0.55528 0.42127 -0.69075 0.19251
1403637167138319104.000000000 -5.71343 -4.95172 -0.09704 0.56791 0.42769 -0.67798 0.18681
1403637167238318848.000000000 -5.65520 -4.94983 -0.09495 0.57779 0.43070 -0.66845 0.18391
1403637167338319104.000000000 -5.56839 -4.96348 -0.08073 0.57819 0.43018 -0.66876 0.18275
1403637167438318848.000000000 -5.46441 -4.98633 -0.07243 0.56505 0.42421 -0.68182 0.18942
1403637167538319104.000000000 -5.34429 -5.01017 -0.07583 0.54385 0.40893 -0.70124 0.21275
1403637167638319104.000000000 -5.21231 -5.05039 -0.07686 0.52575 0.39236 -0.71618 0.23818
1403637167738318848.000000000 -5.07680 -5.09310 -0.08465 0.51370 0.38683 -0.72265 0.25346
1403637167838319104.000000000 -4.94004 -5.13701 -0.10039 0.50180 0.39306 -0.72509 0.26065
1403637167938318848.000000000 -4.80517 -5.18339 -0.11606 -0.49219 -0.40512 0.72466 -0.26172
1403637168038319104.000000000 -4.67425 -5.23642 -0.12532 -0.49228 -0.41898 0.71802 -0.25800
1403637168138319104.000000000 -4.54415 -5.29521 -0.13322 -0.48781 -0.42397 0.71613 -0.26353
1403637168238318848.000000000 -4.41525 -5.35743 -0.15386 -0.48679 -0.42480 0.71355 -0.27098
1403637168338319104.000000000 -4.28758 -5.42306 -0.19004 -0.49356 -0.42550 0.70671 -0.27551
1403637168438318848.000000000 -4.15893 -5.48791 -0.23778 0.50579 0.42461 -0.69650 0.28066
1403637168538319104.000000000 -4.03059 -5.55183 -0.29120 0.51084 0.42022 -0.69189 0.28941
1403637168638319104.000000000 -3.89934 -5.61281 -0.34334 0.50530 0.42021 -0.69539 0.29075
1403637168738318848.000000000 -3.76720 -5.67254 -0.38790 0.50073 0.42317 -0.69873 0.28630
1403637168838319104.000000000 -3.63442 -5.73313 -0.42358 -0.49871 -0.42438 0.70087 -0.28280
1403637168938318848.000000000 -3.50051 -5.79623 -0.45526 -0.49973 -0.42773 0.70059 -0.27657
1403637169038319104.000000000 -3.36592 -5.85979 -0.49094 0.50230 0.42997 -0.69948 0.27121
1403637169138319104.000000000 -3.22775 -5.92701 -0.52535 0.50574 0.43508 -0.69530 0.26738
1403637169238318848.000000000 -3.08373 -5.99949 -0.55224 0.50690 0.44315 -0.68724 0.27272
1403637169338319104.000000000 -2.93124 -6.07549 -0.56879 0.50402 0.45384 -0.67671 0.28643
1403637169438318848.000000000 -2.77301 -6.15193 -0.57751 -0.49849 -0.46953 0.66353 -0.30129
1403637169538319104.000000000 -2.60860 -6.22907 -0.57936 -0.49306 -0.48889 0.64599 -0.31715
1403637169638319104.000000000 -2.43695 -6.30264 -0.57566 -0.48855 -0.51191 0.62299 -0.33340
1403637169738318848.000000000 -2.25868 -6.37305 -0.57074 -0.47847 -0.53364 0.60196 -0.35204
1403637169838319104.000000000 -2.07412 -6.43812 -0.57167 -0.46641 -0.55397 0.58289 -0.36853
1403637169938318848.000000000 -1.88344 -6.49832 -0.58013 0.45891 0.57382 -0.56219 0.37957
1403637170038319104.000000000 -1.68514 -6.55462 -0.59517 0.45166 0.59117 -0.54283 0.38970
1403637170138319104.000000000 -1.48054 -6.60349 -0.61657 0.44160 0.60672 -0.52550 0.40091
1403637170238318848.000000000 -1.26793 -6.64511 -0.64267 0.43233 0.62070 -0.50692 0.41335
1403637170338319104.000000000 -1.04833 -6.67846 -0.67297 0.42236 0.63380 -0.48742 0.42700
1403637170438318848.000000000 -0.82170 -6.70022 -0.70633 0.40232 0.64011 -0.47186 0.45359
1403637170538319104.000000000 -0.59068 -6.71485 -0.74286 0.38075 0.64291 -0.45408 0.48529
1403637170638319104.000000000 -0.36171 -6.71770 -0.78350 0.36224 0.64579 -0.43241 0.51456
1403637170738318848.000000000 -0.13724 -6.70747 -0.82808 0.34621 0.65206 -0.40746 0.53753
1403637170838319104.000000000 0.07549 -6.68059 -0.87228 0.32325 0.66672 -0.38570 0.54976
1403637170938318848.000000000 0.28054 -6.63818 -0.90908 0.29952 0.68562 -0.36166 0.55626
1403637171038319104.000000000 0.47136 -6.58393 -0.93765 0.27458 0.70347 -0.33868 0.56127
1403637171138319104.000000000 0.65197 -6.52003 -0.95855 0.24964 0.71884 -0.31837 0.56532
1403637171238318848.000000000 0.82067 -6.44821 -0.96925 0.23201 0.72680 -0.30193 0.57163
1403637171338319104.000000000 0.97665 -6.36983 -0.96869 0.22437 0.73010 -0.28666 0.57830
1403637171438318848.000000000 1.11768 -6.28461 -0.95958 0.22817 0.73399 -0.27117 0.57936
1403637171538319104.000000000 1.24834 -6.18931 -0.94417 0.23005 0.73769 -0.26280 0.57778
1403637171638319104.000000000 1.37330 -6.08559 -0.92933 0.23430 0.73974 -0.25777 0.57571
1403637171738318848.000000000 1.49237 -5.97021 -0.92044 0.23935 0.73918 -0.25660 0.57487
1403637171838319104.000000000 1.60364 -5.84453 -0.91833 0.24635 0.73749 -0.25638 0.57418
1403637171938318848.000000000 1.70697 -5.70575 -0.92277 0.25103 0.73525 -0.25835 0.57414
1403637172038319104.000000000 1.80928 -5.55518 -0.93218 0.25574 0.73256 -0.26083 0.57438
1403637172138319104.000000000 1.90567 -5.39186 -0.94680 0.25562 0.73053 -0.26606 0.57462
1403637172238318848.000000000 1.99793 -5.21586 -0.96268 0.24034 0.73229 -0.28089 0.57191
1403637172338319104.000000000 2.07718 -5.03308 -0.97196 0.22053 0.73545 -0.29854 0.56689
1403637172438318848.000000000 2.15089 -4.84669 -0.96966 0.20538 0.73599 -0.31278 0.56418
1403637172538319104.000000000 2.20880 -4.66127 -0.95961 0.19419 0.73486 -0.32402 0.56328
1403637172638319104.000000000 2.25289 -4.48112 -0.93989 0.18909 0.73347 -0.33087 0.56284
1403637172738318848.000000000 2.28432 -4.30947 -0.91117 0.18477 0.73390 -0.33709 0.56001
1403637172838319104.000000000 2.30203 -4.14830 -0.87704 0.18132 0.73813 -0.34831 0.54861
1403637172938318848.000000000 2.31002 -3.99949 -0.84684 0.17816 0.74747 -0.36452 0.52599
1403637173038319104.000000000 2.31497 -3.86037 -0.83171 0.17455 0.75472 -0.38001 0.50550
1403637173138319104.000000000 2.32513 -3.73455 -0.83120 0.17590 0.75512 -0.39561 0.49229
1403637173238318848.000000000 2.33148 -3.62779 -0.84240 0.18348 0.74730 -0.41409 0.48622
1403637173338319104.000000000 2.33434 -3.54556 -0.85588 0.20033 0.73229 -0.43107 0.48765
1403637173438318848.000000000 2.33398 -3.48517 -0.86989 0.21714 0.71600 -0.44828 0.48912
1403637173538319104.000000000 2.32657 -3.43960 -0.88777 0.23202 0.70043 -0.46600 0.48827
1403637173638319104.000000000 2.31236 -3.40898 -0.91199 0.23850 0.68433 -0.48765 0.48683
1403637173738318848.000000000 2.29152 -3.38947 -0.94326 0.23984 0.67001 -0.51072 0.48242
1403637173838319104.000000000 2.26268 -3.38295 -0.98043 0.23860 0.66028 -0.53373 0.47141
1403637173938318848.000000000 2.22338 -3.39581 -1.01705 0.24243 0.65907 -0.54914 0.45310
1403637174038319104.000000000 2.17254 -3.42563 -1.03983 0.26946 0.66157 -0.54385 0.44039
1403637174138319104.000000000 2.11586 -3.47269 -1.04376 0.30514 0.65431 -0.52801 0.44718
1403637174238318848.000000000 2.05648 -3.52768 -1.03330 0.33012 0.64027 -0.51454 0.46510
1403637174338319104.000000000 1.99204 -3.58255 -1.01866 0.33650 0.63014 -0.51076 0.47836
1403637174438318848.000000000 1.92488 -3.63957 -0.99839 0.32974 0.62219 -0.51531 0.48847
1403637174538319104.000000000 1.85122 -3.69524 -0.97091 0.32298 0.61094 -0.52409 0.49776
1403637174638319104.000000000 1.76309 -3.74775 -0.94024 0.32960 0.60375 -0.53151 0.49431
1403637174738318848.000000000 1.66489 -3.79918 -0.91020 0.35213 0.59400 -0.53667 0.48492
1403637174838319104.000000000 1.55918 -3.84578 -0.88667 0.37343 0.58303 -0.54688 0.47068
1403637174938318848.000000000 1.44860 -3.88600 -0.87163 0.37947 0.57132 -0.56951 0.45304
1403637175038319104.000000000 1.33273 -3.92223 -0.85956 -0.38747 -0.55845 0.58807 -0.43838
1403637175138319104.000000000 1.21508 -3.95637 -0.84938 -0.39993 -0.54280 0.59719 -0.43450
1403637175238318848.000000000 1.09336 -3.98753 -0.84304 -0.41189 -0.52450 0.60143 -0.43991
1403637175338319104.000000000 0.96775 -4.01124 -0.83973 -0.42601 -0.51044 0.60029 -0.44455
1403637175438318848.000000000 0.83781 -4.02561 -0.84162 -0.43109 -0.50291 0.60139 -0.44673
1403637175538319104.000000000 0.70311 -4.02855 -0.84996 -0.42215 -0.50163 0.61002 -0.44501
1403637175638319104.000000000 0.56239 -4.02159 -0.86164 -0.40932 -0.50622 0.61908 -0.43926
1403637175738318848.000000000 0.41347 -4.00683 -0.86663 -0.40069 -0.51044 0.62413 -0.43515
1403637175838319104.000000000 0.25588 -3.98624 -0.86187 -0.40170 -0.51626 0.62238 -0.42983
1403637175938318848.000000000 0.08989 -3.96211 -0.84712 -0.41161 -0.52332 0.61469 -0.42293
1403637176038319104.000000000 -0.08043 -3.93350 -0.82213 -0.42049 -0.52279 0.60659 -0.42654
1403637176138319104.000000000 -0.25381 -3.89995 -0.79203 -0.42850 -0.52164 0.59818 -0.43181
1403637176238318848.000000000 -0.42949 -3.85966 -0.76725 -0.43458 -0.52071 0.59191 -0.43547
1403637176338319104.000000000 -0.60622 -3.80911 -0.74979 -0.43744 -0.51798 0.59211 -0.43560
1403637176438318848.000000000 -0.78362 -3.74973 -0.73840 -0.43798 -0.51817 0.59469 -0.43130
1403637176538319104.000000000 -0.96159 -3.68223 -0.73190 -0.43953 -0.51882 0.60094 -0.42013
1403637176638319104.000000000 -1.13858 -3.60900 -0.72934 -0.43812 -0.51348 0.61246 -0.41144
1403637176738318848.000000000 -1.31548 -3.53234 -0.73249 -0.43564 -0.50927 0.62373 -0.40227
1403637176838319104.000000000 -1.49119 -3.45293 -0.73921 -0.43453 -0.50638 0.63192 -0.39425
1403637176938318848.000000000 -1.66569 -3.37208 -0.74995 -0.43021 -0.50713 0.64015 -0.38464
1403637177038319104.000000000 -1.83977 -3.29161 -0.76498 -0.42242 -0.51104 0.64878 -0.37348
1403637177138319104.000000000 -2.01476 -3.21524 -0.78541 -0.40825 -0.51846 0.66019 -0.35872
1403637177238318848.000000000 -2.19069 -3.14675 -0.80936 -0.39695 -0.52347 0.66892 -0.34779
1403637177338319104.000000000 -2.36874 -3.08978 -0.83675 -0.39091 -0.52615 0.67334 -0.34201
1403637177438318848.000000000 -2.54944 -3.04555 -0.86638 -0.39236 -0.53108 0.67247 -0.33436
1403637177538319104.000000000 -2.73131 -3.01489 -0.89810 -0.39991 -0.53601 0.66979 -0.32273
1403637177638319104.000000000 -2.91221 -3.00017 -0.92493 -0.41396 -0.54124 0.66246 -0.31118
1403637177738318848.000000000 -3.08711 -3.00321 -0.94104 -0.42965 -0.54325 0.65349 -0.30533
1403637177838319104.000000000 -3.25468 -3.02028 -0.95160 -0.43764 -0.53525 0.65392 -0.30718
1403637177938318848.000000000 -3.41376 -3.04793 -0.96551 -0.44300 -0.52238 0.66184 -0.30469
1403637178038319104.000000000 -3.56399 -3.08302 -0.98427 -0.45658 -0.51332 0.66691 -0.28856
1403637178138319104.000000000 -3.70233 -3.12771 -1.00740 -0.47464 -0.50545 0.66918 -0.26727
1403637178238318848.000000000 -3.82616 -3.18197 -1.02847 -0.48875 -0.49722 0.67138 -0.25129
1403637178338319104.000000000 -3.93227 -3.24958 -1.04222 0.50598 0.49092 -0.66682 0.24152
1403637178438318848.000000000 -4.01977 -3.33165 -1.04927 0.51860 0.48832 -0.66244 0.23188
1403637178538319104.000000000 -4.08086 -3.42447 -1.04845 0.52189 0.48419 -0.66391 0.22895
1403637178638319104.000000000 -4.12198 -3.52631 -1.04482 0.52076 0.47690 -0.66767 0.23579
1403637178738318848.000000000 -4.14600 -3.63664 -1.04365 0.51911 0.46431 -0.67083 0.25482
1403637178838319104.000000000 -4.15944 -3.75206 -1.04571 0.52008 0.45212 -0.67082 0.27406
1403637178938318848.000000000 -4.16452 -3.86974 -1.05382 0.51649 0.44098 -0.67346 0.29193
1403637179038319104.000000000 -4.16191 -3.98552 -1.06671 0.51596 0.43441 -0.67295 0.30364
1403637179138319104.000000000 -4.15497 -4.09609 -1.08601 0.51021 0.43580 -0.67626 0.30402
1403637179238318848.000000000 -4.14019 -4.20181 -1.10756 0.50492 0.44026 -0.67874 0.30088
1403637179338319104.000000000 -4.11773 -4.29959 -1.11443 0.50362 0.44507 -0.67857 0.29634
1403637179438318848.000000000 -4.09071 -4.39813 -1.10180 0.50218 0.44870 -0.67831 0.29389
1403637179538319104.000000000 -4.05384 -4.49200 -1.08370 0.50097 0.44890 -0.67865 0.29488
1403637179638319104.000000000 -4.01553 -4.58844 -1.07363 0.50192 0.44811 -0.67804 0.29587
1403637179738318848.000000000 -3.96924 -4.67978 -1.07934 0.50601 0.44844 -0.67588 0.29330
1403637179838319104.000000000 -3.92286 -4.77763 -1.11488 0.51488 0.45434 -0.67006 0.28194
1403637179938318848.000000000 -3.86366 -4.86842 -1.16835 0.52627 0.45884 -0.66196 0.27259
1403637180038319104.000000000 -3.79379 -4.96893 -1.22993 0.52474 0.45720 -0.66340 0.27480
1403637180138319104.000000000 -3.70763 -5.06021 -1.29221 0.51581 0.45158 -0.67001 0.28478
1403637180238318848.000000000 -3.61239 -5.16310 -1.34353 0.50597 0.44633 -0.67674 0.29464
1403637180338319104.000000000 -3.50983 -5.25855 -1.38650 -0.49846 -0.44337 0.68152 -0.30082
1403637180438318848.000000000 -3.40324 -5.36486 -1.41909 -0.48457 -0.44550 0.69127 -0.29811
1403637180538319104.000000000 -3.29525 -5.46899 -1.44318 -0.47036 -0.44956 0.70142 -0.29096
1403637180638319104.000000000 -3.19033 -5.57225 -1.45371 -0.47526 -0.45402 0.69847 -0.28307
1403637180738318848.000000000 -3.08555 -5.67691 -1.45612 -0.48849 -0.45237 0.69019 -0.28351
1403637180838319104.000000000 -2.97532 -5.78563 -1.44929 -0.49929 -0.45119 0.68409 -0.28134
1403637180938318848.000000000 -2.85986 -5.89818 -1.43959 0.51047 0.45373 -0.67814 0.27144
1403637181038319104.000000000 -2.73527 -6.01081 -1.42371 0.51903 0.45650 -0.67420 0.26012
1403637181138319104.000000000 -2.59852 -6.12379 -1.40038 0.51836 0.45087 -0.67735 0.26309
1403637181238318848.000000000 -2.45104 -6.23429 -1.36992 0.51320 0.43886 -0.68365 0.27687
1403637181338319104.000000000 -2.29806 -6.34315 -1.33106 0.51361 0.42861 -0.68518 0.28813
1403637181438318848.000000000 -2.14122 -6.44831 -1.28376 0.51972 0.42543 -0.68206 0.28931
1403637181538319104.000000000 -1.97930 -6.54786 -1.23075 0.51867 0.42659 -0.68441 0.28387
1403637181638319104.000000000 -1.81112 -6.64367 -1.17084 0.51476 0.42612 -0.68930 0.27985
1403637181738318848.000000000 -1.63867 -6.73322 -1.10522 0.51157 0.42243 -0.69359 0.28068
1403637181838319104.000000000 -1.46443 -6.82262 -1.04282 0.51127 0.41601 -0.69543 0.28621
1403637181938318848.000000000 -1.28897 -6.91054 -0.98659 0.51057 0.41287 -0.69679 0.28867
1403637182038319104.000000000 -1.11419 -6.99523 -0.93561 0.51234 0.41132 -0.69558 0.29067
1403637182138319104.000000000 -0.93819 -7.07614 -0.88877 0.51682 0.40833 -0.69151 0.29661
1403637182238318848.000000000 -0.76096 -7.15067 -0.84688 0.51735 0.40257 -0.68917 0.30877
1403637182338319104.000000000 -0.58270 -7.21894 -0.80989 0.51668 0.39735 -0.68715 0.32089
1403637182438318848.000000000 -0.40606 -7.27806 -0.77528 0.51859 0.39389 -0.68327 0.33023
1403637182538319104.000000000 -0.23059 -7.32653 -0.73670 0.52760 0.39686 -0.67517 0.32906
1403637182638319104.000000000 -0.05367 -7.36225 -0.69168 0.53197 0.40087 -0.67118 0.32531
1403637182738318848.000000000 0.12392 -7.38189 -0.64165 0.53014 0.40075 -0.67155 0.32767
1403637182838319104.000000000 0.30320 -7.38818 -0.59561 0.52543 0.39708 -0.67489 0.33284
1403637182938318848.000000000 0.48252 -7.38171 -0.55594 0.52255 0.39219 -0.67715 0.33852
1403637183038319104.000000000 0.66101 -7.36332 -0.52812 0.51760 0.38540 -0.68066 0.34678
1403637183138319104.000000000 0.83614 -7.33194 -0.51756 0.51294 0.37942 -0.68352 0.35459
1403637183238318848.000000000 1.00584 -7.28534 -0.52313 0.50895 0.37651 -0.68589 0.35883
1403637183338319104.000000000 1.16779 -7.22409 -0.53670 0.50494 0.37458 -0.68842 0.36166
1403637183438318848.000000000 1.32118 -7.14911 -0.55459 0.50287 0.37299 -0.68980 0.36357
1403637183538319104.000000000 1.46518 -7.06035 -0.57590 0.50087 0.37169 -0.69102 0.36533
1403637183638319104.000000000 1.59887 -6.95768 -0.60146 -0.49837 -0.36938 0.69225 -0.36876
1403637183738318848.000000000 1.72232 -6.84202 -0.63123 -0.49410 -0.36707 0.69487 -0.37186
1403637183838319104.000000000 1.83316 -6.71303 -0.66064 -0.48200 -0.36567 0.70245 -0.37487
1403637183938318848.000000000 1.92638 -6.57457 -0.68261 -0.47106 -0.36343 0.70939 -0.37787
1403637184038319104.000000000 1.99839 -6.42315 -0.69594 -0.46157 -0.36179 0.71548 -0.37966
1403637184138319104.000000000 2.05238 -6.25949 -0.69711 -0.45932 -0.36256 0.71783 -0.37722
1403637184238318848.000000000 2.08684 -6.08685 -0.68850 -0.46312 -0.36853 0.71686 -0.36853
1403637184338319104.000000000 2.10855 -5.90822 -0.68808 -0.47186 -0.38238 0.71329 -0.34978
1403637184438318848.000000000 2.12424 -5.72606 -0.70194 -0.47544 -0.39592 0.71226 -0.33149
1403637184538319104.000000000 2.13738 -5.54175 -0.72467 -0.47115 -0.40573 0.71525 -0.31909
1403637184638319104.000000000 2.14516 -5.35956 -0.75168 -0.46352 -0.41344 0.72002 -0.30949
1403637184738318848.000000000 2.14957 -5.18011 -0.77908 -0.45546 -0.41813 0.72477 -0.30402
1403637184838319104.000000000 2.14840 -5.00792 -0.80235 -0.45026 -0.42186 0.72776 -0.29945
1403637184938318848.000000000 2.14041 -4.84379 -0.81423 -0.44837 -0.42497 0.72872 -0.29551
1403637185038319104.000000000 2.12445 -4.69005 -0.81772 -0.44534 -0.42699 0.73046 -0.29289
1403637185138319104.000000000 2.09906 -4.54745 -0.81218 -0.44302 -0.42684 0.73220 -0.29229
1403637185238318848.000000000 2.06959 -4.40825 -0.79989 -0.44223 -0.42832 0.73276 -0.28990
1403637185338319104.000000000 2.03401 -4.27110 -0.78390 -0.43959 -0.43240 0.73430 -0.28389
1403637185438318848.000000000 1.98940 -4.14089 -0.75825 -0.43784 -0.43864 0.73520 -0.27455
1403637185538319104.000000000 1.93641 -4.01997 -0.72655 -0.44007 -0.44134 0.73374 -0.27051
1403637185638319104.000000000 1.87488 -3.92696 -0.68508 -0.44924 -0.43700 0.72847 -0.27667
1403637185738318848.000000000 1.80700 -3.83964 -0.64520 -0.46373 -0.43098 0.71962 -0.28523
1403637185838319104.000000000 1.73870 -3.77048 -0.61077 -0.47449 -0.43031 0.71288 -0.28547
1403637185938318848.000000000 1.67048 -3.70872 -0.58358 -0.48147 -0.42905 0.70844 -0.28675
1403637186038319104.000000000 1.60311 -3.65363 -0.56248 -0.48710 -0.42591 0.70456 -0.29142
1403637186138319104.000000000 1.53768 -3.60335 -0.54142 -0.49035 -0.42427 0.70226 -0.29393
1403637186238318848.000000000 1.47497 -3.55606 -0.51347 -0.49038 -0.42430 0.70218 -0.29400
1403637186338319104.000000000 1.41178 -3.51798 -0.47733 -0.49250 -0.42415 0.70063 -0.29438
1403637186438318848.000000000 1.35279 -3.47214 -0.42981 -0.49297 -0.42086 0.70055 -0.29847
1403637186538319104.000000000 1.29470 -3.43707 -0.38046 -0.49143 -0.41559 0.70202 -0.30489
1403637186638319104.000000000 1.23805 -3.39227 -0.32729 -0.49085 -0.41304 0.70296 -0.30710
1403637186738318848.000000000 1.18099 -3.35403 -0.28556 -0.48560 -0.41100 0.70738 -0.30802
1403637186838319104.000000000 1.12445 -3.30838 -0.24974 -0.47504 -0.40586 0.71490 -0.31390
1403637186938318848.000000000 1.06292 -3.26548 -0.22422 -0.46505 -0.39816 0.72156 -0.32334
1403637187038319104.000000000 0.99644 -3.21873 -0.20379 -0.46044 -0.39172 0.72443 -0.33130
1403637187138319104.000000000 0.91850 -3.16975 -0.18959 -0.46442 -0.39000 0.72171 -0.33369
1403637187238318848.000000000 0.83483 -3.11576 -0.18247 -0.46932 -0.39189 0.72129 -0.32542
1403637187338319104.000000000 0.74162 -3.06047 -0.18109 -0.46817 -0.39737 0.72678 -0.30774
1403637187438318848.000000000 0.64515 -3.00729 -0.18248 -0.46824 -0.40343 0.73030 -0.29097
1403637187538319104.000000000 0.54498 -2.95721 -0.18522 -0.46670 -0.40515 0.73400 -0.28159
1403637187638319104.000000000 0.44134 -2.91283 -0.19033 -0.46502 -0.40390 0.73715 -0.27791
1403637187738318848.000000000 0.33357 -2.87292 -0.19802 -0.46275 -0.40135 0.74009 -0.27758
1403637187838319104.000000000 0.22231 -2.84111 -0.20836 -0.46002 -0.40021 0.74277 -0.27660
1403637187938318848.000000000 0.10461 -2.81807 -0.22088 -0.46095 -0.40240 0.74268 -0.27208
1403637188038319104.000000000 -0.01711 -2.80324 -0.23627 -0.46584 -0.40390 0.73977 -0.26945
1403637188138319104.000000000 -0.14200 -2.79527 -0.25367 -0.47199 -0.40524 0.73582 -0.26754
1403637188238318848.000000000 -0.26857 -2.79448 -0.27224 -0.48639 -0.40876 0.72626 -0.26245
1403637188338319104.000000000 -0.39305 -2.79999 -0.29506 -0.49565 -0.40812 0.72018 -0.26290
1403637188438318848.000000000 -0.51398 -2.80919 -0.32122 0.50201 0.40311 -0.71611 0.26960
1403637188538319104.000000000 -0.63141 -2.81956 -0.35111 0.50694 0.39572 -0.71489 0.27450
1403637188638319104.000000000 -0.74653 -2.83048 -0.38519 0.50872 0.38366 -0.71901 0.27754
1403637188738318848.000000000 -0.86009 -2.83971 -0.42312 0.50850 0.36463 -0.72712 0.28243
1403637188838319104.000000000 -0.97446 -2.84517 -0.46555 0.50666 0.34407 -0.73751 0.28457
1403637188938318848.000000000 -1.09091 -2.84656 -0.50549 0.50674 0.33100 -0.74522 0.27981
1403637189038319104.000000000 -1.20962 -2.84189 -0.53850 0.50755 0.32974 -0.75061 0.26504
1403637189138319104.000000000 -1.33025 -2.83438 -0.56314 0.50327 0.33275 -0.75755 0.24923
1403637189238318848.000000000 -1.45296 -2.82790 -0.58829 -0.49587 -0.33249 0.76495 -0.24168
1403637189338319104.000000000 -1.57877 -2.82380 -0.62403 -0.49377 -0.32667 0.76734 -0.24631
1403637189438318848.000000000 -1.70737 -2.82149 -0.66539 0.50382 0.32186 -0.76058 0.25315
1403637189538319104.000000000 -1.83727 -2.82042 -0.70329 0.51335 0.32200 -0.75355 0.25484
1403637189638319104.000000000 -1.97039 -2.81731 -0.73085 0.51983 0.32630 -0.74826 0.25181
1403637189738318848.000000000 -2.10125 -2.81084 -0.74889 0.52188 0.33049 -0.74579 0.24943
1403637189838319104.000000000 -2.22974 -2.80188 -0.75898 0.51973 0.33449 -0.74663 0.24606
1403637189938318848.000000000 -2.35790 -2.79129 -0.75911 0.52141 0.33440 -0.74503 0.24746
1403637190038319104.000000000 -2.48410 -2.77756 -0.75352 0.52514 0.33449 -0.74247 0.24714
1403637190138319104.000000000 -2.60763 -2.76268 -0.74282 0.52811 0.33383 -0.74073 0.24693
1403637190238318848.000000000 -2.72915 -2.74914 -0.72733 0.52985 0.33211 -0.73987 0.24808
1403637190338319104.000000000 -2.84577 -2.73365 -0.70690 0.53084 0.33083 -0.73981 0.24789
1403637190438318848.000000000 -2.95672 -2.71685 -0.67970 0.53000 0.32825 -0.74091 0.24980
1403637190538319104.000000000 -3.06190 -2.69885 -0.65100 0.53174 0.32782 -0.74053 0.24780
1403637190638319104.000000000 -3.16188 -2.68041 -0.62731 0.53453 0.33299 -0.73806 0.24220
1403637190738318848.000000000 -3.25548 -2.66268 -0.60938 0.53280 0.34247 -0.73446 0.24375
1403637190838319104.000000000 -3.34513 -2.64572 -0.59653 0.52810 0.34960 -0.73127 0.25325
1403637190938318848.000000000 -3.43273 -2.62564 -0.59193 0.52372 0.35408 -0.72846 0.26399
1403637191038319104.000000000 -3.51772 -2.60743 -0.58796 0.52126 0.35809 -0.72564 0.27111
1403637191138319104.000000000 -3.60123 -2.58324 -0.59404 0.52030 0.36101 -0.72303 0.27602
1403637191238318848.000000000 -3.68475 -2.55790 -0.59812 0.52045 0.36381 -0.72112 0.27705
1403637191338319104.000000000 -3.76384 -2.53006 -0.61347 0.52110 0.36589 -0.71957 0.27712
1403637191438318848.000000000 -3.84270 -2.50030 -0.62954 0.52387 0.36842 -0.71738 0.27421
1403637191538319104.000000000 -3.91847 -2.46362 -0.62906 0.52565 0.36960 -0.71655 0.27138
1403637191638319104.000000000 -3.98431 -2.43073 -0.62922 0.52444 0.37314 -0.71858 0.26338
1403637191738318848.000000000 -4.04520 -2.39299 -0.61550 0.51711 0.37546 -0.72509 0.25666
1403637191838319104.000000000 -4.10078 -2.35779 -0.59618 0.51481 0.37955 -0.72771 0.24769
1403637191938318848.000000000 -4.15243 -2.32746 -0.57041 0.51905 0.38566 -0.72532 0.23617
1403637192038319104.000000000 -4.19824 -2.30217 -0.53827 0.51888 0.38869 -0.72609 0.22908
1403637192138319104.000000000 -4.24026 -2.28018 -0.50244 0.51050 0.38881 -0.73279 0.22635
1403637192238318848.000000000 -4.27401 -2.27330 -0.45929 0.50708 0.39073 -0.73557 0.22167
1403637192338319104.000000000 -4.31240 -2.26443 -0.41294 0.51084 0.39595 -0.73257 0.21355
1403637192438318848.000000000 -4.33922 -2.27697 -0.36668 0.51227 0.39485 -0.73195 0.21431
1403637192538319104.000000000 -4.36487 -2.28291 -0.32936 0.50251 0.38812 -0.73956 0.22337
1403637192638319104.000000000 -4.38566 -2.30814 -0.29762 -0.49276 -0.38258 0.74675 -0.23063
1403637192738318848.000000000 -4.40494 -2.33705 -0.27154 -0.48854 -0.38025 0.74961 -0.23416
1403637192838319104.000000000 -4.42630 -2.37894 -0.24883 -0.49061 -0.37982 0.74785 -0.23615
1403637192938318848.000000000 -4.44895 -2.42580 -0.22398 -0.49654 -0.37859 0.74332 -0.23998
1403637193038319104.000000000 -4.47136 -2.47992 -0.19033 -0.49949 -0.37709 0.74075 -0.24414
1403637193138319104.000000000 -4.49398 -2.53718 -0.15298 -0.48868 -0.36958 0.74802 -0.25507
1403637193238318848.000000000 -4.52067 -2.59889 -0.11191 -0.47386 -0.36094 0.75760 -0.26686
1403637193338319104.000000000 -4.55587 -2.66252 -0.07861 -0.47451 -0.36187 0.75741 -0.26500
1403637193438318848.000000000 -4.59760 -2.72818 -0.05980 -0.48766 -0.36774 0.74902 -0.25675
1403637193538319104.000000000 -4.64163 -2.79678 -0.04266 -0.49773 -0.37376 0.74197 -0.24910
1403637193638319104.000000000 -4.68693 -2.87045 -0.02662 0.50201 0.37853 -0.73854 0.24344
1403637193738318848.000000000 -4.73535 -2.95154 -0.00289 0.50414 0.38200 -0.73662 0.23940
1403637193838319104.000000000 -4.78108 -3.03694 0.02780 0.50490 0.38406 -0.73579 0.23705
1403637193938318848.000000000 -4.82445 -3.12836 0.05596 0.50620 0.38301 -0.73495 0.23855
1403637194038319104.000000000 -4.86525 -3.22199 0.07830 0.51260 0.38041 -0.73055 0.24253
1403637194138319104.000000000 -4.90356 -3.31743 0.08243 0.51620 0.37838 -0.72831 0.24480
1403637194238318848.000000000 -4.93855 -3.41540 0.07748 0.51399 0.37744 -0.73004 0.24574
1403637194338319104.000000000 -4.96940 -3.51346 0.07473 0.51141 0.37745 -0.73216 0.24482
1403637194438318848.000000000 -4.99752 -3.61463 0.07920 0.50956 0.37865 -0.73346 0.24293
1403637194538319104.000000000 -5.02378 -3.71973 0.09056 0.50792 0.37778 -0.73476 0.24377
1403637194638319104.000000000 -5.04775 -3.82885 0.10949 0.50709 0.37785 -0.73570 0.24257
1403637194738318848.000000000 -5.06857 -3.93822 0.13487 0.50204 0.37873 -0.73968 0.23955
1403637194838319104.000000000 -5.09031 -4.05425 0.15730 -0.49869 -0.37835 0.74262 -0.23806
1403637194938318848.000000000 -5.11103 -4.17285 0.17681 -0.49882 -0.37639 0.74290 -0.24002
1403637195038319104.000000000 -5.13249 -4.29629 0.18888 0.50663 0.37294 -0.73802 0.24407
1403637195138319104.000000000 -5.15041 -4.41858 0.19695 0.51456 0.36982 -0.73288 0.24769
1403637195238318848.000000000 -5.16616 -4.54055 0.19830 0.52085 0.36750 -0.72852 0.25085
1403637195338319104.000000000 -5.18068 -4.66237 0.19290 0.52445 0.36587 -0.72583 0.25349
1403637195438318848.000000000 -5.19131 -4.78063 0.18475 0.52536 0.36675 -0.72406 0.25540
1403637195538319104.000000000 -5.19779 -4.90009 0.18352 0.52080 0.37216 -0.72295 0.26002
1403637195638319104.000000000 -5.20008 -5.01755 0.19233 0.51872 0.37822 -0.71982 0.26409
1403637195738318848.000000000 -5.20123 -5.13194 0.20618 0.51885 0.38277 -0.71598 0.26770
1403637195838319104.000000000 -5.19721 -5.24109 0.22420 0.52107 0.38977 -0.71157 0.26501
1403637195938318848.000000000 -5.18952 -5.35068 0.24431 0.52482 0.39814 -0.70692 0.25749
1403637196038319104.000000000 -5.17367 -5.45928 0.26117 0.53233 0.40671 -0.69995 0.24756
1403637196138319104.000000000 -5.14863 -5.56711 0.27047 0.54576 0.41164 -0.68887 0.24117
1403637196238318848.000000000 -5.11104 -5.67658 0.27779 0.56109 0.41310 -0.67639 0.23880
1403637196338319104.000000000 -5.05765 -5.78467 0.27581 0.57318 0.41318 -0.66668 0.23724
1403637196438318848.000000000 -4.98609 -5.88916 0.26826 0.58025 0.41245 -0.66149 0.23586
1403637196538319104.000000000 -4.89458 -5.99168 0.25602 0.57964 0.40999 -0.66297 0.23748
1403637196638319104.000000000 -4.78460 -6.08842 0.23820 0.57629 0.40612 -0.66681 0.24150
1403637196738318848.000000000 -4.65637 -6.18270 0.21576 0.57235 0.40129 -0.67106 0.24710
1403637196838319104.000000000 -4.51333 -6.27070 0.18717 0.56936 0.39842 -0.67444 0.24945
1403637196938318848.000000000 -4.35573 -6.35270 0.15613 0.57152 0.39592 -0.67355 0.25088
1403637197038319104.000000000 -4.18312 -6.43081 0.12349 0.56391 0.38965 -0.67864 0.26388
1403637197138319104.000000000 -3.99777 -6.50638 0.09663 0.55316 0.39204 -0.68140 0.27571
1403637197238318848.000000000 -3.80189 -6.57365 0.07508 0.53968 0.40267 -0.68074 0.28844
1403637197338319104.000000000 -3.59751 -6.63451 0.06166 0.52167 0.42037 -0.67792 0.30260
1403637197438318848.000000000 -3.39105 -6.69227 0.05703 0.50413 0.44304 -0.66844 0.32057
1403637197538319104.000000000 -3.18055 -6.74414 0.05972 -0.48737 -0.47506 0.65211 -0.33399
1403637197638319104.000000000 -2.96736 -6.79342 0.06982 -0.47039 -0.51023 0.63008 -0.34841
1403637197738318848.000000000 -2.75363 -6.83816 0.08768 -0.45542 -0.54124 0.60452 -0.36635
1403637197838319104.000000000 -2.53862 -6.87806 0.11380 -0.44653 -0.56977 0.57412 -0.38257
1403637197938318848.000000000 -2.32100 -6.90962 0.14615 0.43593 0.59483 -0.54661 0.39670
1403637198038319104.000000000 -2.09931 -6.93832 0.18725 0.42455 0.61519 -0.52247 0.41028
1403637198138319104.000000000 -1.87267 -6.95570 0.23395 0.41212 0.63206 -0.50106 0.42379
1403637198238318848.000000000 -1.64128 -6.96926 0.28863 0.39773 0.64822 -0.48232 0.43471
1403637198338319104.000000000 -1.40582 -6.97515 0.34874 0.38857 0.66235 -0.46011 0.44565
1403637198438318848.000000000 -1.16694 -6.97651 0.40641 0.38609 0.67312 -0.43727 0.45458
1403637198538319104.000000000 -0.92545 -6.97304 0.45346 0.38713 0.67954 -0.42115 0.45934
1403637198638319104.000000000 -0.67987 -6.96246 0.48492 0.39047 0.68317 -0.41005 0.46116
1403637198738318848.000000000 -0.42893 -6.94146 0.49723 0.38889 0.68390 -0.40690 0.46420
1403637198838319104.000000000 -0.17078 -6.90982 0.49319 0.38947 0.67970 -0.40491 0.47156
1403637198938318848.000000000 0.09317 -6.86434 0.47637 0.38725 0.67021 -0.40702 0.48497
1403637199038319104.000000000 0.36330 -6.80354 0.46075 0.37774 0.66155 -0.41007 0.50151
1403637199138319104.000000000 0.63504 -6.72899 0.45013 0.36227 0.66312 -0.41199 0.50921
1403637199238318848.000000000 0.89976 -6.63592 0.44486 0.34678 0.67059 -0.40721 0.51403
1403637199338319104.000000000 1.15913 -6.53132 0.44855 0.33633 0.67915 -0.39287 0.52086
1403637199438318848.000000000 1.41067 -6.41240 0.45885 0.32520 0.68926 -0.37325 0.52901
1403637199538319104.000000000 1.65757 -6.28343 0.46862 0.31163 0.69976 -0.35231 0.53768
1403637199638319104.000000000 1.89888 -6.14432 0.47116 0.29436 0.70701 -0.33320 0.54996
1403637199738318848.000000000 2.13346 -5.99553 0.46508 0.27181 0.71199 -0.31546 0.56539
1403637199838319104.000000000 2.36247 -5.83841 0.44359 0.24074 0.71467 -0.29846 0.58499
1403637199938318848.000000000 2.58210 -5.67615 0.40020 0.20571 0.71409 -0.27942 0.60802
1403637200038319104.000000000 2.78633 -5.51045 0.34761 0.17242 0.71011 -0.25440 0.63348
1403637200138319104.000000000 2.96677 -5.34121 0.29188 0.14671 0.70998 -0.22162 0.65215
1403637200238318848.000000000 3.11659 -5.17037 0.23056 0.12633 0.72217 -0.18909 0.65326
1403637200338319104.000000000 3.24058 -5.00018 0.16639 0.12271 0.74450 -0.15661 0.63729
1403637200438318848.000000000 3.33653 -4.82881 0.10827 0.11526 0.76767 -0.13727 0.61527
1403637200538319104.000000000 3.41359 -4.65689 0.06004 0.10402 0.78361 -0.12988 0.59855
1403637200638319104.000000000 3.48407 -4.48484 0.02193 0.09019 0.78824 -0.13173 0.59430
1403637200738318848.000000000 3.54289 -4.31635 -0.00808 0.08301 0.79030 -0.13565 0.59172
1403637200838319104.000000000 3.59388 -4.15144 -0.03095 0.07735 0.78679 -0.14596 0.59471
1403637200938318848.000000000 3.63563 -3.99225 -0.04598 0.07998 0.78404 -0.15515 0.59567
1403637201038319104.000000000 3.67113 -3.83521 -0.05447 0.08668 0.78269 -0.16250 0.59454
1403637201138319104.000000000 3.69630 -3.68777 -0.05381 0.09389 0.78270 -0.16861 0.59172
1403637201238318848.000000000 3.71032 -3.54250 -0.04743 0.09499 0.78234 -0.17706 0.58955
1403637201338319104.000000000 3.72371 -3.40106 -0.03529 0.08599 0.77932 -0.19602 0.58894
1403637201438318848.000000000 3.71850 -3.26466 -0.03160 0.07520 0.77818 -0.22000 0.58342
1403637201538319104.000000000 3.70814 -3.14088 -0.03425 0.06762 0.77682 -0.24408 0.57654
1403637201638319104.000000000 3.69121 -3.03288 -0.04102 0.06324 0.77360 -0.26184 0.57356
1403637201738318848.000000000 3.66639 -2.94413 -0.04981 0.06958 0.76882 -0.26875 0.57607
1403637201838319104.000000000 3.63098 -2.87483 -0.06070 0.08236 0.76600 -0.26717 0.57886
1403637201938318848.000000000 3.58639 -2.82236 -0.06454 0.08963 0.76496 -0.26563 0.57987
1403637202038319104.000000000 3.53158 -2.78465 -0.06581 0.08387 0.76793 -0.26907 0.57519
1403637202138319104.000000000 3.46774 -2.76487 -0.05997 0.07433 0.77563 -0.27242 0.56450
1403637202238318848.000000000 3.39661 -2.76019 -0.04874 0.08280 0.78696 -0.26409 0.55144
1403637202338319104.000000000 3.32276 -2.77068 -0.04133 0.10035 0.79846 -0.24943 0.53868
1403637202438318848.000000000 3.25188 -2.79122 -0.03733 0.11290 0.80397 -0.23888 0.53274
1403637202538319104.000000000 3.18647 -2.82060 -0.03388 0.11900 0.80179 -0.23352 0.53706
1403637202638319104.000000000 3.12587 -2.85828 -0.02472 0.12235 0.79592 -0.23028 0.54637
1403637202738318848.000000000 3.06619 -2.90115 -0.00770 0.12749 0.79147 -0.22572 0.55351
1403637202838319104.000000000 3.00938 -2.94862 0.01367 0.13748 0.79089 -0.21843 0.55487
1403637202938318848.000000000 2.95448 -2.99686 0.03095 0.14679 0.79165 -0.21208 0.55387
1403637203038319104.000000000 2.90171 -3.04429 0.04176 0.15209 0.79209 -0.20897 0.55298
1403637203138319104.000000000 2.85357 -3.09109 0.04768 0.15123 0.79128 -0.21030 0.55388
1403637203238318848.000000000 2.80306 -3.13191 0.05049 0.15389 0.79108 -0.20933 0.55380
1403637203338319104.000000000 2.76081 -3.17469 0.04827 0.15538 0.79065 -0.20911 0.55409
1403637203438318848.000000000 2.71459 -3.21117 0.04368 0.15568 0.79070 -0.20975 0.55368
1403637203538319104.000000000 2.67970 -3.25024 0.03139 0.15667 0.79030 -0.20978 0.55396
1403637203638319104.000000000 2.63993 -3.28182 0.01847 0.16050 0.79010 -0.20823 0.55374
1403637203738318848.000000000 2.60476 -3.31037 0.00113 0.16047 0.78900 -0.20933 0.55489
1403637203838319104.000000000 2.57934 -3.33946 -0.02299 0.16031 0.78861 -0.21048 0.55506
1403637203938318848.000000000 2.54784 -3.36141 -0.04660 0.16127 0.78797 -0.21040 0.55572
1403637204038319104.000000000 2.51844 -3.38093 -0.07332 0.16249 0.78823 -0.21027 0.55505
1403637204138319104.000000000 2.49491 -3.39919 -0.09763 0.16236 0.78798 -0.21095 0.55518
1403637204238318848.000000000 2.46878 -3.41093 -0.11044 0.16289 0.78813 -0.21121 0.55472
1403637204338319104.000000000 2.44262 -3.41980 -0.11671 0.16077 0.78820 -0.21328 0.55445
1403637204438318848.000000000 2.41850 -3.42816 -0.11626 0.15971 0.78539 -0.21557 0.55783
1403637204538319104.000000000 2.39510 -3.43225 -0.10609 0.15827 0.78149 -0.21849 0.56257
1403637204638319104.000000000 2.37054 -3.43443 -0.08947 0.15836 0.78174 -0.22134 0.56109
1403637204738318848.000000000 2.34557 -3.43657 -0.06920 0.16060 0.78265 -0.22244 0.55874
1403637204838319104.000000000 2.32164 -3.43401 -0.05382 0.16079 0.78422 -0.22482 0.55552
1403637204938318848.000000000 2.29617 -3.43023 -0.04588 0.16189 0.78567 -0.22554 0.55286
1403637205038319104.000000000 2.27048 -3.42497 -0.04333 0.16080 0.78928 -0.22701 0.54740
1403637205138319104.000000000 2.25017 -3.41929 -0.04604 0.16044 0.79064 -0.22739 0.54539
1403637205238318848.000000000 2.22834 -3.41257 -0.05331 0.15970 0.79166 -0.22555 0.54488
1403637205338319104.000000000 2.21254 -3.40481 -0.06283 0.15662 0.79310 -0.21955 0.54613
1403637205438318848.000000000 2.19949 -3.39715 -0.06642 0.15437 0.79421 -0.21240 0.54798
1403637205538319104.000000000 2.18519 -3.38733 -0.06239 0.15216 0.79265 -0.20540 0.55350
1403637205638319104.000000000 2.17651 -3.37646 -0.06007 0.15045 0.79189 -0.20041 0.55688
1403637205738318848.000000000 2.16519 -3.36344 -0.06342 0.14841 0.79246 -0.19783 0.55754
1403637205838319104.000000000 2.15801 -3.34838 -0.07450 0.14784 0.79289 -0.19601 0.55772
1403637205938318848.000000000 2.15203 -3.33087 -0.08867 0.14654 0.79282 -0.19580 0.55823
1403637206038319104.000000000 2.14665 -3.31159 -0.10108 0.14565 0.79240 -0.19528 0.55924
1403637206138319104.000000000 2.14144 -3.29044 -0.10712 0.14116 0.79186 -0.19760 0.56034
1403637206238318848.000000000 2.13787 -3.26851 -0.10496 0.13475 0.79094 -0.20124 0.56192
1403637206338319104.000000000 2.13623 -3.24681 -0.09319 0.13170 0.78946 -0.20373 0.56383
1403637206438318848.000000000 2.13190 -3.22653 -0.07607 0.13168 0.78948 -0.20392 0.56374
1403637206538319104.000000000 2.12735 -3.20764 -0.05679 0.13236 0.78905 -0.20407 0.56412
1403637206638319104.000000000 2.12432 -3.19061 -0.04059 0.13466 0.78915 -0.20339 0.56369
1403637206738318848.000000000 2.11641 -3.17302 -0.03295 0.13726 0.78891 -0.20263 0.56367
1403637206838319104.000000000 2.10802 -3.15491 -0.02925 0.13915 0.78829 -0.20230 0.56419
1403637206938318848.000000000 2.09802 -3.13586 -0.02285 0.13997 0.78649 -0.20234 0.56648
1403637207038319104.000000000 2.08716 -3.11587 -0.01175 0.14087 0.78582 -0.20317 0.56689
1403637207138319104.000000000 2.07450 -3.09441 0.00170 0.14142 0.78507 -0.20453 0.56730
1403637207238318848.000000000 2.05967 -3.07229 0.00818 0.14204 0.78373 -0.20578 0.56855
1403637207338319104.000000000 2.04139 -3.04699 0.00610 0.14218 0.78388 -0.20735 0.56773
1403637207438318848.000000000 2.02453 -3.02607 -0.00204 0.14322 0.78368 -0.20779 0.56759
1403637207538319104.000000000 2.00450 -3.00304 -0.01580 0.14230 0.78474 -0.20974 0.56564
1403637207638319104.000000000 1.98291 -2.97932 -0.03273 0.13355 0.78926 -0.21679 0.55877
1403637207738318848.000000000 1.95991 -2.95818 -0.04302 0.12862 0.79299 -0.22079 0.55306
1403637207838319104.000000000 1.93307 -2.93751 -0.04232 0.13232 0.79264 -0.21893 0.55343
1403637207938318848.000000000 1.91132 -2.92280 -0.03142 0.13844 0.79137 -0.21551 0.55509
1403637208038319104.000000000 1.88877 -2.90956 -0.00969 0.14293 0.79053 -0.21295 0.55614
1403637208138319104.000000000 1.86753 -2.89756 0.01785 0.14583 0.79074 -0.21155 0.55562
1403637208238318848.000000000 1.84762 -2.88557 0.04880 0.14783 0.79068 -0.21122 0.55530
1403637208338319104.000000000 1.82879 -2.87423 0.07460 0.14065 0.78843 -0.21754 0.55792
1403637208438318848.000000000 1.80617 -2.86063 0.09790 0.13822 0.78638 -0.22077 0.56015
1403637208538319104.000000000 1.78608 -2.85164 0.10941 0.14032 0.78553 -0.22031 0.56100
1403637208638319104.000000000 1.76453 -2.84384 0.11652 0.14499 0.78576 -0.21788 0.56043
1403637208738318848.000000000 1.74262 -2.83798 0.12102 0.14863 0.78519 -0.21578 0.56109
1403637208838319104.000000000 1.71875 -2.82857 0.11735 0.15029 0.78453 -0.21477 0.56196
1403637208938318848.000000000 1.69422 -2.81867 0.10877 0.15640 0.78584 -0.21066 0.56001
1403637209038319104.000000000 1.66927 -2.80505 0.09438 0.16756 0.78801 -0.20343 0.55640
1403637209138319104.000000000 1.64930 -2.79104 0.07857 0.17298 0.78950 -0.19546 0.55549
1403637209238318848.000000000 1.62992 -2.76743 0.06375 0.15830 0.79267 -0.19150 0.55673
1403637209338319104.000000000 1.61700 -2.74229 0.05750 0.14076 0.79877 -0.18566 0.55469
1403637209438318848.000000000 1.60362 -2.71580 0.05720 0.12967 0.80554 -0.17896 0.54979
1403637209538319104.000000000 1.59349 -2.68895 0.06243 0.12164 0.81596 -0.17274 0.53812
1403637209638319104.000000000 1.59104 -2.66443 0.07479 0.11513 0.82709 -0.16849 0.52372
1403637209738318848.000000000 1.60088 -2.64286 0.09473 0.11005 0.83361 -0.16616 0.51515
1403637209838319104.000000000 1.62469 -2.62695 0.11637 0.10808 0.83693 -0.16500 0.51054
1403637209938318848.000000000 1.65967 -2.61295 0.13314 0.10481 0.84035 -0.16663 0.50504
1403637210038319104.000000000 1.69995 -2.60142 0.13375 0.10350 0.84627 -0.16721 0.49514
1403637210138319104.000000000 1.75290 -2.59342 0.11883 0.10146 0.85195 -0.16929 0.48500
1403637210238318848.000000000 1.81985 -2.58911 0.09297 0.09950 0.85756 -0.17117 0.47476
1403637210338319104.000000000 1.90605 -2.59061 0.06461 0.09844 0.86085 -0.17203 0.46867
1403637210438318848.000000000 2.01295 -2.59893 0.03666 0.09838 0.86099 -0.17205 0.46843
1403637210538319104.000000000 2.14120 -2.61642 0.01123 0.10136 0.85421 -0.16948 0.48097
1403637210638319104.000000000 2.28542 -2.63697 -0.01483 0.10164 0.84665 -0.16859 0.49440
1403637210738318848.000000000 2.44255 -2.66199 -0.04418 0.10105 0.84167 -0.16771 0.50324
1403637210838319104.000000000 2.61026 -2.69094 -0.07712 0.09306 0.83681 -0.17218 0.51131
1403637210938318848.000000000 2.78558 -2.72441 -0.11296 0.08483 0.82962 -0.17789 0.52240
1403637211038319104.000000000 2.96658 -2.76450 -0.15187 0.08094 0.82018 -0.18141 0.53650
1403637211138319104.000000000 3.14850 -2.81143 -0.19448 0.08052 0.81363 -0.18347 0.54577
1403637211238318848.000000000 3.33144 -2.86489 -0.23879 0.09037 0.80974 -0.17911 0.55143
1403637211338319104.000000000 3.51444 -2.92267 -0.28531 0.10062 0.80360 -0.17587 0.55962
1403637211438318848.000000000 3.69465 -2.98181 -0.33543 0.10607 0.79924 -0.17492 0.56513
1403637211538319104.000000000 3.87148 -3.04159 -0.38864 0.10598 0.79938 -0.17644 0.56448
1403637211638319104.000000000 4.04358 -3.10235 -0.43753 0.10389 0.80238 -0.17851 0.55994
1403637211738318848.000000000 4.21258 -3.16475 -0.48022 0.09809 0.80625 -0.18239 0.55414
1403637211838319104.000000000 4.37903 -3.22965 -0.51326 0.08734 0.81091 -0.18953 0.54670
1403637211938318848.000000000 4.54327 -3.30050 -0.53664 0.08634 0.81356 -0.19075 0.54248
1403637212038319104.000000000 4.70797 -3.37855 -0.55037 0.09469 0.81101 -0.18579 0.54660
1403637212138319104.000000000 4.87151 -3.45989 -0.55672 0.10310 0.80239 -0.18060 0.55940
1403637212238318848.000000000 5.03257 -3.54223 -0.55647 0.10926 0.79527 -0.17763 0.56925
1403637212338319104.000000000 5.18986 -3.62383 -0.55203 0.11256 0.79167 -0.17637 0.57400
1403637212438318848.000000000 5.34087 -3.70273 -0.54121 0.11516 0.79013 -0.17660 0.57553
1403637212538319104.000000000 5.48690 -3.77903 -0.52686 0.11586 0.79377 -0.17805 0.56992
1403637212638319104.000000000 5.62918 -3.85353 -0.51029 0.11550 0.79929 -0.18063 0.56140
1403637212738318848.000000000 5.77054 -3.92743 -0.49174 0.11618 0.80389 -0.18109 0.55450
1403637212838319104.000000000 5.91264 -4.00197 -0.47098 0.11833 0.80662 -0.17994 0.55045
1403637212938318848.000000000 6.05145 -4.07670 -0.44659 0.12187 0.80764 -0.17691 0.54915
1403637213038319104.000000000 6.19471 -4.15065 -0.42164 0.12272 0.80849 -0.17450 0.54849
1403637213138319104.000000000 6.33630 -4.22248 -0.39806 0.11831 0.80886 -0.17515 0.54870
1403637213238318848.000000000 6.48209 -4.29555 -0.38302 0.11468 0.80864 -0.17553 0.54968
1403637213338319104.000000000 6.62625 -4.36718 -0.37354 0.11342 0.80796 -0.17532 0.55099
1403637213438318848.000000000 6.77031 -4.43955 -0.36892 0.11431 0.80590 -0.17410 0.55421
1403637213538319104.000000000 6.91035 -4.50874 -0.36608 0.11668 0.80402 -0.17237 0.55699
1403637213638319104.000000000 7.04994 -4.57913 -0.36948 0.12792 0.80386 -0.16425 0.55720
1403637213738318848.000000000 7.18925 -4.64444 -0.37865 0.13650 0.80590 -0.15767 0.55411
1403637213838319104.000000000 7.33050 -4.70562 -0.39347 0.13961 0.80843 -0.15422 0.55061
1403637213938318848.000000000 7.47448 -4.76240 -0.41100 0.14084 0.80982 -0.15236 0.54876
1403637214038319104.000000000 7.61835 -4.80908 -0.42598 0.14000 0.80662 -0.14925 0.55452
1403637214138319104.000000000 7.77264 -4.85398 -0.43247 0.12843 0.80290 -0.14685 0.56329
1403637214238318848.000000000 7.92563 -4.89156 -0.43214 0.11602 0.80062 -0.13945 0.57106
1403637214338319104.000000000 8.07519 -4.92269 -0.42521 0.10643 0.79876 -0.12396 0.57904
1403637214438318848.000000000 8.21795 -4.94639 -0.41285 0.10121 0.79795 -0.09839 0.58597
1403637214538319104.000000000 8.35364 -4.96225 -0.39610 0.09606 0.79825 -0.06830 0.59069
1403637214638319104.000000000 8.48220 -4.96823 -0.37422 0.09432 0.79725 -0.03995 0.59490
1403637214738318848.000000000 8.60422 -4.96176 -0.34727 0.09594 0.79512 -0.01661 0.59858
1403637214838319104.000000000 8.71817 -4.93989 -0.31589 0.09332 0.79342 -0.00342 0.60147
1403637214938318848.000000000 8.82253 -4.90110 -0.28605 0.08943 0.79303 0.00216 0.60258
1403637215038319104.000000000 8.91814 -4.84799 -0.26178 0.08597 0.79128 0.00374 0.60537
1403637215138319104.000000000 9.00413 -4.78096 -0.24253 0.08513 0.78820 0.00396 0.60949
1403637215238318848.000000000 9.08300 -4.69988 -0.22891 0.08078 0.78567 0.00084 0.61335
1403637215338319104.000000000 9.15281 -4.60560 -0.22042 0.07014 0.78344 -0.00052 0.61750
1403637215438318848.000000000 9.21221 -4.49991 -0.21507 0.05333 0.77800 0.00188 0.62599
1403637215538319104.000000000 9.25603 -4.38468 -0.20736 0.03421 0.77128 0.01066 0.63549
1403637215638319104.000000000 9.28244 -4.26267 -0.19572 0.01533 0.77056 0.02573 0.63666
1403637215738318848.000000000 9.29244 -4.13556 -0.17813 -0.00156 0.77567 0.04741 0.62936
1403637215838319104.000000000 9.28882 -4.00458 -0.15546 -0.02053 0.78473 0.06905 0.61563
1403637215938318848.000000000 9.27360 -3.87162 -0.12572 -0.03981 0.79021 0.08676 0.60536
1403637216038319104.000000000 9.24864 -3.73850 -0.08932 -0.05849 0.79321 0.09993 0.59784
1403637216138319104.000000000 9.21479 -3.60676 -0.05037 -0.07603 0.79393 0.11286 0.59258
1403637216238318848.000000000 9.17463 -3.47822 -0.01620 -0.09018 0.79274 0.12150 0.59049
1403637216338319104.000000000 9.12965 -3.35433 0.01149 -0.09976 0.79000 0.12575 0.59173
1403637216438318848.000000000 9.08035 -3.23507 0.03270 -0.10505 0.78434 0.12750 0.59792
1403637216538319104.000000000 9.02598 -3.12094 0.04688 -0.10685 0.77914 0.12779 0.60431
1403637216638319104.000000000 8.96441 -3.01340 0.05629 -0.11165 0.77631 0.12414 0.60784
1403637216738318848.000000000 8.89416 -2.91225 0.06311 -0.11559 0.77094 0.11873 0.61497
1403637216838319104.000000000 8.81387 -2.81944 0.06899 -0.11396 0.76549 0.11617 0.62253
1403637216938318848.000000000 8.72220 -2.73384 0.08136 -0.10888 0.76198 0.11527 0.62789
1403637217038319104.000000000 8.61707 -2.65643 0.09798 -0.10796 0.76629 0.11192 0.62339
1403637217138319104.000000000 8.49972 -2.58884 0.11711 -0.11592 0.77454 0.10330 0.61317
1403637217238318848.000000000 8.37355 -2.52924 0.12883 -0.12594 0.77869 0.09274 0.60760
1403637217338319104.000000000 8.24297 -2.48088 0.13186 -0.13068 0.78181 0.08572 0.60361
1403637217438318848.000000000 8.10824 -2.44360 0.12688 -0.13360 0.78338 0.07980 0.60175
1403637217538319104.000000000 7.96983 -2.41818 0.11635 -0.13386 0.78275 0.07975 0.60251
1403637217638319104.000000000 7.82878 -2.40316 0.10239 -0.13072 0.77842 0.09086 0.60722
1403637217738318848.000000000 7.68118 -2.39954 0.09098 -0.12087 0.76963 0.11699 0.61594
1403637217838319104.000000000 7.52564 -2.40000 0.08140 -0.11990 0.76312 0.14697 0.61779
1403637217938318848.000000000 7.35919 -2.40598 0.07749 -0.12626 0.75971 0.17285 0.61402
1403637218038319104.000000000 7.18148 -2.41707 0.07930 -0.13642 0.75915 0.19069 0.60722
1403637218138319104.000000000 6.99557 -2.43202 0.08462 -0.14562 0.76072 0.20239 0.59928
1403637218238318848.000000000 6.80332 -2.45072 0.08599 -0.15072 0.76154 0.21070 0.59410
1403637218338319104.000000000 6.60699 -2.47191 0.08147 -0.15249 0.76063 0.21664 0.59267
1403637218438318848.000000000 6.40491 -2.49646 0.07081 -0.15534 0.76015 0.21800 0.59205
1403637218538319104.000000000 6.19632 -2.52369 0.05933 -0.15508 0.75937 0.21924 0.59266
1403637218638319104.000000000 5.98338 -2.55075 0.05245 -0.15364 0.76134 0.21883 0.59065
1403637218738318848.000000000 5.76560 -2.57982 0.04948 -0.15160 0.76576 0.21818 0.58569
1403637218838319104.000000000 5.54324 -2.61080 0.04236 -0.14681 0.76817 0.21870 0.58355
1403637218938318848.000000000 5.31855 -2.64150 0.01873 -0.13764 0.76855 0.22266 0.58379
1403637219038319104.000000000 5.08896 -2.66950 -0.01854 -0.12923 0.76846 0.22657 0.58432
1403637219138319104.000000000 4.85478 -2.69277 -0.05982 -0.12684 0.76808 0.22733 0.58505
1403637219238318848.000000000 4.61533 -2.71209 -0.09757 -0.12712 0.76915 0.22589 0.58415
1403637219338319104.000000000 4.36964 -2.73062 -0.13043 -0.12918 0.77098 0.22327 0.58228
1403637219438318848.000000000 4.11851 -2.74262 -0.15525 -0.12952 0.77397 0.22185 0.57877
1403637219538319104.000000000 3.86413 -2.74865 -0.17257 -0.12944 0.78377 0.22050 0.56598
1403637219638319104.000000000 3.61288 -2.75295 -0.18355 -0.12922 0.79301 0.21903 0.55359
1403637219738318848.000000000 3.36229 -2.75079 -0.18473 -0.12834 0.79792 0.21795 0.54713
1403637219838319104.000000000 3.12089 -2.74424 -0.17755 -0.12706 0.80121 0.21757 0.54275
1403637219938318848.000000000 2.89515 -2.72944 -0.15998 -0.12771 0.80317 0.21680 0.54000
1403637220038319104.000000000 2.68323 -2.70896 -0.13225 -0.12790 0.80387 0.21675 0.53895
1403637220138319104.000000000 2.49184 -2.67927 -0.09225 -0.12621 0.80439 0.21741 0.53829
1403637220238318848.000000000 2.30319 -2.64670 -0.05003 -0.13019 0.80510 0.21503 0.53724
1403637220338319104.000000000 2.11419 -2.60986 -0.00278 -0.13835 0.80419 0.20873 0.53904
1403637220438318848.000000000 1.92774 -2.57451 0.04807 -0.14764 0.80273 0.20110 0.54165
1403637220538319104.000000000 1.74526 -2.54102 0.09344 -0.15366 0.80099 0.19586 0.54446
1403637220638319104.000000000 1.57241 -2.50972 0.13262 -0.15535 0.79998 0.19376 0.54623
1403637220738318848.000000000 1.40513 -2.48171 0.16570 -0.15417 0.80066 0.19417 0.54542
1403637220838319104.000000000 1.24434 -2.45589 0.19345 -0.15347 0.80179 0.19450 0.54382
1403637220938318848.000000000 1.09178 -2.43259 0.21568 -0.15227 0.80291 0.19476 0.54242
1403637221038319104.000000000 0.94255 -2.41195 0.23149 -0.14851 0.80584 0.19298 0.53975
1403637221138319104.000000000 0.80080 -2.39004 0.24035 -0.14187 0.81002 0.18638 0.53759
1403637221238318848.000000000 0.66708 -2.37374 0.24542 -0.13142 0.81412 0.17657 0.53736
1403637221338319104.000000000 0.54118 -2.35873 0.24466 -0.12171 0.81708 0.16443 0.53900
1403637221438318848.000000000 0.42292 -2.34330 0.23813 -0.11566 0.81863 0.15386 0.54111
1403637221538319104.000000000 0.31189 -2.32485 0.22504 -0.11187 0.82109 0.14539 0.54052
1403637221638319104.000000000 0.20209 -2.31105 0.21022 -0.10753 0.82254 0.13978 0.54067
1403637221738318848.000000000 0.10067 -2.29440 0.19021 -0.10509 0.82417 0.13468 0.53996
1403637221838319104.000000000 0.00859 -2.27910 0.16610 -0.10313 0.82554 0.12963 0.53948
1403637221938318848.000000000 -0.06712 -2.26444 0.13583 -0.09954 0.82801 0.11970 0.53867
1403637222038319104.000000000 -0.14092 -2.25263 0.10434 -0.08948 0.83004 0.10574 0.54023
1403637222138319104.000000000 -0.20642 -2.24508 0.06892 -0.07631 0.83288 0.08722 0.54119
1403637222238318848.000000000 -0.26016 -2.24021 0.03072 -0.06250 0.83317 0.06713 0.54536
1403637222338319104.000000000 -0.30703 -2.23493 -0.00956 -0.05127 0.82904 0.05203 0.55440
1403637222438318848.000000000 -0.34780 -2.23059 -0.05018 -0.04378 0.82254 0.03974 0.56563
1403637222538319104.000000000 -0.38549 -2.22685 -0.08439 -0.03860 0.81825 0.03166 0.57269
1403637222638319104.000000000 -0.42307 -2.22385 -0.11119 -0.03415 0.81645 0.02708 0.57577
1403637222738318848.000000000 -0.45780 -2.22345 -0.13069 -0.03172 0.81773 0.02516 0.57417
1403637222838319104.000000000 -0.49326 -2.22249 -0.14059 -0.03009 0.82245 0.02516 0.56748
1403637222938318848.000000000 -0.52076 -2.22311 -0.14359 -0.03044 0.82903 0.02605 0.55776
1403637223038319104.000000000 -0.54438 -2.22474 -0.13847 -0.03102 0.83356 0.02753 0.55087
1403637223138319104.000000000 -0.55943 -2.22698 -0.12549 -0.03146 0.83536 0.02989 0.54798
1403637223238318848.000000000 -0.57114 -2.22917 -0.10187 -0.03211 0.83399 0.03240 0.54990
1403637223338319104.000000000 -0.56767 -2.23144 -0.07090 -0.03276 0.82882 0.03589 0.55740
1403637223438318848.000000000 -0.56676 -2.23326 -0.03312 -0.03326 0.82392 0.03916 0.56438
1403637223538319104.000000000 -0.55501 -2.23465 0.00702 -0.03364 0.82048 0.04187 0.56915
1403637223638319104.000000000 -0.54318 -2.23480 0.04346 -0.03372 0.81807 0.04337 0.57249
1403637223738318848.000000000 -0.53179 -2.23446 0.07301 -0.03333 0.81723 0.04462 0.57361
1403637223838319104.000000000 -0.52489 -2.23529 0.09742 -0.03357 0.81616 0.04505 0.57509
1403637223938318848.000000000 -0.51326 -2.23387 0.11426 -0.03199 0.81532 0.04623 0.57628
1403637224038319104.000000000 -0.50617 -2.23347 0.12484 -0.03237 0.81484 0.04560 0.57698
1403637224138319104.000000000 -0.49880 -2.23215 0.12866 -0.03133 0.81457 0.04617 0.57738
1403637224238318848.000000000 -0.48942 -2.22890 0.12479 -0.03031 0.81409 0.04646 0.57809
1403637224338319104.000000000 -0.48397 -2.22659 0.11632 -0.03028 0.81323 0.04649 0.57929
1403637224438318848.000000000 -0.47878 -2.22316 0.10280 -0.02838 0.81315 0.04754 0.57941
1403637224538319104.000000000 -0.47413 -2.21874 0.08354 -0.02746 0.81251 0.04824 0.58030
1403637224638319104.000000000 -0.47172 -2.21287 0.06323 -0.03059 0.81224 0.04618 0.58069
1403637224738318848.000000000 -0.47136 -2.20704 0.04859 -0.03844 0.81306 0.04088 0.57946
1403637224838319104.000000000 -0.47196 -2.20233 0.04056 -0.03932 0.81378 0.04009 0.57845
1403637224938318848.000000000 -0.47241 -2.19821 0.03536 -0.03415 0.81246 0.04340 0.58040
1403637225038319104.000000000 -0.47393 -2.19395 0.02430 -0.03109 0.81210 0.04559 0.58091
1403637225138319104.000000000 -0.47650 -2.18908 0.00844 -0.02880 0.81113 0.04744 0.58223
1403637225238318848.000000000 -0.48018 -2.18232 -0.01368 -0.02854 0.81044 0.04842 0.58312
1403637225338319104.000000000 -0.48547 -2.17415 -0.03756 -0.02923 0.80987 0.04898 0.58382
1403637225438318848.000000000 -0.49359 -2.16551 -0.05568 -0.02964 0.80850 0.05002 0.58561
1403637225538319104.000000000 -0.50721 -2.15585 -0.06621 -0.02944 0.80827 0.05132 0.58583
1403637225638319104.000000000 -0.51805 -2.14181 -0.07087 -0.02922 0.81013 0.05249 0.58316
1403637225738318848.000000000 -0.53803 -2.12938 -0.06468 -0.02903 0.81369 0.05320 0.57813
1403637225838319104.000000000 -0.55693 -2.11431 -0.05048 -0.02918 0.81798 0.05320 0.57204
1403637225938318848.000000000 -0.56636 -2.09396 -0.02714 -0.02953 0.81811 0.05371 0.57179
1403637226038319104.000000000 -0.58434 -2.07550 0.00572 -0.03060 0.81334 0.05351 0.57851
1403637226138319104.000000000 -0.60166 -2.05478 0.03660 -0.03122 0.80982 0.05336 0.58341
1403637226238318848.000000000 -0.61557 -2.03082 0.05835 -0.03123 0.80821 0.05327 0.58564
1403637226338319104.000000000 -0.63789 -2.00759 0.07574 -0.02971 0.81098 0.05413 0.58180
1403637226438318848.000000000 -0.65764 -1.98026 0.08444 -0.02761 0.81800 0.05530 0.57188
1403637226538319104.000000000 -0.68048 -1.95393 0.09267 -0.02667 0.82341 0.05601 0.56404
1403637226638319104.000000000 -0.70011 -1.92351 0.09480 -0.02513 0.82631 0.05714 0.55975
1403637226738318848.000000000 -0.71730 -1.89166 0.09294 -0.02638 0.82755 0.05628 0.55795
1403637226838319104.000000000 -0.73085 -1.85794 0.08755 -0.02716 0.82754 0.05613 0.55793
1403637226938318848.000000000 -0.73997 -1.82196 0.07760 -0.03223 0.82725 0.05186 0.55851
1403637227038319104.000000000 -0.74435 -1.78470 0.06653 -0.04313 0.82560 0.04341 0.56092
1403637227138319104.000000000 -0.74411 -1.74818 0.05826 -0.05529 0.82338 0.03338 0.56381
1403637227238318848.000000000 -0.74068 -1.71599 0.05547 -0.05726 0.82226 0.03068 0.56539
1403637227338319104.000000000 -0.73932 -1.69026 0.06182 -0.04871 0.82205 0.03527 0.56623
1403637227438318848.000000000 -0.73306 -1.66873 0.07052 -0.04080 0.82272 0.03929 0.56562
1403637227538319104.000000000 -0.72481 -1.64939 0.07463 -0.03798 0.82329 0.03948 0.56498
1403637227638319104.000000000 -0.71566 -1.63215 0.07275 -0.04116 0.82405 0.03586 0.56388
1403637227738318848.000000000 -0.70684 -1.61753 0.06705 -0.04467 0.82484 0.03245 0.56266
1403637227838319104.000000000 -0.69388 -1.60506 0.05839 -0.04441 0.82468 0.03152 0.56297
1403637227938318848.000000000 -0.67775 -1.59541 0.04635 -0.03978 0.81875 0.03462 0.57173
1403637228038319104.000000000 -0.65995 -1.58788 0.03054 -0.03384 0.81268 0.03941 0.58039
1403637228138319104.000000000 -0.64455 -1.58112 0.01292 -0.03318 0.80909 0.04140 0.58528
1403637228238318848.000000000 -0.63855 -1.57603 0.00279 -0.03380 0.80689 0.04300 0.58816
1403637228338319104.000000000 -0.62923 -1.56890 -0.00732 -0.03421 0.80572 0.04402 0.58967
1403637228438318848.000000000 -0.62415 -1.56240 -0.01049 -0.03191 0.80529 0.04698 0.59016
1403637228538319104.000000000 -0.62653 -1.55618 -0.00204 -0.02911 0.80408 0.04997 0.59170
1403637228638319104.000000000 -0.63070 -1.54669 0.00964 -0.02638 0.80360 0.05259 0.59225
1403637228738318848.000000000 -0.64068 -1.53631 0.02353 -0.02758 0.80837 0.05145 0.58578
1403637228838319104.000000000 -0.65412 -1.52478 0.03375 -0.03264 0.81421 0.04765 0.57769
1403637228938318848.000000000 -0.66810 -1.51326 0.04001 -0.03471 0.81664 0.04544 0.57430
1403637229038319104.000000000 -0.68650 -1.50229 0.04723 -0.02963 0.81510 0.04832 0.57654
1403637229138319104.000000000 -0.70084 -1.48858 0.04602 -0.02655 0.81097 0.05027 0.58231
1403637229238318848.000000000 -0.71803 -1.47392 0.04068 -0.02378 0.80916 0.05177 0.58482
1403637229338319104.000000000 -0.73761 -1.45783 0.03046 -0.01994 0.80983 0.04892 0.58428
1403637229438318848.000000000 -0.76463 -1.44272 0.01861 -0.01992 0.81652 0.03378 0.57598
1403637229538319104.000000000 -0.78819 -1.42588 -0.00235 -0.02297 0.82484 0.00712 0.56485
1403637229638319104.000000000 -0.81417 -1.41469 -0.02169 -0.02095 0.83060 -0.02408 0.55595
1403637229738318848.000000000 -0.83548 -1.41061 -0.04248 -0.00917 0.83255 -0.05373 0.55127
1403637229838319104.000000000 -0.84962 -1.41547 -0.06274 0.02143 0.82753 -0.07263 0.55629
1403637229938318848.000000000 -0.85752 -1.42464 -0.08496 0.05413 0.81956 -0.09022 0.56325
1403637230038319104.000000000 -0.86187 -1.43533 -0.10907 0.08029 0.81301 -0.11146 0.56581
1403637230138319104.000000000 -0.86714 -1.44441 -0.13021 0.09386 0.81251 -0.13867 0.55838
1403637230238318848.000000000 -0.87064 -1.45126 -0.14732 0.10623 0.81215 -0.16011 0.55090
1403637230338319104.000000000 -0.86808 -1.45829 -0.15534 0.11787 0.81071 -0.17173 0.54714
1403637230438318848.000000000 -0.85850 -1.46526 -0.15433 0.12593 0.80443 -0.17858 0.55240
1403637230538319104.000000000 -0.84624 -1.47003 -0.14462 0.13330 0.79572 -0.18112 0.56236
1403637230638319104.000000000 -0.83468 -1.47320 -0.12598 0.14028 0.78621 -0.18865 0.57150
1403637230738318848.000000000 -0.82848 -1.47321 -0.10503 0.14549 0.78110 -0.20443 0.57177
1403637230838319104.000000000 -0.82790 -1.47195 -0.08239 0.14814 0.78231 -0.22845 0.56023
1403637230938318848.000000000 -0.82985 -1.47283 -0.06382 0.15508 0.78321 -0.25675 0.54462
1403637231038319104.000000000 -0.83633 -1.47789 -0.04946 0.16867 0.77976 -0.28575 0.53092
1403637231138319104.000000000 -0.84329 -1.48723 -0.04383 0.18626 0.77067 -0.31657 0.52073
1403637231238318848.000000000 -0.84872 -1.50266 -0.05444 0.20442 0.75633 -0.35077 0.51297
1403637231338319104.000000000 -0.85794 -1.52424 -0.07881 0.22495 0.73857 -0.38544 0.50531
1403637231438318848.000000000 -0.86541 -1.55091 -0.11789 0.24850 0.71679 -0.41952 0.49845
1403637231538319104.000000000 -0.87429 -1.57967 -0.17667 0.26638 0.69388 -0.45823 0.48744
1403637231638319104.000000000 -0.88878 -1.61532 -0.24439 0.28589 0.67222 -0.49384 0.47171
1403637231738318848.000000000 -0.90662 -1.65620 -0.31213 0.30888 0.64972 -0.52342 0.45661
1403637231838319104.000000000 -0.92785 -1.70433 -0.37257 0.32897 0.62759 -0.54921 0.44303
1403637231938318848.000000000 -0.95292 -1.75812 -0.42407 0.34252 0.60835 -0.57328 0.42888
1403637232038319104.000000000 -0.98021 -1.82198 -0.46303 -0.35842 -0.58543 0.59170 -0.42273
1403637232138319104.000000000 -1.01414 -1.89277 -0.48921 -0.37803 -0.55742 0.60566 -0.42373
1403637232238318848.000000000 -1.05633 -1.95993 -0.51070 -0.39432 -0.53416 0.61909 -0.41943
1403637232338319104.000000000 -1.10631 -2.02593 -0.52581 -0.41215 -0.51662 0.62959 -0.40847
1403637232438318848.000000000 -1.16360 -2.08915 -0.53436 -0.43041 -0.49975 0.63909 -0.39569
1403637232538319104.000000000 -1.22655 -2.14858 -0.53902 -0.43505 -0.47925 0.65751 -0.38565
1403637232638319104.000000000 -1.29533 -2.20260 -0.53940 -0.43190 -0.45869 0.68129 -0.37271
1403637232738318848.000000000 -1.37286 -2.25090 -0.53384 -0.42924 -0.43816 0.70360 -0.35877
1403637232838319104.000000000 -1.46144 -2.29637 -0.52255 -0.42661 -0.42247 0.72256 -0.34269
1403637232938318848.000000000 -1.56176 -2.34337 -0.50531 -0.42562 -0.41651 0.73526 -0.32367
1403637233038319104.000000000 -1.67345 -2.39521 -0.48173 -0.42683 -0.41596 0.74182 -0.30740
1403637233138319104.000000000 -1.79493 -2.45262 -0.45343 -0.42690 -0.41875 0.74563 -0.29401
1403637233238318848.000000000 -1.92485 -2.51747 -0.42875 -0.42273 -0.42310 0.74935 -0.28419
1403637233338319104.000000000 -2.06270 -2.59142 -0.40883 -0.41761 -0.42843 0.75181 -0.27719
1403637233438318848.000000000 -2.20907 -2.67706 -0.39762 -0.41272 -0.43489 0.75301 -0.27111
1403637233538319104.000000000 -2.36390 -2.77416 -0.39799 -0.42490 -0.44887 0.74218 -0.25912
1403637233638319104.000000000 -2.52247 -2.88417 -0.40812 -0.45841 -0.46678 0.71569 -0.24447
1403637233738318848.000000000 -2.67674 -3.00693 -0.42978 -0.49141 -0.47975 0.68827 -0.23376
1403637233838319104.000000000 -2.81756 -3.14372 -0.45849 0.51504 0.48723 -0.66795 0.22624
1403637233938318848.000000000 -2.93790 -3.28882 -0.49263 0.52725 0.49145 -0.65705 0.22082
1403637234038319104.000000000 -3.03619 -3.44369 -0.53121 0.53566 0.49553 -0.64916 0.21473
1403637234138319104.000000000 -3.11295 -3.60733 -0.57264 0.54717 0.49907 -0.63864 0.20898
1403637234238318848.000000000 -3.16495 -3.78035 -0.61829 0.55540 0.49950 -0.63204 0.20632
1403637234338319104.000000000 -3.19149 -3.96377 -0.66931 0.55786 0.49350 -0.63185 0.21450
1403637234438318848.000000000 -3.19056 -4.15578 -0.72447 0.55289 0.48471 -0.63631 0.23341
1403637234538319104.000000000 -3.16358 -4.35174 -0.78242 0.54667 0.47951 -0.63674 0.25649
1403637234638319104.000000000 -3.11479 -4.54727 -0.84499 0.53776 0.47748 -0.63538 0.28126
1403637234738318848.000000000 -3.04629 -4.73812 -0.91163 0.52728 0.47973 -0.63180 0.30442
1403637234838319104.000000000 -2.96231 -4.92259 -0.98204 0.51318 0.48357 -0.62831 0.32868
1403637234938318848.000000000 -2.86739 -5.09883 -1.04986 -0.49556 -0.48877 0.62493 -0.35353
1403637235038319104.000000000 -2.76540 -5.26419 -1.10971 -0.48433 -0.50024 0.61579 -0.36876
1403637235138319104.000000000 -2.65830 -5.41957 -1.16117 -0.47575 -0.51620 0.60302 -0.37890
1403637235238318848.000000000 -2.54597 -5.56416 -1.20361 -0.46742 -0.53115 0.59039 -0.38837
1403637235338319104.000000000 -2.42942 -5.69579 -1.23853 -0.45749 -0.54638 0.58354 -0.38942
1403637235438318848.000000000 -2.30889 -5.81832 -1.26876 -0.44019 -0.56020 0.58646 -0.38533
1403637235538319104.000000000 -2.18439 -5.93380 -1.29305 -0.42325 -0.57352 0.58782 -0.38261
1403637235638319104.000000000 -2.05641 -6.04612 -1.30836 0.41431 0.58538 -0.58208 0.38322
1403637235738318848.000000000 -1.92540 -6.15799 -1.31452 0.41311 0.59367 -0.56902 0.39130
1403637235838319104.000000000 -1.78934 -6.26722 -1.30968 0.42501 0.60352 -0.54419 0.39874
1403637235938318848.000000000 -1.64594 -6.37051 -1.29843 0.43587 0.61668 -0.51768 0.40215
1403637236038319104.000000000 -1.49078 -6.46813 -1.28322 0.43687 0.63131 -0.49671 0.40481
1403637236138319104.000000000 -1.32204 -6.55527 -1.26213 0.43235 0.64506 -0.47914 0.40914
1403637236238318848.000000000 -1.13894 -6.63358 -1.23388 0.42538 0.65826 -0.46269 0.41432
1403637236338319104.000000000 -0.94164 -6.69904 -1.19822 0.41414 0.66881 -0.44860 0.42420
1403637236438318848.000000000 -0.73064 -6.75413 -1.15603 0.39980 0.67701 -0.43730 0.43655
1403637236538319104.000000000 -0.50920 -6.80012 -1.10960 0.38647 0.68115 -0.42962 0.44955
1403637236638319104.000000000 -0.28009 -6.83973 -1.06566 0.38037 0.68152 -0.42270 0.46062
1403637236738318848.000000000 -0.04443 -6.86967 -1.02686 0.37792 0.68027 -0.41381 0.47240
1403637236838319104.000000000 0.19815 -6.88661 -0.98863 0.37314 0.67827 -0.40270 0.48841
1403637236938318848.000000000 0.44557 -6.88976 -0.94273 0.36672 0.67322 -0.38846 0.51126
1403637237038319104.000000000 0.69316 -6.87818 -0.89033 0.36440 0.66457 -0.37366 0.53473
1403637237138319104.000000000 0.93638 -6.84475 -0.83176 0.35904 0.65533 -0.36099 0.55795
1403637237238318848.000000000 1.17213 -6.78909 -0.76638 0.34520 0.65371 -0.35184 0.57421
1403637237338319104.000000000 1.39433 -6.70919 -0.69346 0.32986 0.66027 -0.34379 0.58056
1403637237438318848.000000000 1.60050 -6.60636 -0.61223 0.31601 0.66555 -0.33834 0.58541
1403637237538319104.000000000 1.78958 -6.48129 -0.52621 0.30579 0.66992 -0.33424 0.58820
1403637237638319104.000000000 1.96211 -6.33798 -0.43292 0.29512 0.67125 -0.33358 0.59249
1403637237738318848.000000000 2.11806 -6.17815 -0.33721 0.28335 0.67066 -0.33616 0.59743
1403637237838319104.000000000 2.25332 -6.00309 -0.24672 0.27215 0.67123 -0.34347 0.59784
1403637237938318848.000000000 2.36839 -5.81709 -0.16613 0.26381 0.67222 -0.35809 0.59185
1403637238038319104.000000000 2.46203 -5.62226 -0.09567 0.25749 0.67242 -0.37932 0.58109
1403637238138319104.000000000 2.53646 -5.42435 -0.03332 0.24859 0.66812 -0.40889 0.56977
1403637238238318848.000000000 2.59144 -5.22763 0.02524 0.24300 0.65735 -0.44190 0.55997
1403637238338319104.000000000 2.62764 -5.03485 0.07881 0.24068 0.64089 -0.47755 0.55072
1403637238438318848.000000000 2.64181 -4.84890 0.12734 0.24512 0.61879 -0.51229 0.54275
1403637238538319104.000000000 2.62959 -4.66947 0.17140 0.25502 0.59644 -0.54367 0.53258
1403637238638319104.000000000 2.58955 -4.49606 0.20894 0.25868 0.57895 -0.57428 0.51778
1403637238738318848.000000000 2.52506 -4.33408 0.24316 -0.25063 -0.57430 0.60306 -0.49364
1403637238838319104.000000000 2.43426 -4.18784 0.27502 -0.23682 -0.57581 0.62822 -0.46657
1403637238938318848.000000000 2.31658 -4.06270 0.30679 -0.22189 -0.58110 0.64823 -0.43919
1403637239038319104.000000000 2.17153 -3.96600 0.34145 -0.21801 -0.58877 0.65815 -0.41552
1403637239138319104.000000000 2.00068 -3.90688 0.38161 -0.23674 -0.59665 0.65393 -0.40041
1403637239238318848.000000000 1.81055 -3.87805 0.42648 -0.27078 -0.59676 0.64298 -0.39641
1403637239338319104.000000000 1.60679 -3.86926 0.46782 -0.29710 -0.58923 0.63891 -0.39539
1403637239438318848.000000000 1.39222 -3.87790 0.49975 -0.31355 -0.57522 0.64543 -0.39271
1403637239538319104.000000000 1.16891 -3.90044 0.51638 -0.33076 -0.55779 0.65543 -0.38714
1403637239638319104.000000000 0.93824 -3.93517 0.51374 -0.34915 -0.53864 0.66684 -0.37854
1403637239738318848.000000000 0.69988 -3.98009 0.49603 -0.37398 -0.51689 0.67480 -0.37096
1403637239838319104.000000000 0.45526 -4.03279 0.46441 -0.40920 -0.49391 0.67552 -0.36371
1403637239938318848.000000000 0.20852 -4.08836 0.42061 -0.44037 -0.47010 0.67773 -0.35463
1403637240038319104.000000000 -0.03879 -4.14291 0.37007 -0.46637 -0.44692 0.68290 -0.34119
1403637240138319104.000000000 -0.28367 -4.19382 0.31291 -0.48275 -0.42315 0.69387 -0.32626
1403637240238318848.000000000 -0.52451 -4.23954 0.25287 -0.49263 -0.40132 0.70762 -0.30907
1403637240338319104.000000000 -0.75990 -4.28428 0.18871 -0.49171 -0.38761 0.72467 -0.28781
1403637240438318848.000000000 -0.99194 -4.32730 0.12795 -0.48673 -0.38314 0.73931 -0.26403
1403637240538319104.000000000 -1.22274 -4.37533 0.07556 -0.48335 -0.38237 0.74819 -0.24573
1403637240638319104.000000000 -1.45045 -4.43013 0.03114 -0.48436 -0.38041 0.75092 -0.23834
1403637240738318848.000000000 -1.67652 -4.49129 -0.00381 -0.48792 -0.37970 0.74982 -0.23566
1403637240838319104.000000000 -1.90176 -4.56156 -0.02912 0.50090 0.38081 -0.74061 0.23575
1403637240938318848.000000000 -2.12238 -4.63794 -0.04766 0.51789 0.37979 -0.72748 0.24149
1403637241038319104.000000000 -2.33637 -4.71839 -0.06619 0.52287 0.38045 -0.72232 0.24519
1403637241138319104.000000000 -2.54217 -4.80127 -0.09381 0.51826 0.38264 -0.72353 0.24797
1403637241238318848.000000000 -2.74270 -4.88646 -0.12954 0.51756 0.38762 -0.72177 0.24684
1403637241338319104.000000000 -2.93689 -4.97405 -0.16850 0.51993 0.39399 -0.71772 0.24354
1403637241438318848.000000000 -3.12094 -5.06352 -0.20985 0.52425 0.40107 -0.71248 0.23807
1403637241538319104.000000000 -3.29277 -5.15615 -0.24601 0.53217 0.40709 -0.70472 0.23332
1403637241638319104.000000000 -3.45004 -5.25178 -0.28377 0.53856 0.41039 -0.69812 0.23274
1403637241738318848.000000000 -3.59206 -5.35185 -0.31177 0.54737 0.40999 -0.68996 0.23717
1403637241838319104.000000000 -3.71567 -5.45194 -0.33535 0.55509 0.40673 -0.68327 0.24411
1403637241938318848.000000000 -3.82027 -5.55254 -0.34814 0.55626 0.39554 -0.68192 0.26290
1403637242038319104.000000000 -3.91115 -5.64562 -0.35790 0.55850 0.38663 -0.67969 0.27680
1403637242138319104.000000000 -3.98766 -5.73203 -0.36025 0.55945 0.38766 -0.67988 0.27295
1403637242238318848.000000000 -4.04854 -5.81176 -0.35608 0.55997 0.39299 -0.68044 0.26266
1403637242338319104.000000000 -4.09296 -5.88700 -0.34929 0.56367 0.39768 -0.67847 0.25260
1403637242438318848.000000000 -4.12012 -5.95565 -0.34660 0.57174 0.40199 -0.67255 0.24329
