1403638522577829632.000000000 0.01350 0.00798 0.15481 -0.04175 0.83041 0.01108 0.55548
1403638522677829632.000000000 0.01942 0.00864 0.20073 -0.04638 0.82795 0.01477 0.55868
1403638522777829376.000000000 0.02673 0.01110 0.24866 -0.04969 0.82204 0.02238 0.56681
1403638522877829632.000000000 0.03273 0.01267 0.29793 -0.06253 0.81632 0.02101 0.57382
1403638522977829376.000000000 0.03623 0.00988 0.34462 -0.07099 0.81111 0.01629 0.58034
1403638523077829632.000000000 0.03779 0.00494 0.37806 -0.07201 0.80857 0.01487 0.58379
1403638523177829632.000000000 0.03753 -0.00074 0.39253 -0.07131 0.80756 0.01525 0.58526
1403638523277829376.000000000 0.03519 -0.00885 0.38318 -0.06199 0.80515 0.01515 0.58962
1403638523377829632.000000000 0.03448 -0.01450 0.35159 -0.05746 0.80409 0.01427 0.59155
1403638523477829376.000000000 0.03281 -0.02076 0.30939 -0.05278 0.80777 0.01681 0.58688
1403638523577829632.000000000 0.02784 -0.02792 0.25881 -0.04585 0.81699 0.02114 0.57444
1403638523677829632.000000000 0.02101 -0.03404 0.20900 -0.03890 0.82634 0.02404 0.56131
1403638523777829376.000000000 0.01484 -0.03896 0.16091 -0.03523 0.83089 0.02693 0.55467
1403638523877829632.000000000 0.00679 -0.04305 0.11738 -0.03190 0.83142 0.02985 0.55392
1403638523977829376.000000000 0.00140 -0.04793 0.08371 -0.02274 0.83144 0.03596 0.55399
1403638524077829632.000000000 -0.00271 -0.04943 0.07093 -0.01573 0.83451 0.04435 0.54899
1403638524177829632.000000000 -0.00369 -0.04797 0.08987 -0.01645 0.83903 0.04942 0.54158
1403638524277829376.000000000 -0.00214 -0.04770 0.13488 -0.02284 0.83999 0.05064 0.53975
1403638524377829632.000000000 0.00181 -0.04728 0.19023 -0.03240 0.83717 0.04921 0.54376
1403638524477829376.000000000 0.00850 -0.04626 0.25063 -0.03945 0.83055 0.04751 0.55351
1403638524577829632.000000000 0.01652 -0.04426 0.31034 -0.04265 0.82167 0.04622 0.56648
1403638524677829632.000000000 0.02527 -0.04123 0.36412 -0.03865 0.81519 0.04072 0.57647
1403638524777829376.000000000 0.03201 -0.03692 0.40431 -0.02595 0.81133 0.03564 0.58293
1403638524877829632.000000000 0.03709 -0.03256 0.43045 -0.02230 0.80983 0.03301 0.58531
1403638524977829376.000000000 0.03926 -0.02874 0.43970 -0.02857 0.80832 0.03516 0.58700
1403638525077829632.000000000 0.04090 -0.02839 0.42711 -0.02678 0.80569 0.03896 0.59045
1403638525177829632.000000000 0.04266 -0.02723 0.39321 -0.02467 0.80422 0.04368 0.59222
1403638525277829376.000000000 0.04215 -0.02820 0.34731 -0.02496 0.80683 0.04875 0.58824
1403638525377829632.000000000 0.04112 -0.02819 0.29320 -0.02774 0.81571 0.05387 0.57528
1403638525477829376.000000000 0.03857 -0.02739 0.23991 -0.03643 0.82792 0.05592 0.55686
1403638525577829632.000000000 0.03395 -0.02838 0.19336 -0.04279 0.83689 0.05547 0.54287
1403638525677829632.000000000 0.03216 -0.03045 0.15436 -0.04391 0.83978 0.05256 0.53860
1403638525777829376.000000000 0.02869 -0.03193 0.12325 -0.04123 0.83813 0.04675 0.54189
1403638525877829632.000000000 0.02674 -0.03391 0.10167 -0.03432 0.83453 0.04242 0.54825
1403638525977829376.000000000 0.02403 -0.04281 0.09172 -0.02625 0.83315 0.04144 0.55087
1403638526077829632.000000000 0.02049 -0.06243 0.09255 -0.02200 0.83475 0.03942 0.54878
1403638526177829632.000000000 0.01735 -0.09206 0.10044 -0.02017 0.83718 0.03035 0.54571
1403638526277829376.000000000 0.01286 -0.12850 0.11390 -0.01690 0.83625 0.02149 0.54766
1403638526377829632.000000000 0.00644 -0.16975 0.12840 -0.01481 0.83214 0.01301 0.55421
1403638526477829376.000000000 -0.00211 -0.21567 0.14089 -0.01369 0.82705 0.00207 0.56196
1403638526577829632.000000000 -0.01190 -0.26806 0.15002 -0.01242 0.82170 -0.00894 0.56972
1403638526677829632.000000000 -0.02329 -0.32818 0.15706 -0.00808 0.81660 -0.01729 0.57689
1403638526777829376.000000000 -0.03714 -0.39337 0.16253 0.00018 0.81355 -0.02265 0.58106
1403638526877829632.000000000 -0.05245 -0.45896 0.16602 0.00804 0.81281 -0.02578 0.58190
1403638526977829376.000000000 -0.06854 -0.52108 0.16871 0.01236 0.81587 -0.03215 0.57720
1403638527077829632.000000000 -0.08253 -0.57894 0.17188 0.02011 0.82038 -0.04528 0.56967
1403638527177829632.000000000 -0.09354 -0.63088 0.17695 0.02794 0.82216 -0.06044 0.56535
1403638527277829376.000000000 -0.09947 -0.67246 0.18311 0.03945 0.81925 -0.07418 0.56725
1403638527377829632.000000000 -0.10023 -0.69687 0.18862 0.05490 0.81414 -0.08292 0.57209
1403638527477829376.000000000 -0.09654 -0.69986 0.19155 0.06529 0.81050 -0.08734 0.57550
1403638527577829632.000000000 -0.08730 -0.67955 0.19248 0.06849 0.80979 -0.08861 0.57593
1403638527677829632.000000000 -0.07337 -0.64059 0.19079 0.06696 0.81029 -0.08511 0.57594
1403638527777829376.000000000 -0.05708 -0.59254 0.18982 0.06156 0.81169 -0.07788 0.57559
1403638527877829632.000000000 -0.04021 -0.53693 0.19157 0.04770 0.81487 -0.07303 0.57305
1403638527977829376.000000000 -0.02096 -0.47674 0.19454 0.03770 0.81578 -0.06822 0.57308
1403638528077829632.000000000 -0.00199 -0.41740 0.19572 0.03104 0.81458 -0.06082 0.57603
1403638528177829632.000000000 0.01761 -0.36109 0.19269 0.02135 0.81502 -0.05193 0.57671
1403638528277829376.000000000 0.04127 -0.31109 0.18833 0.00943 0.81641 -0.04167 0.57588
1403638528377829632.000000000 0.07133 -0.27280 0.18224 0.00223 0.81604 -0.03354 0.57701
1403638528477829376.000000000 0.10618 -0.24609 0.17751 0.00417 0.81525 -0.03045 0.57830
1403638528577829632.000000000 0.14074 -0.22485 0.17313 0.00563 0.81715 -0.03490 0.57533
1403638528677829632.000000000 0.17670 -0.21090 0.17286 0.00437 0.81850 -0.04243 0.57292
1403638528777829376.000000000 0.20672 -0.20167 0.17561 0.00932 0.81769 -0.04750 0.57362
1403638528877829632.000000000 0.22169 -0.19667 0.18219 0.00586 0.81662 -0.05516 0.57450
1403638528977829376.000000000 0.22427 -0.18415 0.19356 -0.00087 0.81651 -0.06192 0.57400
1403638529077829632.000000000 0.20596 -0.17526 0.21008 0.00064 0.81737 -0.06336 0.57262
1403638529177829632.000000000 0.17841 -0.15787 0.22000 0.01756 0.81839 -0.05642 0.57162
1403638529277829376.000000000 0.14458 -0.13635 0.21988 0.02920 0.82039 -0.05037 0.56883
1403638529377829632.000000000 0.11040 -0.10812 0.20896 0.03347 0.82568 -0.04614 0.56126
1403638529477829376.000000000 0.07974 -0.09059 0.18851 0.03213 0.83582 -0.04361 0.54633
1403638529577829632.000000000 0.05309 -0.07727 0.16198 0.02994 0.84599 -0.04082 0.53079
1403638529677829632.000000000 0.03269 -0.07395 0.13670 0.03101 0.84990 -0.03768 0.52468
1403638529777829376.000000000 0.01800 -0.07055 0.11372 0.03010 0.84632 -0.03675 0.53056
1403638529877829632.000000000 0.01046 -0.06247 0.09379 0.02882 0.83991 -0.03781 0.54064
1403638529977829376.000000000 0.01074 -0.05757 0.07789 0.02842 0.83730 -0.03797 0.54468
1403638530077829632.000000000 0.01863 -0.05564 0.06635 0.02909 0.83869 -0.03851 0.54246
1403638530177829632.000000000 0.03115 -0.05616 0.05636 0.03012 0.84038 -0.04296 0.53946
1403638530277829376.000000000 0.04624 -0.05811 0.04633 0.03230 0.83994 -0.04900 0.53950
1403638530377829632.000000000 0.05953 -0.06159 0.03612 0.03491 0.83928 -0.05426 0.53985
1403638530477829376.000000000 0.07166 -0.06551 0.02844 0.03530 0.83898 -0.05821 0.53988
1403638530577829632.000000000 0.07923 -0.06989 0.02284 0.03467 0.83893 -0.06160 0.53963
1403638530677829632.000000000 0.08360 -0.07326 0.01759 0.03591 0.84187 -0.06386 0.53469
1403638530777829376.000000000 0.08677 -0.07546 0.01176 0.03604 0.84526 -0.06545 0.52910
1403638530877829632.000000000 0.08901 -0.07677 0.00706 0.03414 0.84588 -0.06483 0.52832
1403638530977829376.000000000 0.09033 -0.07712 0.00414 0.03288 0.84365 -0.06480 0.53196
1403638531077829632.000000000 0.09050 -0.07675 0.00234 0.03367 0.84024 -0.06348 0.53744
1403638531177829632.000000000 0.09052 -0.07505 0.00316 0.03438 0.83810 -0.06138 0.54096
1403638531277829376.000000000 0.09086 -0.07402 0.00179 0.03722 0.83693 -0.06008 0.54273
1403638531377829632.000000000 0.09066 -0.07321 0.00157 0.03724 0.83572 -0.06033 0.54456
1403638531477829376.000000000 0.09046 -0.07362 0.00178 0.03751 0.83469 -0.06079 0.54606
1403638531577829632.000000000 0.09029 -0.07371 0.00164 0.03820 0.83504 -0.05975 0.54559
1403638531677829632.000000000 0.09026 -0.07349 0.00150 0.03755 0.83515 -0.06041 0.54540
1403638531777829376.000000000 0.09035 -0.07359 0.00148 0.03801 0.83510 -0.06054 0.54544
1403638531877829632.000000000 0.09030 -0.07363 0.00145 0.03827 0.83517 -0.06051 0.54532
1403638531977829376.000000000 0.09033 -0.07371 0.00142 0.03861 0.83516 -0.06060 0.54529
1403638532077829632.000000000 0.09032 -0.07375 0.00137 0.03887 0.83517 -0.06056 0.54527
1403638532177829632.000000000 0.09034 -0.07375 0.00134 0.03892 0.83516 -0.06071 0.54527
1403638532277829376.000000000 0.09035 -0.07374 0.00133 0.03890 0.83514 -0.06096 0.54526
1403638532377829632.000000000 0.09033 -0.07374 0.00130 0.03893 0.83512 -0.06106 0.54527
1403638532477829376.000000000 0.09035 -0.07377 0.00130 0.03897 0.83510 -0.06122 0.54530
1403638532577829632.000000000 0.09033 -0.07378 0.00126 0.03909 0.83511 -0.06133 0.54525
1403638532677829632.000000000 0.09036 -0.07384 0.00126 0.03926 0.83508 -0.06139 0.54528
1403638532777829376.000000000 0.09033 -0.07387 0.00126 0.03945 0.83510 -0.06135 0.54524
1403638532877829632.000000000 0.09033 -0.07388 0.00126 0.03961 0.83509 -0.06143 0.54524
1403638532977829376.000000000 0.09034 -0.07391 0.00126 0.03970 0.83506 -0.06149 0.54527
1403638533077829632.000000000 0.09031 -0.07392 0.00125 0.03978 0.83506 -0.06156 0.54526
1403638533177829632.000000000 0.09033 -0.07394 0.00124 0.03984 0.83501 -0.06166 0.54531
1403638533277829376.000000000 0.09032 -0.07396 0.00123 0.03989 0.83499 -0.06173 0.54534
1403638533377829632.000000000 0.09032 -0.07397 0.00122 0.04001 0.83497 -0.06174 0.54535
1403638533477829376.000000000 0.09033 -0.07400 0.00122 0.04004 0.83496 -0.06179 0.54537
1403638533577829632.000000000 0.09031 -0.07400 0.00121 0.04008 0.83495 -0.06185 0.54537
1403638533677829632.000000000 0.09032 -0.07401 0.00123 0.04008 0.83493 -0.06192 0.54540
1403638533777829376.000000000 0.09030 -0.07401 0.00121 0.04015 0.83491 -0.06199 0.54541
1403638533877829632.000000000 0.09034 -0.07397 0.00118 0.03998 0.83495 -0.06176 0.54539
1403638533977829376.000000000 0.09036 -0.07403 0.00118 0.04016 0.83494 -0.06203 0.54536
1403638534077829632.000000000 0.09029 -0.07408 0.00117 0.04062 0.83486 -0.06244 0.54540
1403638534177829632.000000000 0.09030 -0.07407 0.00120 0.04030 0.83489 -0.06228 0.54539
1403638534277829376.000000000 0.09032 -0.07402 0.00119 0.04007 0.83498 -0.06219 0.54528
1403638534377829632.000000000 0.09034 -0.07403 0.00119 0.04014 0.83498 -0.06226 0.54527
1403638534477829376.000000000 0.09032 -0.07410 0.00119 0.04033 0.83500 -0.06255 0.54520
1403638534577829632.000000000 0.09034 -0.07405 0.00121 0.04021 0.83510 -0.06226 0.54508
1403638534677829632.000000000 0.09036 -0.07400 0.00124 0.04003 0.83510 -0.06208 0.54512
1403638534777829376.000000000 0.09035 -0.07405 0.00124 0.04015 0.83511 -0.06201 0.54511
1403638534877829632.000000000 0.09033 -0.07410 0.00124 0.04046 0.83505 -0.06218 0.54515
1403638534977829376.000000000 0.09031 -0.07416 0.00125 0.04054 0.83509 -0.06225 0.54508
1403638535077829632.000000000 0.09031 -0.07416 0.00125 0.04043 0.83515 -0.06225 0.54499
1403638535177829632.000000000 0.09032 -0.07416 0.00124 0.04035 0.83512 -0.06230 0.54504
1403638535277829376.000000000 0.09032 -0.07416 0.00123 0.04028 0.83513 -0.06229 0.54503
1403638535377829632.000000000 0.09030 -0.07414 0.00126 0.04034 0.83513 -0.06227 0.54503
1403638535477829376.000000000 0.09030 -0.07415 0.00127 0.04043 0.83513 -0.06229 0.54501
1403638535577829632.000000000 0.09032 -0.07414 0.00127 0.04040 0.83515 -0.06224 0.54500
1403638535677829632.000000000 0.09032 -0.07414 0.00127 0.04035 0.83513 -0.06229 0.54502
1403638535777829376.000000000 0.09031 -0.07415 0.00126 0.04039 0.83512 -0.06229 0.54504
1403638535877829632.000000000 0.09032 -0.07415 0.00126 0.04030 0.83513 -0.06224 0.54503
1403638535977829376.000000000 0.09030 -0.07414 0.00126 0.04027 0.83518 -0.06224 0.54496
1403638536077829632.000000000 0.09031 -0.07415 0.00126 0.04025 0.83513 -0.06230 0.54503
1403638536177829632.000000000 0.09031 -0.07416 0.00126 0.04023 0.83512 -0.06232 0.54504
1403638536277829376.000000000 0.09031 -0.07416 0.00126 0.04026 0.83513 -0.06228 0.54503
1403638536377829632.000000000 0.09031 -0.07416 0.00127 0.04027 0.83508 -0.06229 0.54510
1403638536477829376.000000000 0.09031 -0.07415 0.00127 0.04026 0.83508 -0.06226 0.54511
1403638536577829632.000000000 0.09031 -0.07415 0.00126 0.04017 0.83509 -0.06226 0.54511
1403638536677829632.000000000 0.09031 -0.07416 0.00126 0.04016 0.83508 -0.06224 0.54511
1403638536777829376.000000000 0.09030 -0.07415 0.00125 0.04020 0.83505 -0.06228 0.54516
1403638536877829632.000000000 0.09030 -0.07415 0.00124 0.04011 0.83499 -0.06237 0.54524
1403638536977829376.000000000 0.09030 -0.07415 0.00125 0.04004 0.83502 -0.06241 0.54520
1403638537077829632.000000000 0.09033 -0.07413 0.00127 0.04006 0.83503 -0.06232 0.54519
1403638537177829632.000000000 0.09032 -0.07412 0.00128 0.04021 0.83498 -0.06229 0.54526
1403638537277829376.000000000 0.09032 -0.07412 0.00131 0.04033 0.83500 -0.06223 0.54522
1403638537377829632.000000000 0.09032 -0.07413 0.00130 0.04032 0.83499 -0.06221 0.54525
1403638537477829376.000000000 0.09032 -0.07413 0.00130 0.04027 0.83497 -0.06220 0.54528
1403638537577829632.000000000 0.09032 -0.07411 0.00135 0.04032 0.83501 -0.06209 0.54523
1403638537677829632.000000000 0.09032 -0.07412 0.00140 0.04038 0.83504 -0.06210 0.54518
1403638537777829376.000000000 0.09033 -0.07411 0.00139 0.04034 0.83501 -0.06213 0.54523
1403638537877829632.000000000 0.09035 -0.07411 0.00141 0.04044 0.83500 -0.06203 0.54524
1403638537977829376.000000000 0.09034 -0.07411 0.00144 0.04049 0.83497 -0.06215 0.54527
1403638538077829632.000000000 0.09033 -0.07410 0.00147 0.04046 0.83496 -0.06215 0.54529
1403638538177829632.000000000 0.09034 -0.07412 0.00148 0.04050 0.83493 -0.06213 0.54533
1403638538277829376.000000000 0.09043 -0.07408 0.00147 0.04051 0.83490 -0.06203 0.54539
1403638538377829632.000000000 0.09037 -0.07411 0.00152 0.04068 0.83486 -0.06201 0.54544
1403638538477829376.000000000 0.09035 -0.07411 0.00159 0.04066 0.83488 -0.06198 0.54542
1403638538577829632.000000000 0.09038 -0.07411 0.00165 0.04089 0.83486 -0.06199 0.54543
1403638538677829632.000000000 0.09038 -0.07410 0.00172 0.04072 0.83468 -0.06208 0.54571
1403638538777829376.000000000 0.09049 -0.07413 0.00208 0.04056 0.83391 -0.06190 0.54692
1403638538877829632.000000000 0.09197 -0.07369 0.00256 0.03984 0.83291 -0.06139 0.54855
1403638538977829376.000000000 0.09557 -0.07356 0.00529 0.04066 0.82820 -0.06060 0.55565
1403638539077829632.000000000 0.10011 -0.07361 0.00911 0.04228 0.82256 -0.06209 0.56369
1403638539177829632.000000000 0.10792 -0.07361 0.01732 0.04159 0.81727 -0.06251 0.57134
1403638539277829376.000000000 0.11647 -0.07338 0.03343 0.04147 0.81358 -0.06179 0.57667
1403638539377829632.000000000 0.12457 -0.07304 0.05751 0.04107 0.81453 -0.06129 0.57541
1403638539477829376.000000000 0.13312 -0.07310 0.08806 0.04073 0.81659 -0.06032 0.57261
1403638539577829632.000000000 0.14113 -0.07296 0.12203 0.04046 0.81754 -0.05899 0.57142
1403638539677829632.000000000 0.14933 -0.07341 0.15088 0.03888 0.81813 -0.05863 0.57071
1403638539777829376.000000000 0.15859 -0.07353 0.16798 0.03930 0.81941 -0.05685 0.56903
1403638539877829632.000000000 0.16930 -0.07337 0.17802 0.03844 0.82198 -0.05631 0.56542
1403638539977829376.000000000 0.18262 -0.07323 0.18685 0.03678 0.82655 -0.05613 0.55885
1403638540077829632.000000000 0.20169 -0.07502 0.19431 0.03666 0.83248 -0.05616 0.54998
1403638540177829632.000000000 0.22520 -0.07531 0.20226 0.03647 0.83645 -0.05598 0.54396
1403638540277829376.000000000 0.26021 -0.07836 0.20926 0.03710 0.83230 -0.05470 0.55037
1403638540377829632.000000000 0.29714 -0.07937 0.22019 0.03795 0.82622 -0.05268 0.55959
1403638540477829376.000000000 0.33788 -0.07976 0.22887 0.03487 0.82396 -0.04671 0.56364
1403638540577829632.000000000 0.38361 -0.07925 0.23428 0.02771 0.82430 -0.03531 0.56437
1403638540677829632.000000000 0.43419 -0.07752 0.23915 0.01945 0.82461 -0.01816 0.56508
1403638540777829376.000000000 0.48684 -0.07442 0.24325 0.01161 0.82394 0.00578 0.56653
1403638540877829632.000000000 0.54006 -0.06734 0.24719 0.00138 0.82344 0.03373 0.56639
1403638540977829376.000000000 0.59388 -0.05518 0.24971 -0.01229 0.82205 0.05998 0.56611
1403638541077829632.000000000 0.64783 -0.03919 0.25016 -0.02602 0.81997 0.07945 0.56627
1403638541177829632.000000000 0.70290 -0.01910 0.24636 -0.03582 0.81830 0.09275 0.56613
1403638541277829376.000000000 0.75687 0.00477 0.24106 -0.04102 0.81755 0.10153 0.56536
1403638541377829632.000000000 0.81200 0.03384 0.24209 -0.04408 0.81739 0.10511 0.56470
1403638541477829376.000000000 0.86677 0.06746 0.24731 -0.04533 0.81719 0.10531 0.56484
1403638541577829632.000000000 0.92059 0.10627 0.25935 -0.04469 0.81577 0.10593 0.56683
1403638541677829632.000000000 0.97731 0.15201 0.27879 -0.04899 0.81408 0.10895 0.56833
1403638541777829376.000000000 1.03313 0.20289 0.30475 -0.05897 0.81280 0.11458 0.56811
1403638541877829632.000000000 1.08616 0.25771 0.33672 -0.07102 0.81144 0.12351 0.56681
1403638541977829376.000000000 1.13596 0.31459 0.36628 -0.08290 0.81041 0.13783 0.56335
1403638542077829632.000000000 1.18361 0.37345 0.38911 -0.09693 0.80834 0.15487 0.55965
1403638542177829632.000000000 1.22874 0.43280 0.40618 -0.11239 0.80453 0.17482 0.55637
1403638542277829376.000000000 1.27553 0.49455 0.41658 -0.12713 0.80062 0.19802 0.55103
1403638542377829632.000000000 1.32087 0.55719 0.42525 -0.14074 0.79292 0.21974 0.55063
1403638542477829376.000000000 1.36493 0.61900 0.43176 -0.14714 0.77927 0.24018 0.55982
1403638542577829632.000000000 1.40686 0.68304 0.43573 -0.14354 0.76708 0.25881 0.56921
1403638542677829632.000000000 1.44305 0.75168 0.44078 -0.14428 0.76350 0.26822 0.56947
1403638542777829376.000000000 1.47073 0.82364 0.45456 -0.15379 0.76737 0.26738 0.56214
1403638542877829632.000000000 1.49404 0.90195 0.47397 -0.16083 0.77256 0.26439 0.55441
1403638542977829376.000000000 1.51142 0.98004 0.50062 -0.16521 0.77706 0.26132 0.54827
1403638543077829632.000000000 1.52666 1.05906 0.52952 -0.16820 0.78053 0.25831 0.54384
1403638543177829632.000000000 1.54209 1.13785 0.55302 -0.16843 0.78177 0.25587 0.54314
1403638543277829376.000000000 1.55867 1.22174 0.57240 -0.16881 0.78204 0.25354 0.54372
1403638543377829632.000000000 1.57255 1.29809 0.58436 -0.16817 0.78325 0.25253 0.54264
1403638543477829376.000000000 1.58966 1.38073 0.59244 -0.17031 0.78232 0.25690 0.54127
1403638543577829632.000000000 1.60725 1.46442 0.59877 -0.17528 0.77947 0.26784 0.53849
1403638543677829632.000000000 1.62341 1.55246 0.60164 -0.18197 0.77394 0.28528 0.53528
1403638543777829376.000000000 1.63777 1.64236 0.60698 -0.19195 0.76603 0.30639 0.53148
1403638543877829632.000000000 1.65026 1.72854 0.61914 -0.20358 0.75606 0.32883 0.52802
1403638543977829376.000000000 1.66516 1.82404 0.63902 -0.21748 0.74771 0.34704 0.52268
1403638544077829632.000000000 1.67781 1.91598 0.66254 -0.23241 0.74378 0.35831 0.51419
1403638544177829632.000000000 1.69176 2.01044 0.68587 -0.24290 0.74066 0.36486 0.50922
1403638544277829376.000000000 1.70852 2.10618 0.70247 -0.24969 0.73818 0.36821 0.50711
1403638544377829632.000000000 1.72540 2.20017 0.71288 -0.25136 0.73754 0.37080 0.50533
1403638544477829376.000000000 1.74343 2.29462 0.72048 -0.25061 0.73808 0.37193 0.50408
1403638544577829632.000000000 1.76244 2.38786 0.72596 -0.25259 0.73542 0.37118 0.50752
1403638544677829632.000000000 1.78149 2.48369 0.73992 -0.25777 0.72892 0.37059 0.51468
1403638544777829376.000000000 1.80002 2.57706 0.75523 -0.25920 0.72809 0.37163 0.51439
1403638544877829632.000000000 1.81719 2.67086 0.77101 -0.25739 0.73134 0.37396 0.50897
1403638544977829376.000000000 1.83551 2.76205 0.77933 -0.25769 0.73216 0.37474 0.50706
1403638545077829632.000000000 1.85372 2.85315 0.78230 -0.25933 0.73089 0.37476 0.50804
1403638545177829632.000000000 1.86988 2.94511 0.78163 -0.25922 0.73048 0.37588 0.50785
1403638545277829376.000000000 1.88888 3.03518 0.77200 -0.25853 0.72989 0.37753 0.50784
1403638545377829632.000000000 1.90731 3.12760 0.75974 -0.26037 0.72721 0.37667 0.51136
1403638545477829376.000000000 1.91963 3.21010 0.74537 -0.26282 0.72699 0.37772 0.50964
1403638545577829632.000000000 1.93581 3.30014 0.73185 -0.26711 0.72476 0.38444 0.50555
1403638545677829632.000000000 1.94836 3.38329 0.72635 -0.27610 0.71916 0.39601 0.49976
1403638545777829376.000000000 1.96095 3.46660 0.72784 -0.28516 0.71134 0.41262 0.49237
1403638545877829632.000000000 1.97396 3.54974 0.73581 -0.29626 0.70066 0.43220 0.48426
1403638545977829376.000000000 1.98795 3.63504 0.75080 -0.30617 0.68821 0.45419 0.47576
1403638546077829632.000000000 2.00375 3.72389 0.76937 -0.31265 0.67629 0.47310 0.47017
1403638546177829632.000000000 2.01867 3.81490 0.78256 -0.32034 0.66760 0.48539 0.46486
1403638546277829376.000000000 2.03515 3.91285 0.78793 -0.32535 0.66292 0.49293 0.46011
1403638546377829632.000000000 2.05007 4.00314 0.78799 -0.33158 0.66147 0.49502 0.45548
1403638546477829376.000000000 2.06432 4.10057 0.78276 -0.33430 0.66116 0.49624 0.45262
1403638546577829632.000000000 2.07800 4.19736 0.77715 -0.33528 0.65917 0.49940 0.45131
1403638546677829632.000000000 2.09019 4.29566 0.77766 -0.33887 0.65437 0.50529 0.44905
1403638546777829376.000000000 2.10204 4.39772 0.78855 -0.34127 0.64988 0.51094 0.44735
1403638546877829632.000000000 2.11262 4.50054 0.80766 -0.34211 0.64621 0.51592 0.44632
1403638546977829376.000000000 2.12272 4.60792 0.82506 -0.34076 0.64298 0.52033 0.44690
1403638547077829632.000000000 2.13031 4.71685 0.83477 -0.33891 0.64045 0.52367 0.44803
1403638547177829632.000000000 2.13554 4.82651 0.84019 -0.33585 0.63847 0.52688 0.44940
1403638547277829376.000000000 2.13539 4.93896 0.83867 -0.33409 0.63702 0.52842 0.45096
1403638547377829632.000000000 2.13187 5.05093 0.83552 -0.33709 0.63855 0.52612 0.44924
1403638547477829376.000000000 2.12464 5.16226 0.82850 -0.34176 0.64166 0.52239 0.44562
1403638547577829632.000000000 2.11175 5.26707 0.81479 -0.34517 0.64494 0.51908 0.44213
1403638547677829632.000000000 2.10121 5.38036 0.79869 -0.34564 0.64623 0.51740 0.44183
1403638547777829376.000000000 2.08713 5.48443 0.77587 -0.34387 0.64545 0.51808 0.44355
1403638547877829632.000000000 2.07355 5.59838 0.75148 -0.34022 0.64264 0.52015 0.44800
1403638547977829376.000000000 2.05685 5.71271 0.72842 -0.34043 0.64248 0.52052 0.44764
1403638548077829632.000000000 2.03646 5.82367 0.71131 -0.34313 0.64209 0.52280 0.44347
1403638548177829632.000000000 2.01340 5.94912 0.70482 -0.34767 0.63826 0.52829 0.43893
1403638548277829376.000000000 1.98840 6.07104 0.70599 -0.35439 0.63186 0.53686 0.43237
1403638548377829632.000000000 1.96263 6.19775 0.71570 -0.36207 0.62244 0.54839 0.42513
1403638548477829376.000000000 1.93608 6.32623 0.73236 -0.37019 0.61287 0.55910 0.41804
1403638548577829632.000000000 1.90998 6.45153 0.74737 -0.37672 0.60493 0.56708 0.41299
1403638548677829632.000000000 1.88466 6.57516 0.75865 -0.38160 0.59940 0.57261 0.40893
1403638548777829376.000000000 1.85994 6.69891 0.76881 -0.38442 0.59547 0.57667 0.40631
1403638548877829632.000000000 1.83467 6.82501 0.78445 -0.38581 0.59327 0.57939 0.40432
1403638548977829376.000000000 1.80927 6.95226 0.80625 -0.38729 0.59217 0.58039 0.40310
1403638549077829632.000000000 1.78198 7.08293 0.83125 -0.38782 0.59189 0.58084 0.40234
1403638549177829632.000000000 1.75556 7.21026 0.86338 -0.38906 0.59179 0.57993 0.40261
1403638549277829376.000000000 1.72798 7.34240 0.89998 -0.38976 0.59266 0.57897 0.40203
1403638549377829632.000000000 1.70181 7.47456 0.94176 -0.39205 0.59415 0.57664 0.40096
1403638549477829376.000000000 1.67479 7.60844 0.97999 -0.39389 0.59559 0.57452 0.40005
1403638549577829632.000000000 1.64989 7.74072 1.01420 -0.39531 0.59564 0.57284 0.40100
1403638549677829632.000000000 1.62573 7.87470 1.04253 -0.39667 0.59510 0.57135 0.40257
1403638549777829376.000000000 1.60273 8.00896 1.07144 -0.39511 0.59529 0.57189 0.40307
1403638549877829632.000000000 1.58085 8.14298 1.10616 -0.39414 0.59679 0.57207 0.40154
1403638549977829376.000000000 1.56102 8.28423 1.14939 -0.39382 0.59769 0.57215 0.40038
1403638550077829632.000000000 1.54107 8.42803 1.19949 -0.39411 0.59804 0.57191 0.39994
1403638550177829632.000000000 1.52387 8.57326 1.25796 -0.39487 0.59854 0.57180 0.39859
1403638550277829376.000000000 1.50613 8.72197 1.32370 -0.39435 0.59810 0.57267 0.39851
1403638550377829632.000000000 1.49036 8.87222 1.39214 -0.39443 0.59711 0.57308 0.39933
1403638550477829376.000000000 1.47596 9.02005 1.45407 -0.39712 0.59769 0.57155 0.39798
1403638550577829632.000000000 1.46369 9.17515 1.50671 -0.40103 0.59833 0.56921 0.39646
1403638550677829632.000000000 1.45499 9.32169 1.55402 -0.40598 0.59665 0.56587 0.39871
1403638550777829376.000000000 1.45087 9.46180 1.59663 -0.40898 0.59585 0.56371 0.39991
1403638550877829632.000000000 1.44995 9.60515 1.63617 -0.41492 0.59202 0.55955 0.40529
1403638550977829376.000000000 1.45108 9.74540 1.67188 -0.42056 0.58780 0.55512 0.41166
1403638551077829632.000000000 1.45525 9.87501 1.70232 -0.42424 0.58529 0.55226 0.41530
1403638551177829632.000000000 1.46185 10.00147 1.73451 -0.42861 0.58574 0.54948 0.41385
1403638551277829376.000000000 1.47272 10.11990 1.77137 -0.42925 0.58750 0.54835 0.41218
1403638551377829632.000000000 1.49065 10.23068 1.81418 -0.42457 0.59518 0.54533 0.41001
1403638551477829376.000000000 1.51453 10.33412 1.84988 -0.41717 0.60774 0.53601 0.41148
1403638551577829632.000000000 1.54640 10.43338 1.88227 -0.41103 0.62281 0.51970 0.41602
1403638551677829632.000000000 1.58495 10.53516 1.90811 -0.40420 0.63980 0.50124 0.41958
1403638551777829376.000000000 1.63229 10.63300 1.92955 -0.39499 0.65393 0.48274 0.42815
1403638551877829632.000000000 1.68780 10.72556 1.94658 -0.38485 0.66450 0.46716 0.43828
1403638551977829376.000000000 1.75071 10.80647 1.96764 -0.37295 0.66785 0.45949 0.45140
1403638552077829632.000000000 1.81931 10.88532 1.99479 -0.36330 0.66938 0.45445 0.46198
1403638552177829632.000000000 1.89073 10.95205 2.02771 -0.35742 0.67425 0.45136 0.46251
1403638552277829376.000000000 1.96542 11.01383 2.06641 -0.35327 0.67820 0.45039 0.46086
1403638552377829632.000000000 2.04275 11.06888 2.10462 -0.35526 0.67921 0.44760 0.46056
1403638552477829376.000000000 2.12445 11.12064 2.13668 -0.36248 0.67555 0.44211 0.46560
1403638552577829632.000000000 2.20855 11.15837 2.16442 -0.36804 0.67178 0.43871 0.46988
1403638552677829632.000000000 2.29602 11.19056 2.18644 -0.36863 0.66947 0.43998 0.47154
1403638552777829376.000000000 2.38693 11.21378 2.20178 -0.36800 0.66881 0.44225 0.47082
1403638552877829632.000000000 2.48242 11.23437 2.21168 -0.36585 0.66746 0.44623 0.47067
1403638552977829376.000000000 2.58004 11.24500 2.21857 -0.36146 0.66513 0.45230 0.47156
1403638553077829632.000000000 2.67971 11.25285 2.21967 -0.35779 0.66288 0.45774 0.47227
1403638553177829632.000000000 2.77881 11.25365 2.21938 -0.36320 0.65904 0.45647 0.47474
1403638553277829376.000000000 2.87793 11.24735 2.21862 -0.37050 0.65326 0.45330 0.48010
1403638553377829632.000000000 2.97724 11.23255 2.22262 -0.37212 0.64805 0.45419 0.48504
1403638553477829376.000000000 3.07679 11.20667 2.23348 -0.36864 0.64259 0.45782 0.49152
1403638553577829632.000000000 3.17194 11.16914 2.24901 -0.36558 0.63828 0.46081 0.49659
1403638553677829632.000000000 3.26642 11.12095 2.26942 -0.36345 0.63731 0.46319 0.49719
1403638553777829376.000000000 3.35585 11.06134 2.29759 -0.36161 0.63779 0.46511 0.49612
1403638553877829632.000000000 3.43720 10.99133 2.33023 -0.35938 0.63961 0.46663 0.49397
1403638553977829376.000000000 3.52233 10.92163 2.36854 -0.35873 0.64267 0.46714 0.48996
1403638554077829632.000000000 3.59465 10.83715 2.39671 -0.35721 0.64597 0.46805 0.48585
1403638554177829632.000000000 3.67822 10.76048 2.42632 -0.35242 0.64891 0.47185 0.48174
1403638554277829376.000000000 3.74740 10.66840 2.44227 -0.34454 0.65477 0.47766 0.47373
1403638554377829632.000000000 3.82523 10.58838 2.46229 -0.33865 0.65805 0.48234 0.46865
1403638554477829376.000000000 3.89688 10.50522 2.47634 -0.33599 0.65948 0.48458 0.46624
1403638554577829632.000000000 3.96585 10.42239 2.48564 -0.33717 0.66032 0.48434 0.46445
1403638554677829632.000000000 4.02718 10.33601 2.49355 -0.34310 0.66254 0.48055 0.46086
1403638554777829376.000000000 4.09348 10.25275 2.50914 -0.34811 0.66314 0.47739 0.45953
1403638554877829632.000000000 4.15708 10.16858 2.52790 -0.35119 0.66328 0.47543 0.45901
1403638554977829376.000000000 4.21946 10.08549 2.54717 -0.35371 0.66401 0.47222 0.45934
1403638555077829632.000000000 4.28927 10.00586 2.56340 -0.35010 0.66718 0.46798 0.46184
1403638555177829632.000000000 4.35685 9.91951 2.56971 -0.34345 0.67326 0.46131 0.46471
1403638555277829376.000000000 4.42883 9.83884 2.57493 -0.33736 0.67946 0.45334 0.46798
1403638555377829632.000000000 4.50196 9.75572 2.57528 -0.33027 0.68264 0.44873 0.47282
1403638555477829376.000000000 4.57628 9.67323 2.57192 -0.32446 0.68474 0.44577 0.47659
1403638555577829632.000000000 4.65052 9.58894 2.56723 -0.32211 0.68607 0.44320 0.47868
1403638555677829632.000000000 4.72341 9.50408 2.56762 -0.32145 0.68782 0.44158 0.47810
1403638555777829376.000000000 4.79632 9.41772 2.57798 -0.32047 0.68901 0.44184 0.47680
1403638555877829632.000000000 4.86749 9.33093 2.59703 -0.31979 0.68902 0.44287 0.47630
1403638555977829376.000000000 4.93924 9.24594 2.61824 -0.31847 0.68774 0.44455 0.47745
1403638556077829632.000000000 5.01100 9.16553 2.64542 -0.31688 0.68789 0.44589 0.47706
1403638556177829632.000000000 5.08372 9.08521 2.66658 -0.31597 0.69223 0.44645 0.47081
1403638556277829376.000000000 5.15512 9.01062 2.68300 -0.31440 0.69556 0.44747 0.46596
1403638556377829632.000000000 5.22992 8.93503 2.69392 -0.31323 0.69764 0.44825 0.46288
1403638556477829376.000000000 5.30189 8.86970 2.70519 -0.31067 0.70083 0.44946 0.45859
1403638556577829632.000000000 5.38141 8.80336 2.71520 -0.31027 0.70373 0.44911 0.45475
1403638556677829632.000000000 5.45969 8.75023 2.72748 -0.31768 0.70632 0.44298 0.45162
1403638556777829376.000000000 5.54581 8.69262 2.74616 -0.32432 0.70311 0.43825 0.45649
1403638556877829632.000000000 5.63289 8.64580 2.77301 -0.33007 0.70168 0.43396 0.45868
1403638556977829376.000000000 5.72594 8.59953 2.80288 -0.33351 0.70027 0.43136 0.46079
1403638557077829632.000000000 5.82399 8.55474 2.82678 -0.33211 0.69883 0.43283 0.46261
1403638557177829632.000000000 5.92770 8.50932 2.84327 -0.33056 0.69724 0.43446 0.46459
1403638557277829376.000000000 6.03154 8.46292 2.85355 -0.32947 0.69618 0.43554 0.46592
1403638557377829632.000000000 6.14207 8.41585 2.86083 -0.32707 0.69495 0.43772 0.46741
1403638557477829376.000000000 6.25309 8.36907 2.86949 -0.32162 0.69195 0.44213 0.47148
1403638557577829632.000000000 6.36466 8.32229 2.88500 -0.31714 0.68956 0.44527 0.47503
1403638557677829632.000000000 6.47527 8.27799 2.90495 -0.31462 0.68842 0.44718 0.47658
1403638557777829376.000000000 6.58481 8.23421 2.92753 -0.31464 0.68811 0.44686 0.47730
1403638557877829632.000000000 6.69291 8.19053 2.94435 -0.31175 0.68808 0.44826 0.47793
1403638557977829376.000000000 6.80139 8.14731 2.95532 -0.30901 0.68931 0.44990 0.47639
1403638558077829632.000000000 6.90860 8.10561 2.95979 -0.30803 0.69306 0.45067 0.47082
1403638558177829632.000000000 7.01621 8.06625 2.96129 -0.30513 0.69885 0.45221 0.46262
1403638558277829376.000000000 7.12507 8.03175 2.96797 -0.30157 0.70295 0.45394 0.45701
1403638558377829632.000000000 7.23491 8.00488 2.98487 -0.29682 0.70426 0.45669 0.45535
1403638558477829376.000000000 7.34292 7.98474 3.00921 -0.29041 0.70792 0.46032 0.45013
1403638558577829632.000000000 7.45366 7.97347 3.04151 -0.29163 0.71046 0.45903 0.44665
1403638558677829632.000000000 7.56765 7.97141 3.07956 -0.29995 0.71116 0.45255 0.44662
1403638558777829376.000000000 7.68462 7.97758 3.11743 -0.30781 0.71084 0.44646 0.44792
1403638558877829632.000000000 7.80775 7.98753 3.14753 -0.31052 0.70953 0.44438 0.45020
1403638558977829376.000000000 7.93286 8.00220 3.17084 -0.31242 0.70471 0.44320 0.45755
1403638559077829632.000000000 8.05860 8.02134 3.18566 -0.31310 0.70025 0.44306 0.46402
1403638559177829632.000000000 8.18512 8.04387 3.19410 -0.31344 0.69685 0.44347 0.46849
1403638559277829376.000000000 8.31119 8.06635 3.19753 -0.31139 0.69403 0.44581 0.47181
1403638559377829632.000000000 8.43786 8.09174 3.19310 -0.30778 0.69177 0.44906 0.47442
1403638559477829376.000000000 8.56046 8.11779 3.18429 -0.30571 0.68945 0.45127 0.47703
1403638559577829632.000000000 8.67828 8.14533 3.16998 -0.30463 0.68730 0.45277 0.47940
1403638559677829632.000000000 8.79291 8.17444 3.15272 -0.30525 0.68625 0.45293 0.48035
1403638559777829376.000000000 8.90371 8.20488 3.13894 -0.30560 0.68541 0.45359 0.48070
1403638559877829632.000000000 9.01246 8.23724 3.13113 -0.30692 0.68618 0.45286 0.47945
1403638559977829376.000000000 9.11970 8.27163 3.12372 -0.30582 0.68973 0.44693 0.48062
1403638560077829632.000000000 9.22499 8.30539 3.11020 -0.30043 0.69758 0.43409 0.48446
1403638560177829632.000000000 9.33020 8.33902 3.08956 -0.29073 0.70725 0.41602 0.49213
1403638560277829376.000000000 9.43676 8.37170 3.06428 -0.27851 0.71799 0.39485 0.50101
1403638560377829632.000000000 9.54103 8.40274 3.03724 -0.26736 0.72575 0.37058 0.51428
1403638560477829376.000000000 9.64188 8.43116 3.00682 -0.25474 0.73370 0.34542 0.52675
1403638560577829632.000000000 9.73784 8.45594 2.97200 -0.24348 0.74288 0.31853 0.53608
1403638560677829632.000000000 9.82907 8.47635 2.93301 -0.23379 0.75335 0.29053 0.54167
1403638560777829376.000000000 9.91727 8.49184 2.89718 -0.22655 0.76211 0.26495 0.54559
1403638560877829632.000000000 10.00130 8.49674 2.86897 -0.21582 0.76852 0.24208 0.55154
1403638560977829376.000000000 10.08651 8.49618 2.84870 -0.20356 0.77278 0.22112 0.55900
1403638561077829632.000000000 10.16892 8.48714 2.83597 -0.19132 0.77529 0.20119 0.56732
1403638561177829632.000000000 10.24654 8.46982 2.82943 -0.18041 0.77662 0.18349 0.57502
1403638561277829376.000000000 10.31919 8.44586 2.82993 -0.17351 0.77686 0.17010 0.58090
1403638561377829632.000000000 10.38458 8.41391 2.83254 -0.16440 0.78144 0.16524 0.57880
1403638561477829376.000000000 10.44585 8.37512 2.83069 -0.15083 0.78728 0.16879 0.57354
1403638561577829632.000000000 10.50564 8.33409 2.82499 -0.14118 0.79072 0.17348 0.56986
1403638561677829632.000000000 10.56328 8.29221 2.81506 -0.13749 0.79236 0.17644 0.56756
1403638561777829376.000000000 10.61628 8.24753 2.80051 -0.13668 0.79247 0.17881 0.56686
1403638561877829632.000000000 10.66556 8.20117 2.77791 -0.13418 0.79182 0.17946 0.56817
1403638561977829376.000000000 10.71709 8.15307 2.75400 -0.12920 0.79273 0.17525 0.56937
1403638562077829632.000000000 10.76163 8.10445 2.72956 -0.12186 0.79447 0.16654 0.57116
1403638562177829632.000000000 10.80555 8.05408 2.71432 -0.11442 0.79627 0.15696 0.57291
1403638562277829376.000000000 10.84692 8.00571 2.70289 -0.10806 0.79726 0.14883 0.57493
1403638562377829632.000000000 10.88502 7.95740 2.69665 -0.10214 0.79811 0.13702 0.57776
1403638562477829376.000000000 10.92260 7.90795 2.69488 -0.09448 0.80042 0.12125 0.57939
1403638562577829632.000000000 10.95768 7.85774 2.70020 -0.08512 0.80274 0.10135 0.58146
1403638562677829632.000000000 10.98961 7.80653 2.70953 -0.07655 0.80558 0.07732 0.58241
1403638562777829376.000000000 11.01834 7.75228 2.71984 -0.06790 0.80718 0.05124 0.58414
1403638562877829632.000000000 11.04315 7.69370 2.72525 -0.05459 0.80839 0.02676 0.58550
1403638562977829376.000000000 11.06145 7.63286 2.72561 -0.04011 0.80914 0.00415 0.58624
1403638563077829632.000000000 11.07592 7.56822 2.72033 -0.03118 0.80902 -0.01984 0.58662
1403638563177829632.000000000 11.08415 7.49932 2.71129 -0.01937 0.80887 -0.03944 0.58634
1403638563277829376.000000000 11.08825 7.42584 2.69818 -0.00799 0.80578 -0.05308 0.58978
1403638563377829632.000000000 11.08516 7.34844 2.68089 -0.00142 0.79802 -0.06262 0.59936
1403638563477829376.000000000 11.07601 7.26641 2.65844 -0.00021 0.79198 -0.06941 0.60659
1403638563577829632.000000000 11.06027 7.17842 2.63555 0.00530 0.79259 -0.06897 0.60582
1403638563677829632.000000000 11.03680 7.08546 2.61934 0.00540 0.79614 -0.06891 0.60116
1403638563777829376.000000000 11.00802 6.98668 2.60977 0.00231 0.79843 -0.06912 0.59811
1403638563877829632.000000000 10.97341 6.88461 2.60828 -0.00085 0.79810 -0.06818 0.59866
1403638563977829376.000000000 10.93248 6.77809 2.61336 -0.00437 0.79707 -0.06642 0.60021
1403638564077829632.000000000 10.88802 6.66394 2.61580 -0.00895 0.79781 -0.06408 0.59943
1403638564177829632.000000000 10.83439 6.54690 2.61321 -0.01068 0.79778 -0.05937 0.59992
1403638564277829376.000000000 10.77503 6.42426 2.60883 -0.00983 0.79619 -0.05382 0.60256
1403638564377829632.000000000 10.71421 6.29490 2.61005 -0.01003 0.79489 -0.04867 0.60472
1403638564477829376.000000000 10.64328 6.16329 2.61724 -0.00936 0.79365 -0.04431 0.60669
1403638564577829632.000000000 10.56705 6.02807 2.63130 -0.01216 0.79551 -0.04378 0.60424
1403638564677829632.000000000 10.48007 5.89120 2.64140 -0.01726 0.79724 -0.04661 0.60161
1403638564777829376.000000000 10.39027 5.74997 2.64883 -0.02103 0.79790 -0.04969 0.60037
1403638564877829632.000000000 10.29230 5.60140 2.64362 -0.02318 0.79741 -0.05212 0.60073
1403638564977829376.000000000 10.19287 5.44778 2.62665 -0.02504 0.79693 -0.05386 0.60114
1403638565077829632.000000000 10.08705 5.28863 2.59133 -0.02621 0.79734 -0.05461 0.60049
1403638565177829632.000000000 9.97878 5.12590 2.54062 -0.02658 0.79813 -0.05488 0.59940
1403638565277829376.000000000 9.86696 4.95653 2.48303 -0.02487 0.79912 -0.05412 0.59821
1403638565377829632.000000000 9.75117 4.77931 2.42270 -0.02212 0.80015 -0.05287 0.59706
1403638565477829376.000000000 9.63133 4.60002 2.36181 -0.01908 0.79947 -0.05193 0.59815
1403638565577829632.000000000 9.50857 4.41659 2.30748 -0.01239 0.79732 -0.04967 0.60138
1403638565677829632.000000000 9.38154 4.22868 2.26179 -0.00059 0.79701 -0.04366 0.60239
1403638565777829376.000000000 9.25115 4.04200 2.22291 0.00850 0.79967 -0.03930 0.59909
1403638565877829632.000000000 9.11403 3.85669 2.19172 0.01576 0.80180 -0.03602 0.59630
1403638565977829376.000000000 8.97306 3.67529 2.16442 0.01824 0.80357 -0.03662 0.59380
1403638566077829632.000000000 8.83007 3.49839 2.13148 0.01980 0.80454 -0.03703 0.59241
1403638566177829632.000000000 8.68542 3.32472 2.09000 0.01775 0.80468 -0.03846 0.59220
1403638566277829376.000000000 8.53830 3.15205 2.03920 0.01834 0.80425 -0.03761 0.59281
1403638566377829632.000000000 8.39196 2.98412 1.98013 0.01858 0.80522 -0.03655 0.59156
1403638566477829376.000000000 8.24532 2.82021 1.91679 0.01522 0.80541 -0.03725 0.59135
1403638566577829632.000000000 8.10465 2.65764 1.84504 0.01445 0.80861 -0.03542 0.58710
1403638566677829632.000000000 7.96335 2.50304 1.76625 0.01373 0.81793 -0.03361 0.57417
1403638566777829376.000000000 7.82708 2.35489 1.68283 0.01315 0.82963 -0.03183 0.55725
1403638566877829632.000000000 7.69679 2.21195 1.59626 0.01167 0.83766 -0.03067 0.54521
1403638566977829376.000000000 7.57554 2.07503 1.50769 0.01187 0.84157 -0.02793 0.53929
1403638567077829632.000000000 7.46411 1.93973 1.42150 0.01169 0.83346 -0.02649 0.55182
1403638567177829632.000000000 7.35916 1.80427 1.33298 0.01369 0.82109 -0.02437 0.57011
1403638567277829376.000000000 7.25704 1.67155 1.23975 0.01674 0.81241 -0.02252 0.58241
1403638567377829632.000000000 7.15433 1.54133 1.14150 0.01960 0.81049 -0.02184 0.58502
1403638567477829376.000000000 7.05054 1.41474 1.04680 0.02149 0.81129 -0.02267 0.58381
1403638567577829632.000000000 6.94614 1.29210 0.95902 0.02283 0.81482 -0.02432 0.57875
1403638567677829632.000000000 6.83945 1.17122 0.87990 0.02618 0.81808 -0.02478 0.57397
1403638567777829376.000000000 6.73415 1.05473 0.80944 0.02823 0.82133 -0.02531 0.56919
1403638567877829632.000000000 6.63729 0.94499 0.74834 0.02748 0.82475 -0.02755 0.56415
1403638567977829376.000000000 6.55099 0.84264 0.69492 0.02749 0.82572 -0.02856 0.56269
1403638568077829632.000000000 6.46721 0.74247 0.64948 0.03053 0.82556 -0.02677 0.56285
1403638568177829632.000000000 6.38978 0.64977 0.61412 0.03261 0.82485 -0.02550 0.56383
1403638568277829376.000000000 6.31759 0.56408 0.58656 0.03365 0.82473 -0.02581 0.56394
1403638568377829632.000000000 6.24194 0.47693 0.55514 0.03379 0.82516 -0.02621 0.56327
1403638568477829376.000000000 6.17775 0.39929 0.52440 0.03419 0.82605 -0.02602 0.56195
1403638568577829632.000000000 6.11076 0.32294 0.48489 0.03521 0.82738 -0.02546 0.55996
1403638568677829632.000000000 6.05260 0.25295 0.44830 0.03646 0.82917 -0.02397 0.55729
1403638568777829376.000000000 5.99533 0.18767 0.41006 0.03619 0.83045 -0.02407 0.55539
1403638568877829632.000000000 5.94498 0.13068 0.38479 0.03424 0.82979 -0.02565 0.55643
1403638568977829376.000000000 5.89949 0.07645 0.36245 0.03616 0.82923 -0.02396 0.55722
1403638569077829632.000000000 5.85856 0.02795 0.35183 0.03770 0.82898 -0.02294 0.55754
1403638569177829632.000000000 5.82163 -0.01669 0.34408 0.03831 0.82977 -0.02292 0.55632
1403638569277829376.000000000 5.78546 -0.05722 0.33929 0.04040 0.83096 -0.02190 0.55442
1403638569377829632.000000000 5.75638 -0.09221 0.32765 0.04125 0.83086 -0.02164 0.55452
1403638569477829376.000000000 5.73033 -0.12251 0.31354 0.04176 0.82939 -0.02120 0.55671
1403638569577829632.000000000 5.71235 -0.14557 0.29452 0.04246 0.82811 -0.02084 0.55857
1403638569677829632.000000000 5.69868 -0.16312 0.28092 0.04153 0.82698 -0.02177 0.56028
1403638569777829376.000000000 5.68768 -0.17513 0.27380 0.04245 0.82614 -0.02113 0.56147
1403638569877829632.000000000 5.67852 -0.18341 0.27292 0.04343 0.82485 -0.02004 0.56333
1403638569977829376.000000000 5.67405 -0.18455 0.27586 0.04216 0.82334 -0.02087 0.56560
1403638570077829632.000000000 5.67336 -0.18011 0.27638 0.03981 0.82276 -0.02239 0.56655
1403638570177829632.000000000 5.67492 -0.17192 0.27086 0.03482 0.82294 -0.02517 0.56651
1403638570277829376.000000000 5.67651 -0.16089 0.25897 0.02718 0.82241 -0.02979 0.56746
1403638570377829632.000000000 5.68180 -0.15006 0.24299 0.02084 0.82219 -0.03711 0.56762
1403638570477829376.000000000 5.68819 -0.14043 0.22135 0.01652 0.82168 -0.05271 0.56727
1403638570577829632.000000000 5.69059 -0.13515 0.19271 0.00947 0.81902 -0.07973 0.56812
1403638570677829632.000000000 5.69442 -0.13733 0.16042 0.01022 0.81381 -0.10896 0.57074
1403638570777829376.000000000 5.69651 -0.14983 0.12508 0.01742 0.80266 -0.13658 0.58032
1403638570877829632.000000000 5.69412 -0.17237 0.08786 0.02998 0.79092 -0.16108 0.58958
1403638570977829376.000000000 5.68418 -0.20578 0.04745 0.04540 0.78270 -0.18247 0.59331
1403638571077829632.000000000 5.66548 -0.24955 0.00317 0.06223 0.77991 -0.20160 0.58926
1403638571177829632.000000000 5.63783 -0.30201 -0.03908 0.08364 0.78249 -0.21402 0.57871
1403638571277829376.000000000 5.60279 -0.36128 -0.07173 0.10378 0.78369 -0.22052 0.57135
1403638571377829632.000000000 5.56051 -0.42502 -0.09391 0.11639 0.78297 -0.22592 0.56777
1403638571477829376.000000000 5.51344 -0.49255 -0.10637 0.12229 0.78012 -0.23064 0.56856
1403638571577829632.000000000 5.46248 -0.56308 -0.11599 0.12918 0.77769 -0.23485 0.56864
1403638571677829632.000000000 5.40701 -0.63671 -0.12843 0.13530 0.77735 -0.24417 0.56374
1403638571777829376.000000000 5.34887 -0.71365 -0.14721 0.14336 0.77673 -0.25755 0.55660
1403638571877829632.000000000 5.28856 -0.79365 -0.17047 0.15070 0.77367 -0.27521 0.55045
1403638571977829376.000000000 5.22545 -0.87816 -0.19085 0.15842 0.76753 -0.29511 0.54655
1403638572077829632.000000000 5.15882 -0.96644 -0.20368 0.16756 0.76051 -0.31423 0.54297
1403638572177829632.000000000 5.08739 -1.05857 -0.20769 0.18330 0.75358 -0.32931 0.53859
1403638572277829376.000000000 5.01259 -1.15367 -0.20748 0.19746 0.74917 -0.34585 0.52929
1403638572377829632.000000000 4.93674 -1.25208 -0.20917 0.21062 0.74422 -0.36410 0.51885
1403638572477829376.000000000 4.86067 -1.35278 -0.21545 0.22470 0.74011 -0.37716 0.50941
1403638572577829632.000000000 4.78651 -1.45688 -0.22187 0.23572 0.73620 -0.38578 0.50360
1403638572677829632.000000000 4.71443 -1.56461 -0.22641 0.24167 0.73435 -0.39116 0.49933
1403638572777829376.000000000 4.64669 -1.67768 -0.21921 0.24955 0.73573 -0.39095 0.49354
1403638572877829632.000000000 4.58292 -1.79350 -0.20488 0.25313 0.73819 -0.39019 0.48861
1403638572977829376.000000000 4.52358 -1.91090 -0.18588 0.25382 0.74033 -0.38919 0.48582
1403638573077829632.000000000 4.46796 -2.03043 -0.17052 0.25319 0.74237 -0.38799 0.48399
1403638573177829632.000000000 4.41636 -2.15185 -0.16174 0.25148 0.74394 -0.38679 0.48344
1403638573277829376.000000000 4.36886 -2.27710 -0.15531 0.24984 0.74534 -0.38478 0.48373
1403638573377829632.000000000 4.32770 -2.40440 -0.14792 0.24913 0.74609 -0.38390 0.48363
1403638573477829376.000000000 4.28984 -2.53472 -0.13820 0.25224 0.74617 -0.38404 0.48178
1403638573577829632.000000000 4.26053 -2.66970 -0.11890 0.25396 0.74607 -0.38433 0.48080
1403638573677829632.000000000 4.23310 -2.80535 -0.09248 0.25685 0.74637 -0.38490 0.47834
1403638573777829376.000000000 4.21278 -2.94267 -0.06202 0.26373 0.74270 -0.38832 0.47754
1403638573877829632.000000000 4.19926 -3.08322 -0.03350 0.27729 0.73238 -0.39390 0.48122
1403638573977829376.000000000 4.19039 -3.22043 -0.01006 0.28902 0.71687 -0.40744 0.48637
1403638574077829632.000000000 4.18459 -3.35550 0.00613 0.29472 0.69653 -0.42900 0.49391
1403638574177829632.000000000 4.17892 -3.48661 0.01635 0.30063 0.67429 -0.45302 0.49973
1403638574277829376.000000000 4.16911 -3.61424 0.02199 0.30998 0.65560 -0.47528 0.49821
1403638574377829632.000000000 4.15284 -3.73816 0.02416 0.32241 0.64227 -0.49518 0.48820
1403638574477829376.000000000 4.13122 -3.85778 0.02289 0.33597 0.63062 -0.51323 0.47543
1403638574577829632.000000000 4.10510 -3.97415 0.02463 0.34647 0.61993 -0.52740 0.46636
1403638574677829632.000000000 4.07533 -4.08874 0.03355 0.35841 0.61353 -0.53450 0.45764
1403638574777829376.000000000 4.04178 -4.20116 0.04978 0.36922 0.61336 -0.53699 0.44621
1403638574877829632.000000000 4.01341 -4.31315 0.06626 0.37067 0.61544 -0.54142 0.43669
1403638574977829376.000000000 3.98201 -4.42054 0.07923 0.36933 0.61784 -0.54465 0.43038
1403638575077829632.000000000 3.95005 -4.52802 0.08574 0.36179 0.61651 -0.54997 0.43193
1403638575177829632.000000000 3.91695 -4.63563 0.08725 0.35592 0.61389 -0.55324 0.43632
1403638575277829376.000000000 3.88115 -4.74641 0.08530 0.35249 0.61262 -0.55406 0.43985
1403638575377829632.000000000 3.84259 -4.85875 0.07862 0.34932 0.61604 -0.55402 0.43765
1403638575477829376.000000000 3.80028 -4.97137 0.06954 0.34751 0.62157 -0.55234 0.43337
1403638575577829632.000000000 3.75639 -5.08843 0.05990 0.34665 0.62665 -0.54977 0.43000
1403638575677829632.000000000 3.71108 -5.20898 0.05675 0.35020 0.63302 -0.54445 0.42452
1403638575777829376.000000000 3.66470 -5.33387 0.06213 0.35124 0.63963 -0.54133 0.41770
1403638575877829632.000000000 3.62120 -5.46293 0.07747 0.35118 0.64389 -0.53918 0.41396
1403638575977829376.000000000 3.58257 -5.59634 0.10204 0.35070 0.64427 -0.53837 0.41483
1403638576077829632.000000000 3.54681 -5.73400 0.13397 0.35136 0.64490 -0.53693 0.41515
1403638576177829632.000000000 3.51341 -5.87873 0.17141 0.35215 0.64335 -0.53646 0.41749
1403638576277829376.000000000 3.48276 -6.02793 0.20486 0.35615 0.64391 -0.53384 0.41660
1403638576377829632.000000000 3.45605 -6.18005 0.23212 0.36069 0.64547 -0.53081 0.41413
1403638576477829376.000000000 3.43385 -6.33643 0.25362 0.36449 0.64811 -0.52822 0.40997
1403638576577829632.000000000 3.41802 -6.49640 0.27021 0.36904 0.65222 -0.52526 0.40315
1403638576677829632.000000000 3.41058 -6.65544 0.28264 0.37222 0.65368 -0.52303 0.40073
1403638576777829376.000000000 3.41210 -6.81746 0.29073 0.37710 0.65131 -0.51934 0.40481
1403638576877829632.000000000 3.42084 -6.98219 0.29397 0.37975 0.64634 -0.51758 0.41248
1403638576977829376.000000000 3.43724 -7.14424 0.29224 0.37770 0.63998 -0.51939 0.42189
1403638577077829632.000000000 3.45870 -7.30389 0.28993 0.37338 0.63623 -0.52279 0.42719
1403638577177829632.000000000 3.48386 -7.46140 0.29518 0.37052 0.63346 -0.52490 0.43118
1403638577277829376.000000000 3.51178 -7.61686 0.30657 0.37088 0.63401 -0.52462 0.43040
1403638577377829632.000000000 3.54280 -7.77199 0.32706 0.37753 0.63823 -0.51969 0.42432
1403638577477829376.000000000 3.57701 -7.92667 0.35254 0.38186 0.64072 -0.51637 0.42074
1403638577577829632.000000000 3.61813 -8.07823 0.37488 0.37893 0.64074 -0.51815 0.42118
1403638577677829632.000000000 3.66394 -8.22749 0.39096 0.37555 0.63973 -0.52027 0.42312
1403638577777829376.000000000 3.71351 -8.37533 0.39973 0.37280 0.63929 -0.52182 0.42431
1403638577877829632.000000000 3.76668 -8.52297 0.40285 0.37246 0.63950 -0.52154 0.42462
1403638577977829376.000000000 3.82404 -8.66879 0.40370 0.37323 0.64009 -0.52012 0.42481
1403638578077829632.000000000 3.88652 -8.80874 0.40638 0.37231 0.63923 -0.52014 0.42689
1403638578177829632.000000000 3.95261 -8.95003 0.41815 0.36770 0.63627 -0.52259 0.43228
1403638578277829376.000000000 4.02015 -9.09719 0.43782 0.35911 0.63151 -0.52811 0.43970
1403638578377829632.000000000 4.08648 -9.23863 0.45470 0.35707 0.62917 -0.52975 0.44273
1403638578477829376.000000000 4.15068 -9.37895 0.46515 0.35724 0.62878 -0.53016 0.44266
1403638578577829632.000000000 4.21257 -9.51672 0.47104 0.35728 0.62821 -0.53087 0.44259
1403638578677829632.000000000 4.27299 -9.65709 0.47363 0.35971 0.62809 -0.52971 0.44217
1403638578777829376.000000000 4.33072 -9.79144 0.47288 0.36503 0.63063 -0.52631 0.43824
1403638578877829632.000000000 4.39027 -9.92846 0.46851 0.37014 0.63343 -0.52265 0.43428
1403638578977829376.000000000 4.45072 -10.05911 0.46355 0.37259 0.63481 -0.52054 0.43271
1403638579077829632.000000000 4.51533 -10.19312 0.46749 0.37306 0.63549 -0.51952 0.43253
1403638579177829632.000000000 4.58030 -10.32044 0.48050 0.37357 0.63557 -0.51865 0.43302
1403638579277829376.000000000 4.65005 -10.45047 0.49966 0.37134 0.63463 -0.51972 0.43501
1403638579377829632.000000000 4.71898 -10.56877 0.51988 0.36562 0.63146 -0.52345 0.43998
1403638579477829376.000000000 4.79035 -10.69552 0.53616 0.35980 0.62727 -0.52735 0.44607
1403638579577829632.000000000 4.85636 -10.81001 0.54744 0.35849 0.62480 -0.52461 0.45375
1403638579677829632.000000000 4.92181 -10.92395 0.55461 0.36052 0.62548 -0.51247 0.46495
1403638579777829376.000000000 4.98725 -11.03587 0.55516 0.35886 0.63603 -0.49350 0.47238
1403638579877829632.000000000 5.05134 -11.14017 0.54909 0.34816 0.65611 -0.47235 0.47454
1403638579977829376.000000000 5.11642 -11.23957 0.53738 0.33100 0.67625 -0.44738 0.48268
1403638580077829632.000000000 5.18243 -11.33354 0.52413 0.31650 0.69084 -0.41299 0.50201
1403638580177829632.000000000 5.24966 -11.42308 0.50828 0.29651 0.70518 -0.37619 0.52276
1403638580277829376.000000000 5.31515 -11.50108 0.48710 0.27011 0.72221 -0.34152 0.53742
1403638580377829632.000000000 5.37108 -11.56452 0.45933 0.23973 0.73844 -0.31521 0.54578
1403638580477829376.000000000 5.42533 -11.62770 0.42823 0.21357 0.75006 -0.29880 0.55001
1403638580577829632.000000000 5.47364 -11.68611 0.39500 0.19601 0.75737 -0.28544 0.55362
1403638580677829632.000000000 5.51799 -11.74214 0.36167 0.18061 0.76748 -0.27079 0.55229
1403638580777829376.000000000 5.55572 -11.79176 0.33451 0.17020 0.77760 -0.25571 0.54862
1403638580877829632.000000000 5.59190 -11.84509 0.31596 0.16537 0.78453 -0.24475 0.54521
1403638580977829376.000000000 5.62839 -11.89888 0.30814 0.15941 0.78601 -0.24119 0.54645
1403638581077829632.000000000 5.66556 -11.95301 0.30923 0.15817 0.78705 -0.23935 0.54613
1403638581177829632.000000000 5.70202 -12.00754 0.31820 0.16070 0.78700 -0.23778 0.54614
1403638581277829376.000000000 5.73533 -12.05894 0.32844 0.16470 0.78711 -0.23744 0.54494
1403638581377829632.000000000 5.76822 -12.10689 0.34151 0.16795 0.78590 -0.23850 0.54522
1403638581477829376.000000000 5.79992 -12.15235 0.35336 0.17068 0.78378 -0.24016 0.54669
1403638581577829632.000000000 5.82852 -12.18862 0.38011 0.17375 0.78324 -0.24214 0.54564
1403638581677829632.000000000 5.86231 -12.22936 0.39703 0.17887 0.77914 -0.24211 0.54985
1403638581777829376.000000000 5.88233 -12.24250 0.42547 0.18117 0.77545 -0.24374 0.55357
1403638581877829632.000000000 5.89698 -12.24438 0.44856 0.18438 0.77225 -0.24378 0.55696
1403638581977829376.000000000 5.92864 -12.27232 0.45175 0.18831 0.76470 -0.24217 0.56668
1403638582077829632.000000000 5.94493 -12.27500 0.46583 0.18722 0.76641 -0.24401 0.56394
1403638582177829632.000000000 5.96441 -12.28150 0.48358 0.18327 0.77374 -0.24736 0.55367
1403638582277829376.000000000 5.98817 -12.29528 0.50724 0.18373 0.77675 -0.24738 0.54928
1403638582377829632.000000000 6.01515 -12.30919 0.54425 0.18621 0.77352 -0.24516 0.55397
1403638582477829376.000000000 6.04085 -12.31996 0.58701 0.18830 0.77236 -0.24356 0.55559
1403638582577829632.000000000 6.06627 -12.32694 0.64165 0.18933 0.77177 -0.24249 0.55652
1403638582677829632.000000000 6.09251 -12.33403 0.70437 0.18902 0.77287 -0.24272 0.55500
1403638582777829376.000000000 6.11644 -12.33174 0.77611 0.18729 0.77444 -0.24453 0.55260
1403638582877829632.000000000 6.13898 -12.32492 0.84949 0.18774 0.77576 -0.24510 0.55034
1403638582977829376.000000000 6.16061 -12.31396 0.91633 0.18659 0.77796 -0.24672 0.54689
1403638583077829632.000000000 6.18104 -12.29939 0.97512 0.18567 0.78045 -0.24843 0.54287
1403638583177829632.000000000 6.20194 -12.28185 1.02576 0.18566 0.78203 -0.24917 0.54025
1403638583277829376.000000000 6.22526 -12.26269 1.07012 0.18444 0.78261 -0.25047 0.53924
1403638583377829632.000000000 6.25101 -12.24295 1.10956 0.18491 0.78229 -0.25004 0.53973
1403638583477829376.000000000 6.28042 -12.22609 1.14276 0.18503 0.78297 -0.25009 0.53867
1403638583577829632.000000000 6.31107 -12.20237 1.18740 0.18522 0.78294 -0.25003 0.53869
1403638583677829632.000000000 6.34166 -12.17686 1.23842 0.18694 0.78323 -0.24881 0.53824
1403638583777829376.000000000 6.37421 -12.14959 1.29009 0.18670 0.78291 -0.24883 0.53877
1403638583877829632.000000000 6.41400 -12.12398 1.32601 0.18739 0.78212 -0.24833 0.53992
1403638583977829376.000000000 6.45142 -12.09458 1.36422 0.18782 0.78213 -0.24802 0.53990
1403638584077829632.000000000 6.48920 -12.05908 1.39628 0.19079 0.77869 -0.24583 0.54481
1403638584177829632.000000000 6.53181 -12.02003 1.41319 0.19499 0.76973 -0.24240 0.55743
1403638584277829376.000000000 6.56430 -11.97827 1.43780 0.19718 0.76072 -0.24008 0.56991
1403638584377829632.000000000 6.59892 -11.92791 1.43735 0.19888 0.75794 -0.23885 0.57353
1403638584477829376.000000000 6.62271 -11.86691 1.43110 0.19972 0.75784 -0.23820 0.57364
1403638584577829632.000000000 6.64299 -11.80727 1.44143 0.19936 0.75804 -0.23827 0.57346
1403638584677829632.000000000 6.66013 -11.74046 1.45885 0.19707 0.75985 -0.23960 0.57130
1403638584777829376.000000000 6.66453 -11.66224 1.45986 0.19337 0.76666 -0.24186 0.56245
1403638584877829632.000000000 6.67606 -11.58530 1.49223 0.18703 0.77431 -0.24647 0.55201
1403638584977829376.000000000 6.68471 -11.50525 1.51591 0.18512 0.77790 -0.24842 0.54670
1403638585077829632.000000000 6.66794 -11.41393 1.48757 0.18460 0.77915 -0.24900 0.54484
1403638585177829632.000000000 6.67856 -11.33269 1.50067 0.18223 0.77899 -0.25062 0.54513
1403638585277829376.000000000 6.65828 -11.25130 1.46350 0.18300 0.77715 -0.24963 0.54793
1403638585377829632.000000000 6.66801 -11.16946 1.46302 0.18359 0.77509 -0.24894 0.55095
1403638585477829376.000000000 6.62620 -11.09800 1.41720 0.18281 0.77539 -0.24865 0.55093
1403638585577829632.000000000 6.63248 -11.01756 1.41801 0.18192 0.77724 -0.24880 0.54854
1403638585677829632.000000000 6.60363 -10.95017 1.40546 0.18119 0.77988 -0.24835 0.54524
1403638585777829376.000000000 6.60818 -10.86851 1.42185 0.17802 0.78491 -0.25048 0.53804
1403638585877829632.000000000 6.59368 -10.79423 1.43976 0.17515 0.78878 -0.25207 0.53255
1403638585977829376.000000000 6.59615 -10.71680 1.47088 0.17330 0.78868 -0.25402 0.53238
1403638586077829632.000000000 6.60660 -10.63995 1.50452 0.17530 0.78451 -0.25338 0.53815
1403638586177829632.000000000 6.60799 -10.56218 1.53222 0.17703 0.78165 -0.25275 0.54204
1403638586277829376.000000000 6.62070 -10.48888 1.55459 0.17933 0.77907 -0.25163 0.54550
1403638586377829632.000000000 6.62955 -10.41183 1.57186 0.18517 0.77595 -0.24799 0.54965
1403638586477829376.000000000 6.63324 -10.33034 1.58507 0.19323 0.77422 -0.24301 0.55154
1403638586577829632.000000000 6.64618 -10.25309 1.59201 0.19546 0.77351 -0.24185 0.55226
1403638586677829632.000000000 6.65141 -10.16434 1.59174 0.19263 0.77432 -0.24406 0.55115
1403638586777829376.000000000 6.66271 -10.08139 1.58591 0.18854 0.77397 -0.24678 0.55184
1403638586877829632.000000000 6.67339 -9.99686 1.57253 0.18635 0.77287 -0.24771 0.55370
1403638586977829376.000000000 6.67624 -9.90794 1.55308 0.18656 0.77257 -0.24740 0.55419
1403638587077829632.000000000 6.68534 -9.82354 1.53180 0.18576 0.77240 -0.24790 0.55446
1403638587177829632.000000000 6.68505 -9.73517 1.51647 0.18523 0.77359 -0.24779 0.55303
1403638587277829376.000000000 6.69135 -9.64574 1.51028 0.18446 0.77529 -0.24792 0.55085
1403638587377829632.000000000 6.69163 -9.55051 1.50797 0.18387 0.77686 -0.24824 0.54869
1403638587477829376.000000000 6.69642 -9.45699 1.51117 0.18204 0.77692 -0.25002 0.54841
1403638587577829632.000000000 6.69877 -9.36093 1.50975 0.18123 0.77697 -0.25098 0.54817
1403638587677829632.000000000 6.70333 -9.26666 1.50466 0.18102 0.77652 -0.25156 0.54861
1403638587777829376.000000000 6.70757 -9.17529 1.49288 0.18095 0.77616 -0.25194 0.54896
1403638587877829632.000000000 6.71174 -9.08216 1.47802 0.18011 0.77574 -0.25282 0.54943
1403638587977829376.000000000 6.71640 -8.99280 1.45772 0.17988 0.77537 -0.25328 0.54981
1403638588077829632.000000000 6.71869 -8.90120 1.43513 0.18101 0.77487 -0.25216 0.55067
1403638588177829632.000000000 6.72117 -8.81179 1.40916 0.18761 0.77571 -0.24773 0.54928
1403638588277829376.000000000 6.72286 -8.71866 1.38429 0.19043 0.77646 -0.24531 0.54834
1403638588377829632.000000000 6.72792 -8.63092 1.36209 0.19101 0.77688 -0.24452 0.54789
1403638588477829376.000000000 6.73181 -8.53338 1.35124 0.18930 0.77678 -0.24553 0.54818
1403638588577829632.000000000 6.73498 -8.43704 1.34605 0.18682 0.77610 -0.24711 0.54928
1403638588677829632.000000000 6.73757 -8.33292 1.35140 0.18452 0.77527 -0.24844 0.55062
1403638588777829376.000000000 6.73911 -8.23020 1.35968 0.18297 0.77380 -0.24979 0.55259
1403638588877829632.000000000 6.73881 -8.12631 1.36624 0.18052 0.77319 -0.25208 0.55322
1403638588977829376.000000000 6.73768 -8.02523 1.36617 0.18078 0.77314 -0.25235 0.55307
1403638589077829632.000000000 6.73471 -7.92087 1.35650 0.18124 0.77332 -0.25262 0.55254
1403638589177829632.000000000 6.73112 -7.82094 1.34627 0.18284 0.77311 -0.25192 0.55264
1403638589277829376.000000000 6.72606 -7.71391 1.32727 0.18258 0.77203 -0.25204 0.55418
1403638589377829632.000000000 6.72129 -7.61168 1.31218 0.18277 0.77187 -0.25185 0.55442
1403638589477829376.000000000 6.71430 -7.50357 1.29696 0.18247 0.77266 -0.25250 0.55312
1403638589577829632.000000000 6.70896 -7.40056 1.29259 0.18183 0.77266 -0.25290 0.55314
1403638589677829632.000000000 6.69948 -7.29453 1.29310 0.18143 0.77319 -0.25297 0.55251
1403638589777829376.000000000 6.69245 -7.19101 1.30240 0.18181 0.77477 -0.25336 0.54998
1403638589877829632.000000000 6.68631 -7.09073 1.31070 0.18183 0.77529 -0.25442 0.54875
1403638589977829376.000000000 6.68499 -6.99854 1.31652 0.18219 0.77538 -0.25488 0.54830
1403638590077829632.000000000 6.67520 -6.89328 1.31178 0.18180 0.77530 -0.25575 0.54813
1403638590177829632.000000000 6.67418 -6.80207 1.30675 0.18237 0.77434 -0.25606 0.54915
1403638590277829376.000000000 6.66379 -6.69816 1.29332 0.18205 0.77356 -0.25669 0.55006
1403638590377829632.000000000 6.65867 -6.60920 1.27998 0.18216 0.77394 -0.25709 0.54930
1403638590477829376.000000000 6.64580 -6.50701 1.26013 0.18222 0.77450 -0.25733 0.54838
1403638590577829632.000000000 6.63538 -6.41215 1.24415 0.18107 0.77562 -0.25797 0.54688
1403638590677829632.000000000 6.62381 -6.31255 1.23427 0.17919 0.77729 -0.25900 0.54463
1403638590777829376.000000000 6.61511 -6.22284 1.23343 0.17833 0.77816 -0.25942 0.54348
1403638590877829632.000000000 6.60560 -6.12847 1.23878 0.17854 0.77899 -0.25943 0.54221
1403638590977829376.000000000 6.59691 -6.03618 1.25149 0.17722 0.77959 -0.26030 0.54136
1403638591077829632.000000000 6.58583 -5.93831 1.26614 0.17588 0.78044 -0.26175 0.53988
1403638591177829632.000000000 6.57534 -5.84279 1.27573 0.17497 0.78461 -0.26292 0.53352
1403638591277829376.000000000 6.56859 -5.75328 1.27928 0.17248 0.79046 -0.26512 0.52453
1403638591377829632.000000000 6.56512 -5.66423 1.27568 0.16919 0.79474 -0.26768 0.51779
1403638591477829376.000000000 6.56839 -5.58693 1.26935 0.16648 0.79747 -0.26983 0.51333
1403638591577829632.000000000 6.57780 -5.51637 1.25420 0.16375 0.80023 -0.27207 0.50872
1403638591677829632.000000000 6.59382 -5.45754 1.23734 0.16237 0.80053 -0.27314 0.50811
1403638591777829376.000000000 6.61655 -5.40773 1.22013 0.16404 0.79872 -0.27205 0.51101
1403638591877829632.000000000 6.64591 -5.36842 1.20539 0.16493 0.79643 -0.27118 0.51473
1403638591977829376.000000000 6.68097 -5.33882 1.19830 0.16558 0.79384 -0.27041 0.51892
1403638592077829632.000000000 6.72257 -5.32849 1.20163 0.16585 0.79136 -0.26925 0.52321
1403638592177829632.000000000 6.76739 -5.30994 1.21204 0.16384 0.78853 -0.26739 0.52904
1403638592277829376.000000000 6.81469 -5.30784 1.23433 0.15862 0.78312 -0.26191 0.54126
1403638592377829632.000000000 6.86284 -5.30329 1.26464 0.14955 0.78058 -0.25300 0.55166
1403638592477829376.000000000 6.90921 -5.29651 1.30356 0.13780 0.78307 -0.23917 0.55732
1403638592577829632.000000000 6.95151 -5.29212 1.34838 0.13004 0.79043 -0.22499 0.55470
1403638592677829632.000000000 6.99113 -5.29076 1.39846 0.12348 0.79787 -0.21377 0.54996
1403638592777829376.000000000 7.03057 -5.29246 1.44706 0.11836 0.80492 -0.20628 0.54364
1403638592877829632.000000000 7.07044 -5.29918 1.48992 0.11426 0.80994 -0.20172 0.53874
1403638592977829376.000000000 7.11209 -5.30900 1.52776 0.11357 0.81247 -0.19805 0.53645
1403638593077829632.000000000 7.15810 -5.32397 1.55948 0.11254 0.81322 -0.19674 0.53600
1403638593177829632.000000000 7.20733 -5.34238 1.59342 0.11264 0.81153 -0.19580 0.53888
1403638593277829376.000000000 7.26189 -5.36571 1.63192 0.11941 0.80826 -0.19201 0.54368
1403638593377829632.000000000 7.31758 -5.39018 1.67786 0.12842 0.80488 -0.18687 0.54841
1403638593477829376.000000000 7.37248 -5.41354 1.72179 0.13665 0.80026 -0.18286 0.55451
1403638593577829632.000000000 7.42889 -5.43473 1.75887 0.14125 0.79740 -0.18154 0.55789
1403638593677829632.000000000 7.48623 -5.45282 1.78887 0.14395 0.79619 -0.18120 0.55904
1403638593777829376.000000000 7.54367 -5.46811 1.81175 0.14524 0.79287 -0.18148 0.56332
1403638593877829632.000000000 7.60001 -5.47730 1.83723 0.14100 0.78242 -0.18154 0.57878
1403638593977829376.000000000 7.65107 -5.48142 1.86637 0.13445 0.77902 -0.17842 0.58585
1403638594077829632.000000000 7.69491 -5.48199 1.89861 0.12618 0.78459 -0.17641 0.58084
1403638594177829632.000000000 7.73285 -5.48066 1.93349 0.12403 0.79071 -0.17183 0.57434
1403638594277829376.000000000 7.76803 -5.47900 1.97089 0.12437 0.79318 -0.16704 0.57228
1403638594377829632.000000000 7.79955 -5.47366 2.00182 0.12689 0.79221 -0.16216 0.57447
1403638594477829376.000000000 7.82608 -5.46519 2.03944 0.13058 0.79090 -0.15669 0.57695
1403638594577829632.000000000 7.85040 -5.45173 2.07857 0.12501 0.79119 -0.15861 0.57726
1403638594677829632.000000000 7.86767 -5.43508 2.12788 0.11931 0.79178 -0.16179 0.57678
1403638594777829376.000000000 7.88548 -5.41761 2.16862 0.11719 0.79249 -0.16383 0.57565
1403638594877829632.000000000 7.89362 -5.39771 2.20746 0.11586 0.79253 -0.16549 0.57540
1403638594977829376.000000000 7.90572 -5.37755 2.23451 0.11702 0.79436 -0.16604 0.57247
1403638595077829632.000000000 7.91547 -5.35640 2.25653 0.11570 0.79554 -0.16787 0.57057
1403638595177829632.000000000 7.92369 -5.33505 2.27253 0.11559 0.79602 -0.16912 0.56955
1403638595277829376.000000000 7.92290 -5.31028 2.28791 0.11622 0.79641 -0.16943 0.56879
1403638595377829632.000000000 7.92802 -5.28819 2.29057 0.11605 0.79609 -0.17018 0.56904
1403638595477829376.000000000 7.93158 -5.26535 2.29031 0.11622 0.79642 -0.17043 0.56848
1403638595577829632.000000000 7.93335 -5.24299 2.28732 0.11630 0.79721 -0.17014 0.56743
1403638595677829632.000000000 7.93352 -5.21893 2.29073 0.11876 0.79725 -0.16850 0.56735
1403638595777829376.000000000 7.93232 -5.19380 2.29883 0.12310 0.79823 -0.16557 0.56592
1403638595877829632.000000000 7.92209 -5.16397 2.31098 0.12444 0.79855 -0.16494 0.56535
1403638595977829376.000000000 7.91962 -5.13775 2.30054 0.12682 0.79828 -0.16350 0.56562
1403638596077829632.000000000 7.91849 -5.10777 2.28237 0.13434 0.79902 -0.15866 0.56422
1403638596177829632.000000000 7.91767 -5.07247 2.26444 0.14570 0.80047 -0.15081 0.56149
1403638596277829376.000000000 7.91243 -5.02677 2.25772 0.15755 0.80217 -0.14219 0.55810
1403638596377829632.000000000 7.91313 -4.97744 2.25134 0.16690 0.80236 -0.13460 0.55699
1403638596477829376.000000000 7.91463 -4.91333 2.26031 0.17251 0.80204 -0.12989 0.55687
1403638596577829632.000000000 7.92205 -4.84019 2.27231 0.17930 0.80281 -0.12436 0.55487
1403638596677829632.000000000 7.93509 -4.75193 2.29291 0.18697 0.80310 -0.11837 0.55323
1403638596777829376.000000000 7.95248 -4.64680 2.32535 0.19094 0.80322 -0.11509 0.55239
1403638596877829632.000000000 7.97378 -4.52604 2.36014 0.19450 0.80258 -0.11209 0.55270
1403638596977829376.000000000 8.00101 -4.38882 2.40089 0.19629 0.80134 -0.11123 0.55403
1403638597077829632.000000000 8.03222 -4.23586 2.43553 0.19912 0.80049 -0.11013 0.55448
1403638597177829632.000000000 8.06587 -4.06618 2.46344 0.20148 0.79866 -0.10981 0.55632
1403638597277829376.000000000 8.10430 -3.88183 2.48248 0.19904 0.79598 -0.11275 0.56043
1403638597377829632.000000000 8.14661 -3.68189 2.49698 0.19430 0.79424 -0.11766 0.56354
1403638597477829376.000000000 8.18949 -3.46638 2.50731 0.18569 0.79100 -0.12464 0.56947
1403638597577829632.000000000 8.23133 -3.24000 2.51246 0.17293 0.78642 -0.13411 0.57763
1403638597677829632.000000000 8.27073 -3.00472 2.51285 0.16852 0.78411 -0.13814 0.58111
1403638597777829376.000000000 8.30740 -2.76288 2.50816 0.17270 0.78591 -0.13302 0.57864
1403638597877829632.000000000 8.34231 -2.51255 2.49842 0.17690 0.78854 -0.12166 0.57630
1403638597977829376.000000000 8.37455 -2.25268 2.48586 0.17800 0.79020 -0.11247 0.57555
1403638598077829632.000000000 8.40773 -1.98154 2.47768 0.17112 0.79042 -0.10993 0.57782
1403638598177829632.000000000 8.43886 -1.69933 2.47528 0.14945 0.79197 -0.11911 0.57988
1403638598277829376.000000000 8.46664 -1.41088 2.47743 0.13196 0.79391 -0.12754 0.57968
1403638598377829632.000000000 8.49255 -1.12168 2.47742 0.12101 0.79573 -0.13285 0.57838
1403638598477829376.000000000 8.51614 -0.83355 2.47162 0.11677 0.79802 -0.13464 0.57567
1403638598577829632.000000000 8.53704 -0.54699 2.45784 0.11179 0.80004 -0.13264 0.57432
1403638598677829632.000000000 8.55662 -0.26262 2.43881 0.10741 0.80240 -0.12408 0.57378
1403638598777829376.000000000 8.57537 0.01941 2.42081 0.09897 0.80466 -0.11323 0.57438
1403638598877829632.000000000 8.59211 0.29908 2.40918 0.08971 0.80578 -0.09878 0.57699
1403638598977829376.000000000 8.60554 0.57618 2.40117 0.07977 0.80835 -0.08238 0.57743
1403638599077829632.000000000 8.61795 0.85146 2.39835 0.06768 0.80986 -0.06568 0.57900
1403638599177829632.000000000 8.62764 1.12475 2.40233 0.05565 0.81127 -0.04799 0.58003
1403638599277829376.000000000 8.63463 1.39545 2.41090 0.04464 0.81333 -0.02891 0.57937
1403638599377829632.000000000 8.63976 1.66480 2.42749 0.03213 0.81662 -0.01157 0.57616
1403638599477829376.000000000 8.64288 1.93249 2.44887 0.02305 0.81882 0.00183 0.57358
1403638599577829632.000000000 8.64586 2.19937 2.46889 0.01756 0.82116 0.01039 0.57033
1403638599677829632.000000000 8.64733 2.46434 2.48027 0.01390 0.82263 0.01506 0.56820
1403638599777829376.000000000 8.64863 2.72848 2.48263 0.01262 0.82274 0.01618 0.56805
1403638599877829632.000000000 8.65361 2.99043 2.47802 0.01067 0.82404 0.01377 0.56627
1403638599977829376.000000000 8.66079 3.25044 2.46916 0.00689 0.82423 0.00821 0.56615
1403638600077829632.000000000 8.67210 3.50971 2.45482 0.00055 0.82538 0.00041 0.56458
1403638600177829632.000000000 8.68668 3.76263 2.43762 -0.01149 0.82710 -0.01133 0.56182
1403638600277829376.000000000 8.70246 4.00733 2.41522 -0.02141 0.82922 -0.02198 0.55808
1403638600377829632.000000000 8.72237 4.24055 2.39151 -0.02898 0.83064 -0.03055 0.55521
1403638600477829376.000000000 8.74592 4.45983 2.37360 -0.03519 0.83180 -0.03701 0.55271
1403638600577829632.000000000 8.77466 4.66310 2.36607 -0.03316 0.83238 -0.03763 0.55194
1403638600677829632.000000000 8.80785 4.85230 2.36646 -0.03600 0.83387 -0.04061 0.54928
1403638600777829376.000000000 8.84712 5.02762 2.37422 -0.03567 0.83761 -0.04043 0.54360
1403638600877829632.000000000 8.89363 5.18830 2.38747 -0.02468 0.84145 -0.03160 0.53885
1403638600977829376.000000000 8.94555 5.33762 2.39867 -0.00789 0.84360 -0.01811 0.53661
1403638601077829632.000000000 9.00558 5.47983 2.40533 0.00129 0.84403 -0.01008 0.53620
1403638601177829632.000000000 9.07646 5.60820 2.40840 0.00904 0.84273 -0.00354 0.53825
1403638601277829376.000000000 9.15244 5.74268 2.40770 0.01849 0.83634 0.00397 0.54789
1403638601377829632.000000000 9.23309 5.87981 2.40549 0.01580 0.83128 0.00779 0.55558
1403638601477829376.000000000 9.31739 6.02053 2.40665 0.00278 0.82687 0.01241 0.56225
1403638601577829632.000000000 9.40260 6.15950 2.41536 -0.00802 0.82210 0.02671 0.56867
1403638601677829632.000000000 9.48733 6.30055 2.42736 -0.01917 0.81952 0.04675 0.57081
1403638601777829376.000000000 9.57137 6.43320 2.45015 -0.03188 0.81668 0.07233 0.57165
1403638601877829632.000000000 9.65211 6.56912 2.47960 -0.04581 0.81170 0.10144 0.57337
1403638601977829376.000000000 9.72958 6.70846 2.50950 -0.06066 0.80857 0.12487 0.57178
1403638602077829632.000000000 9.80448 6.84829 2.53377 -0.07220 0.80694 0.14183 0.56878
1403638602177829632.000000000 9.87650 6.98876 2.55159 -0.07815 0.80226 0.15749 0.57050
1403638602277829376.000000000 9.94419 7.13228 2.56459 -0.08575 0.79526 0.17495 0.57411
1403638602377829632.000000000 10.00622 7.27999 2.57747 -0.10822 0.78421 0.18748 0.58150
1403638602477829376.000000000 10.06071 7.42852 2.60079 -0.14313 0.76221 0.19390 0.60079
1403638602577829632.000000000 10.10232 7.56988 2.63129 -0.17833 0.74059 0.19884 0.61660
1403638602677829632.000000000 10.12900 7.69680 2.66615 -0.19898 0.73034 0.21221 0.61805
1403638602777829376.000000000 10.13927 7.80696 2.70549 -0.20997 0.72605 0.23182 0.61239
1403638602877829632.000000000 10.13354 7.89996 2.74884 -0.22105 0.72273 0.25139 0.60465
1403638602977829376.000000000 10.11491 7.98052 2.79444 -0.24058 0.72298 0.26668 0.59017
1403638603077829632.000000000 10.08693 8.04758 2.83694 -0.25931 0.71810 0.28126 0.58137
1403638603177829632.000000000 10.05324 8.10154 2.87314 -0.27142 0.71089 0.29549 0.57762
1403638603277829376.000000000 10.01239 8.14070 2.89762 -0.26958 0.71838 0.31252 0.55999
1403638603377829632.000000000 9.96641 8.16526 2.91241 -0.26282 0.73118 0.32687 0.53802
1403638603477829376.000000000 9.92095 8.19260 2.92549 -0.25913 0.73971 0.33385 0.52367
1403638603577829632.000000000 9.87643 8.21657 2.93686 -0.26022 0.73768 0.33792 0.52338
1403638603677829632.000000000 9.83007 8.23282 2.94192 -0.26232 0.72996 0.34033 0.53152
1403638603777829376.000000000 9.78473 8.24545 2.93896 -0.25598 0.72135 0.34659 0.54221
1403638603877829632.000000000 9.73194 8.25528 2.93305 -0.24918 0.71377 0.35140 0.55223
1403638603977829376.000000000 9.67418 8.25922 2.91671 -0.24423 0.70695 0.35429 0.56129
1403638604077829632.000000000 9.60350 8.26197 2.89934 -0.23801 0.70356 0.35679 0.56662
1403638604177829632.000000000 9.52634 8.26137 2.88368 -0.23695 0.70291 0.35773 0.56727
1403638604277829376.000000000 9.43523 8.25794 2.87650 -0.24320 0.70692 0.35389 0.56203
1403638604377829632.000000000 9.33740 8.24711 2.87343 -0.24869 0.71458 0.35084 0.55175
1403638604477829376.000000000 9.23178 8.23316 2.87939 -0.24657 0.72244 0.35249 0.54133
1403638604577829632.000000000 9.12360 8.21684 2.88949 -0.24473 0.72703 0.35392 0.53505
1403638604677829632.000000000 9.01310 8.20090 2.89455 -0.24732 0.73031 0.35229 0.53045
1403638604777829376.000000000 8.89990 8.17782 2.89525 -0.25165 0.73219 0.34971 0.52750
1403638604877829632.000000000 8.78999 8.15420 2.89372 -0.25278 0.73536 0.34909 0.52296
1403638604977829376.000000000 8.68002 8.12912 2.89594 -0.25035 0.74134 0.35088 0.51441
1403638605077829632.000000000 8.57220 8.10209 2.90598 -0.24782 0.74776 0.35287 0.50490
1403638605177829632.000000000 8.46816 8.07645 2.92397 -0.24531 0.75171 0.35489 0.49881
1403638605277829376.000000000 8.37052 8.05715 2.94443 -0.24143 0.75253 0.35759 0.49753
1403638605377829632.000000000 8.27687 8.04312 2.96036 -0.23530 0.74785 0.36184 0.50441
1403638605477829376.000000000 8.18659 8.03524 2.97278 -0.22800 0.73779 0.36732 0.51841
1403638605577829632.000000000 8.09293 8.03028 2.97798 -0.22238 0.72945 0.37148 0.52958
1403638605677829632.000000000 7.99494 8.02953 2.97853 -0.21777 0.72369 0.37470 0.53707
1403638605777829376.000000000 7.89091 8.03377 2.98204 -0.21615 0.72278 0.37578 0.53820
1403638605877829632.000000000 7.78353 8.04271 2.99645 -0.21339 0.72272 0.37743 0.53823
1403638605977829376.000000000 7.66790 8.06012 3.01617 -0.20928 0.72201 0.37931 0.53947
1403638606077829632.000000000 7.54575 8.08064 3.03490 -0.20669 0.72212 0.38004 0.53981
1403638606177829632.000000000 7.41476 8.10775 3.04534 -0.20321 0.72191 0.38158 0.54033
1403638606277829376.000000000 7.28028 8.14066 3.05087 -0.20109 0.72313 0.38193 0.53924
1403638606377829632.000000000 7.13574 8.17918 3.04563 -0.20665 0.73166 0.37715 0.52889
1403638606477829376.000000000 6.98950 8.22416 3.03409 -0.21480 0.74190 0.37052 0.51591
1403638606577829632.000000000 6.84237 8.27408 3.01709 -0.22176 0.75049 0.36591 0.50368
1403638606677829632.000000000 6.69902 8.32992 2.99538 -0.22728 0.75363 0.36807 0.49488
1403638606777829376.000000000 6.55932 8.39200 2.96953 -0.23216 0.75352 0.37731 0.48575
1403638606877829632.000000000 6.42476 8.46079 2.94189 -0.24076 0.74984 0.39002 0.47714
1403638606977829376.000000000 6.29737 8.53877 2.91908 -0.25170 0.74257 0.40551 0.46989
1403638607077829632.000000000 6.17956 8.62380 2.90686 -0.26575 0.73381 0.41993 0.46321
1403638607177829632.000000000 6.06978 8.71560 2.90260 -0.28221 0.72407 0.42696 0.46236
1403638607277829376.000000000 5.96453 8.81152 2.89825 -0.29600 0.71053 0.43129 0.47067
1403638607377829632.000000000 5.86385 8.90894 2.88567 -0.30872 0.70207 0.43128 0.47517
1403638607477829376.000000000 5.76840 9.00634 2.86460 -0.31456 0.69897 0.43239 0.47490
1403638607577829632.000000000 5.67881 9.10068 2.83680 -0.31656 0.69793 0.43369 0.47392
1403638607677829632.000000000 5.59177 9.19278 2.80455 -0.31822 0.69623 0.43361 0.47538
1403638607777829376.000000000 5.51002 9.28280 2.76967 -0.31665 0.69478 0.43401 0.47817
1403638607877829632.000000000 5.43048 9.37024 2.73053 -0.31779 0.69702 0.43188 0.47607
1403638607977829376.000000000 5.35796 9.45453 2.68821 -0.32000 0.70145 0.42853 0.47110
1403638608077829632.000000000 5.28870 9.53861 2.64150 -0.32071 0.70022 0.42592 0.47478
1403638608177829632.000000000 5.22502 9.61934 2.59031 -0.31684 0.69722 0.42626 0.48145
1403638608277829376.000000000 5.16542 9.69632 2.53506 -0.31551 0.69265 0.42556 0.48947
1403638608377829632.000000000 5.10729 9.76920 2.47521 -0.31579 0.68687 0.42432 0.49844
1403638608477829376.000000000 5.05026 9.83852 2.40934 -0.31589 0.68680 0.42393 0.49881
1403638608577829632.000000000 4.99502 9.90248 2.33793 -0.31408 0.68835 0.42460 0.49723
1403638608677829632.000000000 4.93886 9.96047 2.27000 -0.31959 0.68560 0.42068 0.50084
1403638608777829376.000000000 4.88297 10.01272 2.20544 -0.32004 0.68576 0.42037 0.50060
1403638608877829632.000000000 4.82602 10.05641 2.14727 -0.31877 0.68920 0.42167 0.49557
1403638608977829376.000000000 4.77197 10.09587 2.09607 -0.31787 0.69329 0.42259 0.48961
1403638609077829632.000000000 4.71902 10.13359 2.05169 -0.31722 0.69608 0.42309 0.48562
1403638609177829632.000000000 4.66868 10.16668 2.01342 -0.31911 0.69656 0.42173 0.48489
1403638609277829376.000000000 4.62094 10.19376 1.97437 -0.32712 0.69666 0.41601 0.48434
1403638609377829632.000000000 4.57572 10.21562 1.92944 -0.32597 0.69690 0.41650 0.48436
1403638609477829376.000000000 4.53503 10.23669 1.87628 -0.32231 0.69698 0.41864 0.48484
1403638609577829632.000000000 4.49556 10.25167 1.81720 -0.31880 0.69700 0.42060 0.48544
1403638609677829632.000000000 4.45958 10.27331 1.75107 -0.31667 0.69608 0.42209 0.48685
1403638609777829376.000000000 4.42491 10.28286 1.68643 -0.31544 0.69620 0.42283 0.48685
1403638609877829632.000000000 4.39562 10.29880 1.62699 -0.31592 0.69644 0.42258 0.48640
1403638609977829376.000000000 4.36687 10.30333 1.57737 -0.31682 0.69597 0.42176 0.48720
1403638610077829632.000000000 4.34295 10.31156 1.53572 -0.32018 0.69375 0.41929 0.49030
1403638610177829632.000000000 4.31983 10.31192 1.49900 -0.32125 0.69070 0.41841 0.49464
1403638610277829376.000000000 4.29708 10.30804 1.45739 -0.32362 0.68943 0.41641 0.49655
1403638610377829632.000000000 4.27676 10.29870 1.40970 -0.32448 0.68907 0.41576 0.49703
1403638610477829376.000000000 4.25654 10.28303 1.35668 -0.32462 0.68745 0.41531 0.49956
1403638610577829632.000000000 4.23608 10.26134 1.30025 -0.32744 0.68223 0.41309 0.50666
1403638610677829632.000000000 4.21496 10.23173 1.24307 -0.33190 0.67717 0.40989 0.51311
1403638610777829376.000000000 4.19237 10.19925 1.18610 -0.32948 0.68251 0.41254 0.50540
1403638610877829632.000000000 4.16935 10.15621 1.13907 -0.32573 0.68887 0.41649 0.49588
1403638610977829376.000000000 4.14947 10.11423 1.09773 -0.32633 0.68927 0.41680 0.49466
1403638611077829632.000000000 4.12939 10.06484 1.05553 -0.32947 0.68644 0.41496 0.49805
1403638611177829632.000000000 4.11101 10.00880 1.00948 -0.33082 0.68549 0.41511 0.49834
1403638611277829376.000000000 4.09396 9.94574 0.96341 -0.33030 0.68510 0.41608 0.49842
1403638611377829632.000000000 4.07459 9.87574 0.91849 -0.32390 0.68271 0.42049 0.50218
1403638611477829376.000000000 4.05651 9.80237 0.88431 -0.31169 0.67846 0.42846 0.50888
1403638611577829632.000000000 4.03185 9.72148 0.85376 -0.30287 0.67802 0.43365 0.51039
1403638611677829632.000000000 4.00169 9.63743 0.82972 -0.30122 0.68041 0.43399 0.50790
1403638611777829376.000000000 3.96907 9.55570 0.80473 -0.30691 0.68617 0.42972 0.50032
1403638611877829632.000000000 3.93561 9.47365 0.77420 -0.31214 0.69178 0.42532 0.49307
1403638611977829376.000000000 3.90154 9.39000 0.74028 -0.31483 0.69515 0.42268 0.48887
1403638612077829632.000000000 3.86913 9.30804 0.70818 -0.31422 0.69709 0.42238 0.48675
1403638612177829632.000000000 3.83966 9.22502 0.68227 -0.31563 0.69834 0.42081 0.48542
1403638612277829376.000000000 3.81352 9.14280 0.66568 -0.31617 0.69831 0.42015 0.48567
1403638612377829632.000000000 3.79067 9.05984 0.65351 -0.31455 0.69786 0.42075 0.48685
1403638612477829376.000000000 3.76887 8.97449 0.63828 -0.31392 0.69661 0.42006 0.48964
1403638612577829632.000000000 3.74834 8.89005 0.61728 -0.31100 0.69445 0.42062 0.49406
1403638612677829632.000000000 3.72707 8.80521 0.58924 -0.30515 0.69255 0.42304 0.49829
1403638612777829376.000000000 3.70355 8.71574 0.55328 -0.30231 0.69158 0.42286 0.50151
1403638612877829632.000000000 3.67943 8.63106 0.52056 -0.30246 0.69046 0.42057 0.50488
1403638612977829376.000000000 3.64908 8.54111 0.48883 -0.30337 0.69104 0.41845 0.50530
1403638613077829632.000000000 3.61986 8.45623 0.46789 -0.30396 0.69384 0.41729 0.50206
1403638613177829632.000000000 3.58753 8.36882 0.45412 -0.30350 0.69627 0.41702 0.49919
1403638613277829376.000000000 3.55210 8.27714 0.44504 -0.30269 0.69670 0.41721 0.49892
1403638613377829632.000000000 3.51822 8.19156 0.44441 -0.30195 0.69627 0.41772 0.49955
1403638613477829376.000000000 3.48248 8.10390 0.44145 -0.30255 0.69574 0.41662 0.50083
1403638613577829632.000000000 3.44576 8.01164 0.43123 -0.30185 0.69698 0.41231 0.50310
1403638613677829632.000000000 3.40824 7.92447 0.41583 -0.30572 0.69766 0.40557 0.50530
1403638613777829376.000000000 3.36765 7.82964 0.39220 -0.30956 0.69631 0.39789 0.51088
1403638613877829632.000000000 3.32981 7.73836 0.36282 -0.30647 0.69853 0.38978 0.51595
1403638613977829376.000000000 3.28834 7.63488 0.32667 -0.29879 0.70452 0.37980 0.51973
1403638614077829632.000000000 3.24769 7.52864 0.28693 -0.28686 0.71256 0.36790 0.52404
1403638614177829632.000000000 3.20599 7.41868 0.24679 -0.27221 0.72280 0.35490 0.52679
1403638614277829376.000000000 3.16280 7.30675 0.21166 -0.26123 0.73171 0.34131 0.52903
1403638614377829632.000000000 3.11672 7.19143 0.18156 -0.25263 0.73839 0.33176 0.52999
1403638614477829376.000000000 3.07153 7.08055 0.16145 -0.24916 0.74311 0.32279 0.53057
1403638614577829632.000000000 3.02618 6.96804 0.14842 -0.24525 0.74760 0.31441 0.53112
1403638614677829632.000000000 2.98182 6.85526 0.14638 -0.24213 0.75279 0.30235 0.53222
1403638614777829376.000000000 2.94162 6.74293 0.15290 -0.24030 0.76269 0.28572 0.52814
1403638614877829632.000000000 2.90440 6.62860 0.17045 -0.23271 0.77382 0.26814 0.52454
1403638614977829376.000000000 2.87478 6.51579 0.19540 -0.21955 0.78307 0.24896 0.52594
1403638615077829632.000000000 2.85162 6.40172 0.22535 -0.20139 0.79047 0.22812 0.53156
1403638615177829632.000000000 2.83632 6.28802 0.26142 -0.17984 0.79394 0.20596 0.54304
1403638615277829376.000000000 2.82492 6.17347 0.30198 -0.15465 0.79632 0.18450 0.55491
1403638615377829632.000000000 2.81391 6.05935 0.33824 -0.13314 0.79997 0.15904 0.56305
1403638615477829376.000000000 2.80245 5.94197 0.36766 -0.11276 0.80301 0.13312 0.56985
1403638615577829632.000000000 2.78921 5.82297 0.38992 -0.09559 0.80629 0.10877 0.57352
1403638615677829632.000000000 2.77460 5.70553 0.40898 -0.08225 0.80836 0.09143 0.57570
1403638615777829376.000000000 2.75872 5.58914 0.43274 -0.07449 0.80962 0.07896 0.57682
1403638615877829632.000000000 2.74085 5.47434 0.46390 -0.06923 0.81083 0.06715 0.57728
1403638615977829376.000000000 2.72292 5.35951 0.49307 -0.06201 0.81236 0.05526 0.57720
1403638616077829632.000000000 2.70323 5.24299 0.51497 -0.05309 0.81293 0.04302 0.57833
1403638616177829632.000000000 2.68253 5.12541 0.52392 -0.04332 0.81408 0.02895 0.57841
1403638616277829376.000000000 2.66110 5.00724 0.51580 -0.03268 0.81501 0.01078 0.57842
1403638616377829632.000000000 2.63850 4.88746 0.49283 -0.01943 0.81564 -0.00851 0.57818
1403638616477829376.000000000 2.61542 4.76664 0.46254 -0.00888 0.81607 -0.02642 0.57728
1403638616577829632.000000000 2.59199 4.64665 0.42869 0.00048 0.81769 -0.03895 0.57434
1403638616677829632.000000000 2.56936 4.52522 0.39143 0.00623 0.82229 -0.04859 0.56696
1403638616777829376.000000000 2.55049 4.40583 0.34878 0.00314 0.83070 -0.05888 0.55358
1403638616877829632.000000000 2.53519 4.28535 0.30673 -0.00074 0.83640 -0.06566 0.54418
1403638616977829376.000000000 2.53009 4.16063 0.27341 0.00453 0.83468 -0.06329 0.54706
1403638617077829632.000000000 2.53078 4.03293 0.25014 0.01025 0.83110 -0.05826 0.55297
1403638617177829632.000000000 2.53534 3.90245 0.23544 0.01630 0.82830 -0.05132 0.55770
1403638617277829376.000000000 2.54373 3.77219 0.22580 0.01798 0.83073 -0.04664 0.55442
1403638617377829632.000000000 2.55591 3.64261 0.22144 0.01765 0.83481 -0.04378 0.54851
1403638617477829376.000000000 2.57333 3.51596 0.22505 0.01741 0.83761 -0.04062 0.54448
1403638617577829632.000000000 2.59622 3.39043 0.23664 0.01726 0.83837 -0.03767 0.54353
1403638617677829632.000000000 2.62746 3.26946 0.25726 0.01839 0.83705 -0.03375 0.54578
1403638617777829376.000000000 2.66493 3.15140 0.28550 0.01859 0.83547 -0.03103 0.54835
1403638617877829632.000000000 2.70748 3.03837 0.32126 0.01963 0.83553 -0.02772 0.54840
1403638617977829376.000000000 2.75508 2.92899 0.36099 0.01763 0.83452 -0.02727 0.55003
1403638618077829632.000000000 2.80624 2.82128 0.39574 0.01687 0.83416 -0.02599 0.55065
1403638618177829632.000000000 2.86136 2.71731 0.42438 0.01450 0.83432 -0.02592 0.55048
1403638618277829376.000000000 2.92080 2.61512 0.44615 0.01497 0.83435 -0.02439 0.55050
1403638618377829632.000000000 2.98176 2.51782 0.46517 0.01480 0.83362 -0.02337 0.55165
1403638618477829376.000000000 3.04765 2.42212 0.48067 0.01457 0.83375 -0.02211 0.55150
1403638618577829632.000000000 3.11598 2.33148 0.49580 0.01579 0.83275 -0.02134 0.55301
1403638618677829632.000000000 3.18937 2.24043 0.50742 0.01967 0.83261 -0.02444 0.55297
1403638618777829376.000000000 3.26533 2.15451 0.52445 0.02228 0.83189 -0.02764 0.55381
1403638618877829632.000000000 3.34547 2.07219 0.54649 0.02536 0.83012 -0.03099 0.55614
1403638618977829376.000000000 3.42915 1.99325 0.57088 0.03144 0.82598 -0.03995 0.56141
1403638619077829632.000000000 3.51427 1.91513 0.58699 0.04338 0.82232 -0.05362 0.56483
1403638619177829632.000000000 3.59934 1.83915 0.59526 0.05697 0.81866 -0.07247 0.56683
1403638619277829376.000000000 3.68468 1.76635 0.59650 0.07097 0.81461 -0.09655 0.56750
1403638619377829632.000000000 3.76880 1.69604 0.58821 0.08716 0.80998 -0.12103 0.56718
1403638619477829376.000000000 3.85192 1.63004 0.57462 0.09773 0.80557 -0.14223 0.56681
1403638619577829632.000000000 3.93661 1.56639 0.56091 0.10426 0.80183 -0.15793 0.56679
1403638619677829632.000000000 4.01981 1.50383 0.54345 0.10051 0.79824 -0.17431 0.56774
1403638619777829376.000000000 4.10018 1.44079 0.52352 0.09687 0.79572 -0.18582 0.56826
1403638619877829632.000000000 4.17739 1.37544 0.50232 0.09653 0.79356 -0.19221 0.56921
1403638619977829376.000000000 4.25021 1.30830 0.47677 0.09787 0.79267 -0.19588 0.56896
1403638620077829632.000000000 4.31800 1.23587 0.45588 0.09998 0.79014 -0.19739 0.57160
1403638620177829632.000000000 4.38074 1.16219 0.43878 0.10464 0.78709 -0.19629 0.57533
1403638620277829376.000000000 4.43543 1.08576 0.43091 0.10738 0.78769 -0.19509 0.57442
1403638620377829632.000000000 4.48523 1.00831 0.42913 0.11012 0.78911 -0.19296 0.57267
1403638620477829376.000000000 4.52991 0.92982 0.43365 0.11116 0.79028 -0.19085 0.57155
1403638620577829632.000000000 4.56881 0.85210 0.43911 0.11083 0.79163 -0.18931 0.57027
1403638620677829632.000000000 4.60567 0.77254 0.43749 0.10791 0.79416 -0.18921 0.56734
1403638620777829376.000000000 4.63517 0.69488 0.43200 0.10439 0.79749 -0.18960 0.56317
1403638620877829632.000000000 4.66636 0.61308 0.42220 0.10761 0.80070 -0.18512 0.55948
1403638620977829376.000000000 4.69637 0.53167 0.40891 0.11220 0.80134 -0.17922 0.55960
1403638621077829632.000000000 4.71926 0.45271 0.39635 0.11594 0.79976 -0.17410 0.56270
1403638621177829632.000000000 4.74937 0.37129 0.38563 0.11463 0.79856 -0.17229 0.56522
1403638621277829376.000000000 4.77146 0.29635 0.38466 0.11497 0.79738 -0.16966 0.56761
1403638621377829632.000000000 4.80005 0.21872 0.38572 0.11663 0.79829 -0.16665 0.56689
1403638621477829376.000000000 4.81901 0.14831 0.38381 0.11723 0.79644 -0.16450 0.56998
1403638621577829632.000000000 4.84350 0.07751 0.37412 0.11722 0.79429 -0.16245 0.57357
1403638621677829632.000000000 4.86063 0.01449 0.36129 0.11688 0.79332 -0.16135 0.57528
1403638621777829376.000000000 4.87904 -0.04984 0.34311 0.11777 0.79169 -0.16011 0.57769
1403638621877829632.000000000 4.89305 -0.11047 0.32185 0.11961 0.78826 -0.15827 0.58248
1403638621977829376.000000000 4.89375 -0.15276 0.29861 0.12021 0.78569 -0.15760 0.58600
1403638622077829632.000000000 4.89946 -0.20485 0.27038 0.11866 0.78527 -0.15873 0.58658
1403638622177829632.000000000 4.89471 -0.24037 0.24069 0.11566 0.78621 -0.16066 0.58539
1403638622277829376.000000000 4.89032 -0.28353 0.21334 0.11280 0.78554 -0.16306 0.58618
1403638622377829632.000000000 4.87824 -0.31939 0.19381 0.11348 0.78650 -0.16363 0.58460
1403638622477829376.000000000 4.86099 -0.35408 0.18415 0.11707 0.78730 -0.16209 0.58325
1403638622577829632.000000000 4.83595 -0.37921 0.18296 0.12067 0.78709 -0.16080 0.58316
1403638622677829632.000000000 4.81166 -0.40875 0.18736 0.12452 0.78302 -0.15909 0.58827
1403638622777829376.000000000 4.77858 -0.42598 0.20657 0.12745 0.77184 -0.15768 0.60263
1403638622877829632.000000000 4.74234 -0.44550 0.22649 0.12904 0.76702 -0.15724 0.60853
1403638622977829376.000000000 4.69616 -0.45081 0.24540 0.12765 0.77079 -0.15973 0.60338
1403638623077829632.000000000 4.64118 -0.45466 0.25704 0.12398 0.77728 -0.16330 0.59482
1403638623177829632.000000000 4.57887 -0.45374 0.26370 0.11892 0.78116 -0.16712 0.58968
1403638623277829376.000000000 4.50851 -0.44370 0.26689 0.11590 0.78449 -0.16956 0.58514
1403638623377829632.000000000 4.43712 -0.44060 0.26422 0.11356 0.78707 -0.17133 0.58161
1403638623477829376.000000000 4.36022 -0.43189 0.25886 0.11428 0.78875 -0.17119 0.57923
1403638623577829632.000000000 4.28293 -0.42615 0.25488 0.11562 0.78889 -0.17052 0.57897
1403638623677829632.000000000 4.20104 -0.41915 0.25970 0.11707 0.78940 -0.16995 0.57816
1403638623777829376.000000000 4.11592 -0.41227 0.27027 0.11926 0.79041 -0.16973 0.57638
1403638623877829632.000000000 4.02650 -0.40310 0.28593 0.12065 0.79155 -0.16984 0.57450
1403638623977829376.000000000 3.93383 -0.39249 0.30053 0.12224 0.79271 -0.17032 0.57242
1403638624077829632.000000000 3.83957 -0.37906 0.30779 0.12058 0.79298 -0.17313 0.57156
1403638624177829632.000000000 3.74635 -0.36782 0.31575 0.11812 0.79290 -0.17562 0.57142
1403638624277829376.000000000 3.64950 -0.35387 0.31409 0.11607 0.79254 -0.17828 0.57151
1403638624377829632.000000000 3.55352 -0.34016 0.30950 0.11568 0.79204 -0.18006 0.57172
1403638624477829376.000000000 3.45920 -0.32988 0.30561 0.11707 0.79188 -0.18031 0.57158
1403638624577829632.000000000 3.35833 -0.31679 0.29285 0.11249 0.78351 -0.18504 0.58242
1403638624677829632.000000000 3.25614 -0.30478 0.27881 0.11418 0.77926 -0.18275 0.58849
1403638624777829376.000000000 3.15426 -0.29479 0.27141 0.11896 0.78536 -0.17288 0.58238
1403638624877829632.000000000 3.04289 -0.27911 0.26790 0.12031 0.79150 -0.16470 0.57613
1403638624977829376.000000000 2.93916 -0.26572 0.27384 0.11298 0.79483 -0.16258 0.57363
1403638625077829632.000000000 2.83476 -0.25250 0.27984 0.10528 0.79592 -0.16156 0.57387
1403638625177829632.000000000 2.72312 -0.23539 0.27953 0.09892 0.79681 -0.16179 0.57371
1403638625277829376.000000000 2.62080 -0.22571 0.27737 0.09678 0.79777 -0.16012 0.57319
1403638625377829632.000000000 2.50880 -0.21146 0.27256 0.09565 0.79791 -0.15912 0.57347
1403638625477829376.000000000 2.40543 -0.20396 0.27449 0.09457 0.79745 -0.15870 0.57441
1403638625577829632.000000000 2.29497 -0.19479 0.28161 0.09518 0.79801 -0.15797 0.57372
1403638625677829632.000000000 2.18610 -0.18595 0.29597 0.09529 0.79964 -0.15793 0.57144
1403638625777829376.000000000 2.07871 -0.18203 0.31263 0.09398 0.80421 -0.15901 0.56492
1403638625877829632.000000000 1.96968 -0.17472 0.32351 0.09420 0.80681 -0.15945 0.56104
1403638625977829376.000000000 1.86586 -0.17317 0.33077 0.09524 0.80726 -0.15957 0.56018
1403638626077829632.000000000 1.76249 -0.17010 0.33150 0.09373 0.80851 -0.16141 0.55810
1403638626177829632.000000000 1.66725 -0.17079 0.32784 0.09398 0.80893 -0.16183 0.55733
1403638626277829376.000000000 1.56961 -0.17243 0.32019 0.09698 0.80746 -0.16044 0.55933
1403638626377829632.000000000 1.47331 -0.17516 0.30980 0.10494 0.80562 -0.15513 0.56205
1403638626477829376.000000000 1.38065 -0.17728 0.29586 0.10741 0.80439 -0.15295 0.56394
1403638626577829632.000000000 1.28779 -0.17808 0.28056 0.10808 0.80673 -0.15199 0.56072
1403638626677829632.000000000 1.19977 -0.17873 0.26574 0.10683 0.80863 -0.15243 0.55809
1403638626777829376.000000000 1.11511 -0.17756 0.25479 0.10420 0.81251 -0.15422 0.55244
1403638626877829632.000000000 1.03606 -0.17704 0.25136 0.10368 0.81522 -0.15398 0.54859
1403638626977829376.000000000 0.96252 -0.17719 0.25475 0.10300 0.81612 -0.15407 0.54735
1403638627077829632.000000000 0.89392 -0.17782 0.25741 0.10234 0.81622 -0.15370 0.54744
1403638627177829632.000000000 0.82992 -0.17810 0.25389 0.10162 0.81614 -0.15356 0.54772
1403638627277829376.000000000 0.77111 -0.17981 0.24913 0.10293 0.81617 -0.15223 0.54781
1403638627377829632.000000000 0.71780 -0.18149 0.24177 0.10500 0.81559 -0.15036 0.54880
1403638627477829376.000000000 0.66976 -0.18324 0.23101 0.10522 0.81598 -0.15008 0.54825
1403638627577829632.000000000 0.62658 -0.18494 0.21818 0.10649 0.81483 -0.14967 0.54982
1403638627677829632.000000000 0.58863 -0.18608 0.20443 0.10859 0.81182 -0.14886 0.55408
1403638627777829376.000000000 0.56224 -0.18593 0.18458 0.11041 0.81003 -0.14794 0.55658
1403638627877829632.000000000 0.53172 -0.18470 0.16915 0.11137 0.80935 -0.14797 0.55736
1403638627977829376.000000000 0.50368 -0.18174 0.15216 0.11177 0.81129 -0.14811 0.55442
1403638628077829632.000000000 0.47895 -0.17713 0.13762 0.11275 0.81237 -0.14838 0.55256
1403638628177829632.000000000 0.46040 -0.17199 0.12499 0.11384 0.81295 -0.14891 0.55134
1403638628277829376.000000000 0.44509 -0.16431 0.11372 0.11402 0.81317 -0.14963 0.55078
1403638628377829632.000000000 0.43219 -0.15373 0.10596 0.11273 0.81369 -0.15119 0.54986
1403638628477829376.000000000 0.42505 -0.14360 0.10006 0.10686 0.81086 -0.15583 0.55390
1403638628577829632.000000000 0.43289 -0.13284 0.09069 0.09893 0.80372 -0.16145 0.56408
1403638628677829632.000000000 0.42467 -0.12519 0.08993 0.09342 0.79963 -0.16543 0.56965
1403638628777829376.000000000 0.43392 -0.11793 0.08607 0.09529 0.80089 -0.16478 0.56776
1403638628877829632.000000000 0.42420 -0.11222 0.07827 0.09979 0.80150 -0.16206 0.56691
1403638628977829376.000000000 0.41329 -0.10796 0.06663 0.10471 0.80217 -0.15915 0.56588
1403638629077829632.000000000 0.40638 -0.10833 0.05514 0.10941 0.80338 -0.15566 0.56425
1403638629177829632.000000000 0.39259 -0.10399 0.04718 0.11176 0.80456 -0.15368 0.56265
1403638629277829376.000000000 0.38306 -0.10062 0.04101 0.11238 0.80487 -0.15282 0.56232
1403638629377829632.000000000 0.37381 -0.09356 0.03815 0.11322 0.80795 -0.15298 0.55767
1403638629477829376.000000000 0.36895 -0.08540 0.03666 0.11181 0.81240 -0.15479 0.55096
1403638629577829632.000000000 0.37053 -0.07847 0.03836 0.10822 0.81537 -0.15755 0.54647
1403638629677829632.000000000 0.37928 -0.07382 0.04204 0.09723 0.81326 -0.16583 0.54923
1403638629777829376.000000000 0.38715 -0.07056 0.04559 0.09059 0.80762 -0.17110 0.55701
1403638629877829632.000000000 0.39486 -0.06971 0.04547 0.08910 0.80122 -0.17272 0.56594
1403638629977829376.000000000 0.40007 -0.07198 0.03744 0.10017 0.79573 -0.16590 0.57381
1403638630077829632.000000000 0.40212 -0.07538 0.01908 0.10929 0.79220 -0.15979 0.57874
1403638630177829632.000000000 0.40136 -0.07694 -0.00861 0.11365 0.79500 -0.15640 0.57497
1403638630277829376.000000000 0.39739 -0.07706 -0.04292 0.11446 0.79954 -0.15572 0.56867
1403638630377829632.000000000 0.39834 -0.07406 -0.06829 0.11039 0.81896 -0.15681 0.54087
1403638630477829376.000000000 0.40998 -0.07343 -0.05709 0.10998 0.80099 -0.15503 0.56770
