1403638129345096960.000000000 0.00133 -0.00309 0.01739 -0.03588 0.82033 -0.02432 0.57025
1403638129445096960.000000000 0.00041 -0.00512 0.02678 -0.05204 0.81554 -0.03987 0.57497
1403638129545097216.000000000 0.00063 -0.00361 0.03214 -0.04177 0.82838 -0.02366 0.55811
1403638129645096960.000000000 0.00177 -0.00127 0.04054 -0.02432 0.83672 -0.00129 0.54710
1403638129745096960.000000000 0.00400 -0.00010 0.05264 -0.02088 0.83370 0.00151 0.55182
1403638129845096960.000000000 0.00510 0.00185 0.06848 -0.02237 0.83699 0.00351 0.54675
1403638129945096960.000000000 0.00657 0.00526 0.09274 -0.02007 0.84191 0.01091 0.53913
1403638130045097216.000000000 0.00867 0.00781 0.12739 -0.02623 0.83498 0.00656 0.54961
1403638130145096960.000000000 0.01018 0.00979 0.16563 -0.03524 0.82830 0.00185 0.55917
1403638130245096960.000000000 0.01144 0.01292 0.20430 -0.03777 0.82822 0.00829 0.55907
1403638130345096960.000000000 0.01220 0.01512 0.24566 -0.04784 0.82190 0.00216 0.56761
1403638130445096960.000000000 0.01219 0.01729 0.28601 -0.05786 0.81799 -0.00167 0.57231
1403638130545097216.000000000 0.01128 0.02026 0.32365 -0.05283 0.82061 0.01005 0.56896
1403638130645096960.000000000 0.00946 0.02233 0.36116 -0.05009 0.81761 0.01221 0.57346
1403638130745096960.000000000 0.00700 0.02284 0.39794 -0.06274 0.80949 -0.00028 0.58377
1403638130845096960.000000000 0.00406 0.02244 0.42819 -0.07489 0.80618 -0.00682 0.58687
1403638130945096960.000000000 0.00020 0.01873 0.44600 -0.07759 0.80130 -0.00973 0.59312
1403638131045097216.000000000 -0.00377 0.01500 0.44823 -0.07597 0.79012 -0.01761 0.60797
1403638131145096960.000000000 -0.00612 0.01380 0.43302 -0.07020 0.79135 -0.01485 0.60714
1403638131245096960.000000000 -0.00397 0.01570 0.40804 -0.05691 0.80342 -0.00026 0.59268
1403638131345096960.000000000 -0.00481 0.01596 0.37910 -0.05056 0.81040 0.00790 0.58363
1403638131445096960.000000000 -0.00464 0.01497 0.34827 -0.04922 0.80998 0.00562 0.58437
1403638131545097216.000000000 -0.00607 0.01508 0.31317 -0.04185 0.81206 0.00836 0.58201
1403638131645096960.000000000 -0.01094 0.01251 0.27277 -0.03925 0.81540 0.01167 0.57745
1403638131745096960.000000000 -0.01542 0.00984 0.22924 -0.03516 0.81543 0.01436 0.57760
1403638131845096960.000000000 -0.01617 0.00731 0.18729 -0.02417 0.81692 0.01988 0.57591
1403638131945096960.000000000 -0.02331 0.00595 0.14768 -0.01778 0.81759 0.02222 0.57510
1403638132045097216.000000000 -0.02282 0.00600 0.12421 -0.00898 0.82159 0.03507 0.56893
1403638132145096960.000000000 -0.02587 0.00833 0.12393 -0.00256 0.82646 0.04837 0.56091
1403638132245096960.000000000 -0.02365 0.01003 0.15398 -0.00931 0.82185 0.04605 0.56776
1403638132345096960.000000000 -0.01772 0.00089 0.20398 -0.02116 0.81433 0.04003 0.57863
1403638132445096960.000000000 -0.01648 0.00418 0.26119 -0.03816 0.81001 0.03297 0.58424
1403638132545097216.000000000 -0.01580 0.00667 0.31880 -0.05926 0.79727 0.01802 0.60043
1403638132645096960.000000000 -0.01410 0.01176 0.36738 -0.07265 0.78778 0.00807 0.61161
1403638132745096960.000000000 -0.01272 0.02146 0.39946 -0.07565 0.79448 0.00768 0.60251
1403638132845096960.000000000 -0.01304 0.03123 0.41778 -0.07871 0.79335 0.00316 0.60365
1403638132945096960.000000000 -0.01397 0.03498 0.42075 -0.08636 0.78422 -0.00511 0.61442
1403638133045097216.000000000 -0.01362 0.03105 0.40867 -0.08563 0.78362 0.00377 0.61529
1403638133145096960.000000000 -0.01008 0.01548 0.38936 -0.07471 0.78989 0.01399 0.60852
1403638133245096960.000000000 -0.00820 -0.01042 0.36462 -0.06185 0.79181 0.00795 0.60757
1403638133345096960.000000000 -0.00816 -0.04698 0.33992 -0.04321 0.79594 -0.00092 0.60382
1403638133445096960.000000000 -0.01111 -0.09014 0.31586 -0.02313 0.80156 -0.01015 0.59738
1403638133545097216.000000000 -0.01928 -0.13635 0.29672 -0.00859 0.80259 -0.03037 0.59569
1403638133645096960.000000000 -0.03259 -0.18057 0.27758 -0.00707 0.80565 -0.05076 0.59017
1403638133745096960.000000000 -0.04920 -0.21957 0.25965 0.00066 0.80879 -0.06658 0.58431
1403638133845096960.000000000 -0.06112 -0.25355 0.24336 0.01847 0.81039 -0.07694 0.58052
1403638133945096960.000000000 -0.06161 -0.27083 0.23089 0.02936 0.81167 -0.08445 0.57723
1403638134045097216.000000000 -0.04881 -0.26919 0.22567 0.03367 0.81124 -0.08560 0.57743
1403638134145096960.000000000 -0.02496 -0.25313 0.22436 0.03707 0.81593 -0.07637 0.57188
1403638134245096960.000000000 0.00529 -0.22524 0.22867 0.03655 0.81004 -0.07886 0.57990
1403638134345096960.000000000 0.04077 -0.18841 0.23409 0.03029 0.80588 -0.08598 0.58501
1403638134445096960.000000000 0.07352 -0.14639 0.23594 0.02182 0.80895 -0.08939 0.58063
1403638134545097216.000000000 0.10434 -0.10490 0.23943 0.01399 0.80784 -0.09497 0.58154
1403638134645096960.000000000 0.12321 -0.05921 0.24268 0.00513 0.80802 -0.09713 0.58108
1403638134745096960.000000000 0.14188 -0.01519 0.24849 0.00090 0.81382 -0.09338 0.57356
1403638134845096960.000000000 0.15083 0.03145 0.25667 0.00256 0.81985 -0.08719 0.56590
1403638134945096960.000000000 0.16078 0.07032 0.26615 0.00363 0.81744 -0.08612 0.56953
1403638135045097216.000000000 0.16631 0.10196 0.26853 0.00488 0.81686 -0.08336 0.57076
1403638135145096960.000000000 0.16557 0.12713 0.26571 0.00699 0.82208 -0.07418 0.56447
1403638135245096960.000000000 0.16074 0.13817 0.25885 0.00906 0.82594 -0.06940 0.55940
1403638135345096960.000000000 0.15383 0.13367 0.24895 0.01146 0.82408 -0.06956 0.56207
1403638135445096960.000000000 0.14021 0.11892 0.23924 0.01884 0.82375 -0.07041 0.56225
1403638135545097216.000000000 0.12603 0.09614 0.23116 0.02522 0.82803 -0.07008 0.55572
1403638135645096960.000000000 0.11557 0.06458 0.23044 0.03470 0.82871 -0.07266 0.55385
1403638135745096960.000000000 0.10348 0.02796 0.22846 0.03411 0.82271 -0.08728 0.56068
1403638135845096960.000000000 0.08726 -0.00353 0.22370 0.03542 0.82389 -0.09149 0.55819
1403638135945096960.000000000 0.06620 -0.03038 0.22387 0.04755 0.83142 -0.08372 0.54723
1403638136045097216.000000000 0.04194 -0.06321 0.23951 0.05898 0.83060 -0.08390 0.54734
1403638136145096960.000000000 0.01930 -0.10497 0.25936 0.06124 0.82010 -0.09555 0.56085
1403638136245096960.000000000 -0.00525 -0.14911 0.26888 0.05995 0.81344 -0.10555 0.56884
1403638136345096960.000000000 -0.02920 -0.19061 0.26538 0.07096 0.81330 -0.10713 0.56747
1403638136445096960.000000000 -0.04970 -0.21863 0.25752 0.07831 0.81609 -0.10749 0.56241
1403638136545097216.000000000 -0.06172 -0.22855 0.25614 0.07828 0.81782 -0.11570 0.55826
1403638136645096960.000000000 -0.06390 -0.21775 0.26518 0.06773 0.81658 -0.12246 0.56002
1403638136745096960.000000000 -0.05888 -0.19016 0.27910 0.05344 0.81659 -0.12034 0.56200
1403638136845096960.000000000 -0.04978 -0.15163 0.29305 0.03160 0.81343 -0.11771 0.56874
1403638136945096960.000000000 -0.04124 -0.11063 0.29708 0.00749 0.80287 -0.12170 0.58355
1403638137045097216.000000000 -0.02945 -0.06910 0.28387 -0.00624 0.79747 -0.12120 0.59103
1403638137145096960.000000000 -0.02174 -0.03313 0.25380 -0.00577 0.80272 -0.11066 0.58598
1403638137245096960.000000000 -0.01706 -0.00306 0.21478 -0.00254 0.81270 -0.09567 0.57476
1403638137345096960.000000000 -0.01462 0.02006 0.17367 -0.00202 0.81916 -0.08545 0.56716
1403638137445096960.000000000 -0.01331 0.03564 0.13338 0.00511 0.82552 -0.07810 0.55892
1403638137545097216.000000000 -0.01078 0.04735 0.09775 0.01719 0.83476 -0.06749 0.54619
1403638137645096960.000000000 -0.00821 0.05266 0.06871 0.02958 0.83975 -0.06037 0.53879
1403638137745096960.000000000 -0.00348 0.05375 0.04681 0.03547 0.83798 -0.06441 0.54072
1403638137845096960.000000000 -0.00471 0.05582 0.02998 0.03813 0.84036 -0.06645 0.53658
1403638137945096960.000000000 -0.00543 0.05812 0.01684 0.04587 0.84894 -0.05941 0.52313
1403638138045097216.000000000 -0.00585 0.06050 0.00844 0.04889 0.85399 -0.05266 0.51530
1403638138145096960.000000000 -0.00952 0.06059 0.00825 0.04694 0.84821 -0.05593 0.52460
1403638138245096960.000000000 -0.01021 0.05979 0.00684 0.04350 0.84323 -0.06129 0.53227
1403638138345096960.000000000 -0.01134 0.05991 0.00741 0.04366 0.83934 -0.06215 0.53828
1403638138445096960.000000000 -0.01242 0.05988 0.00844 0.04375 0.83645 -0.06194 0.54278
1403638138545097216.000000000 -0.01229 0.05983 0.00841 0.04332 0.83621 -0.06189 0.54317
1403638138645096960.000000000 -0.01230 0.05996 0.00838 0.04265 0.83624 -0.06192 0.54318
1403638138745096960.000000000 -0.01215 0.05999 0.00831 0.04214 0.83622 -0.06166 0.54328
1403638138845096960.000000000 -0.01213 0.05999 0.00844 0.04187 0.83631 -0.06090 0.54325
1403638138945096960.000000000 -0.01204 0.06009 0.00834 0.04122 0.83637 -0.06109 0.54318
1403638139045097216.000000000 -0.01192 0.06024 0.00833 0.04046 0.83626 -0.06108 0.54341
1403638139145096960.000000000 -0.01187 0.06036 0.00837 0.03978 0.83625 -0.06107 0.54349
1403638139245096960.000000000 -0.01181 0.06044 0.00838 0.03926 0.83623 -0.06108 0.54355
1403638139345096960.000000000 -0.01178 0.06043 0.00845 0.03901 0.83626 -0.06082 0.54355
1403638139445096960.000000000 -0.01143 0.06039 0.00855 0.03902 0.83624 -0.06060 0.54360
1403638139545097216.000000000 -0.01144 0.06035 0.00856 0.03883 0.83624 -0.06043 0.54364
1403638139645096960.000000000 -0.01141 0.06036 0.00858 0.03860 0.83626 -0.06027 0.54364
1403638139745096960.000000000 -0.01137 0.06035 0.00860 0.03837 0.83625 -0.06016 0.54368
1403638139845096960.000000000 -0.01137 0.06038 0.00863 0.03816 0.83627 -0.06004 0.54368
1403638139945096960.000000000 -0.01134 0.06041 0.00866 0.03785 0.83627 -0.06003 0.54371
1403638140045097216.000000000 -0.01131 0.06041 0.00869 0.03753 0.83631 -0.05995 0.54368
1403638140145096960.000000000 -0.01129 0.06042 0.00871 0.03734 0.83630 -0.05981 0.54373
1403638140245096960.000000000 -0.01126 0.06043 0.00871 0.03710 0.83627 -0.05974 0.54380
1403638140345096960.000000000 -0.01125 0.06043 0.00872 0.03686 0.83628 -0.05966 0.54380
1403638140445096960.000000000 -0.01123 0.06044 0.00873 0.03673 0.83628 -0.05956 0.54382
1403638140545097216.000000000 -0.01123 0.06044 0.00876 0.03651 0.83628 -0.05948 0.54384
1403638140645096960.000000000 -0.01122 0.06046 0.00877 0.03632 0.83627 -0.05943 0.54388
1403638140745096960.000000000 -0.01119 0.06045 0.00877 0.03614 0.83624 -0.05935 0.54394
1403638140845096960.000000000 -0.01119 0.06047 0.00879 0.03602 0.83624 -0.05926 0.54396
1403638140945096960.000000000 -0.01119 0.06048 0.00883 0.03586 0.83626 -0.05916 0.54395
1403638141045097216.000000000 -0.01118 0.06049 0.00884 0.03575 0.83623 -0.05909 0.54401
1403638141145096960.000000000 -0.01117 0.06049 0.00884 0.03559 0.83619 -0.05900 0.54409
1403638141245096960.000000000 -0.01116 0.06049 0.00886 0.03545 0.83619 -0.05893 0.54410
1403638141345096960.000000000 -0.01116 0.06050 0.00886 0.03527 0.83619 -0.05889 0.54413
1403638141445096960.000000000 -0.01116 0.06050 0.00888 0.03514 0.83618 -0.05882 0.54415
1403638141545097216.000000000 -0.01115 0.06050 0.00890 0.03502 0.83618 -0.05875 0.54418
1403638141645096960.000000000 -0.01115 0.06052 0.00892 0.03491 0.83619 -0.05872 0.54417
1403638141745096960.000000000 -0.01115 0.06052 0.00891 0.03481 0.83617 -0.05870 0.54422
1403638141845096960.000000000 -0.01114 0.06052 0.00893 0.03472 0.83617 -0.05860 0.54422
1403638141945096960.000000000 -0.01114 0.06053 0.00893 0.03469 0.83616 -0.05860 0.54424
1403638142045097216.000000000 -0.01114 0.06057 0.00897 0.03454 0.83618 -0.05847 0.54423
1403638142145096960.000000000 -0.01115 0.06060 0.00898 0.03445 0.83618 -0.05842 0.54425
1403638142245096960.000000000 -0.01118 0.06046 0.00898 0.03486 0.83620 -0.05884 0.54415
1403638142345096960.000000000 -0.01119 0.06049 0.00900 0.03484 0.83621 -0.05882 0.54414
1403638142445096960.000000000 -0.01119 0.06057 0.00906 0.03487 0.83628 -0.05871 0.54403
1403638142545097216.000000000 -0.01117 0.06061 0.00907 0.03461 0.83632 -0.05863 0.54400
1403638142645096960.000000000 -0.01113 0.06063 0.00906 0.03430 0.83637 -0.05834 0.54397
1403638142745096960.000000000 -0.01113 0.06064 0.00912 0.03462 0.83643 -0.05849 0.54385
1403638142845096960.000000000 -0.01114 0.06054 0.00916 0.03493 0.83651 -0.05864 0.54369
1403638142945096960.000000000 -0.01116 0.06059 0.00912 0.03493 0.83651 -0.05850 0.54370
1403638143045097216.000000000 -0.01116 0.06062 0.00913 0.03492 0.83655 -0.05840 0.54365
1403638143145096960.000000000 -0.01118 0.06060 0.00914 0.03498 0.83655 -0.05840 0.54365
1403638143245096960.000000000 -0.01117 0.06055 0.00912 0.03500 0.83659 -0.05848 0.54358
1403638143345096960.000000000 -0.01117 0.06054 0.00910 0.03514 0.83660 -0.05849 0.54355
1403638143445096960.000000000 -0.01119 0.06056 0.00911 0.03527 0.83657 -0.05859 0.54358
1403638143545097216.000000000 -0.01120 0.06055 0.00910 0.03531 0.83655 -0.05866 0.54360
1403638143645096960.000000000 -0.01120 0.06053 0.00908 0.03528 0.83657 -0.05884 0.54354
1403638143745096960.000000000 -0.01121 0.06054 0.00906 0.03530 0.83654 -0.05883 0.54359
1403638143845096960.000000000 -0.01120 0.06054 0.00906 0.03525 0.83654 -0.05882 0.54359
1403638143945096960.000000000 -0.01122 0.06052 0.00903 0.03532 0.83652 -0.05887 0.54362
1403638144045097216.000000000 -0.01121 0.06052 0.00903 0.03524 0.83654 -0.05891 0.54360
1403638144145096960.000000000 -0.01122 0.06051 0.00900 0.03533 0.83652 -0.05890 0.54362
1403638144245096960.000000000 -0.01123 0.06052 0.00899 0.03530 0.83648 -0.05890 0.54367
1403638144345096960.000000000 -0.01123 0.06052 0.00896 0.03520 0.83647 -0.05890 0.54370
1403638144445096960.000000000 -0.01123 0.06052 0.00895 0.03522 0.83645 -0.05891 0.54373
1403638144545097216.000000000 -0.01125 0.06051 0.00892 0.03526 0.83643 -0.05899 0.54375
1403638144645096960.000000000 -0.01127 0.06050 0.00893 0.03518 0.83641 -0.05889 0.54380
1403638144745096960.000000000 -0.01127 0.06052 0.00895 0.03525 0.83641 -0.05884 0.54380
1403638144845096960.000000000 -0.01125 0.06051 0.00895 0.03520 0.83639 -0.05885 0.54383
1403638144945096960.000000000 -0.01126 0.06051 0.00895 0.03527 0.83645 -0.05884 0.54373
1403638145045097216.000000000 -0.01126 0.06051 0.00894 0.03527 0.83643 -0.05888 0.54376
1403638145145096960.000000000 -0.01127 0.06052 0.00895 0.03535 0.83642 -0.05887 0.54376
1403638145245096960.000000000 -0.01128 0.06051 0.00894 0.03532 0.83639 -0.05884 0.54382
1403638145345096960.000000000 -0.01128 0.06051 0.00895 0.03528 0.83637 -0.05886 0.54386
1403638145445096960.000000000 -0.01129 0.06049 0.00899 0.03545 0.83636 -0.05890 0.54386
1403638145545097216.000000000 -0.01127 0.06049 0.00901 0.03537 0.83632 -0.05886 0.54392
1403638145645096960.000000000 -0.01129 0.06050 0.00901 0.03527 0.83639 -0.05884 0.54382
1403638145745096960.000000000 -0.01129 0.06051 0.00900 0.03525 0.83638 -0.05888 0.54384
1403638145845096960.000000000 -0.01129 0.06053 0.00900 0.03528 0.83635 -0.05886 0.54388
1403638145945096960.000000000 -0.01130 0.06051 0.00899 0.03533 0.83638 -0.05890 0.54384
1403638146045097216.000000000 -0.01129 0.06052 0.00899 0.03527 0.83635 -0.05882 0.54389
1403638146145096960.000000000 -0.01128 0.06051 0.00902 0.03531 0.83639 -0.05881 0.54383
1403638146245096960.000000000 -0.01127 0.06052 0.00902 0.03542 0.83638 -0.05878 0.54384
1403638146345096960.000000000 -0.01126 0.06051 0.00903 0.03547 0.83639 -0.05884 0.54382
1403638146445096960.000000000 -0.01126 0.06052 0.00903 0.03553 0.83634 -0.05889 0.54389
1403638146545097216.000000000 -0.01126 0.06051 0.00905 0.03560 0.83639 -0.05890 0.54379
1403638146645096960.000000000 -0.01125 0.06050 0.00906 0.03578 0.83646 -0.05897 0.54367
1403638146745096960.000000000 -0.01125 0.06050 0.00905 0.03589 0.83642 -0.05893 0.54372
1403638146845096960.000000000 -0.01122 0.06049 0.00906 0.03605 0.83647 -0.05896 0.54363
1403638146945096960.000000000 -0.01122 0.06051 0.00905 0.03610 0.83651 -0.05903 0.54357
1403638147045097216.000000000 -0.01120 0.06057 0.00905 0.03629 0.83657 -0.05901 0.54346
1403638147145096960.000000000 -0.01119 0.06072 0.00897 0.03602 0.83671 -0.05898 0.54327
1403638147245096960.000000000 -0.01119 0.06073 0.00896 0.03604 0.83670 -0.05893 0.54329
1403638147345096960.000000000 -0.01118 0.06069 0.00904 0.03625 0.83659 -0.05891 0.54344
1403638147445096960.000000000 -0.01116 0.06065 0.00910 0.03619 0.83654 -0.05892 0.54352
1403638147545097216.000000000 -0.01120 0.06053 0.00927 0.03594 0.83602 -0.05902 0.54433
1403638147645096960.000000000 -0.01095 0.06051 0.00920 0.03565 0.83592 -0.05822 0.54459
1403638147745096960.000000000 -0.00992 0.06047 0.00959 0.03480 0.83532 -0.05783 0.54560
1403638147845096960.000000000 -0.00665 0.05933 0.01243 0.03694 0.83090 -0.06011 0.55194
1403638147945096960.000000000 0.00017 0.05785 0.01985 0.03919 0.82271 -0.06243 0.56367
1403638148045097216.000000000 0.00951 0.05645 0.03396 0.03998 0.81690 -0.06253 0.57199
1403638148145096960.000000000 0.01956 0.05458 0.05600 0.04027 0.81293 -0.06066 0.57779
1403638148245096960.000000000 0.02899 0.05272 0.08997 0.03880 0.81136 -0.05818 0.58035
1403638148345096960.000000000 0.03620 0.05137 0.13861 0.03725 0.81073 -0.05503 0.58164
1403638148445096960.000000000 0.04206 0.05051 0.18382 0.03624 0.81204 -0.05196 0.58015
1403638148545097216.000000000 0.04714 0.04998 0.20550 0.03699 0.81694 -0.04886 0.57345
1403638148645096960.000000000 0.05225 0.05094 0.20395 0.03627 0.82117 -0.04650 0.56763
1403638148745096960.000000000 0.06052 0.05269 0.19297 0.03437 0.82420 -0.04507 0.56345
1403638148845096960.000000000 0.07210 0.05488 0.18897 0.03243 0.82582 -0.04390 0.56129
1403638148945096960.000000000 0.08541 0.05784 0.19511 0.03133 0.82535 -0.04258 0.56213
1403638149045097216.000000000 0.10670 0.05965 0.21964 0.03037 0.82231 -0.04093 0.56676
1403638149145096960.000000000 0.12450 0.06239 0.24963 0.03037 0.81915 -0.03961 0.57140
1403638149245096960.000000000 0.14683 0.06709 0.28184 0.02946 0.81749 -0.03967 0.57382
1403638149345096960.000000000 0.16706 0.07267 0.30919 0.02716 0.81635 -0.04121 0.57545
1403638149445096960.000000000 0.19101 0.07695 0.33519 0.02717 0.81544 -0.04106 0.57675
1403638149545097216.000000000 0.21068 0.08292 0.35312 0.02847 0.81488 -0.04004 0.57754
1403638149645096960.000000000 0.22993 0.08937 0.36539 0.02806 0.81515 -0.03708 0.57738
1403638149745096960.000000000 0.25506 0.09646 0.37684 0.02489 0.81517 -0.03122 0.57784
1403638149845096960.000000000 0.27518 0.10393 0.38166 0.02170 0.81576 -0.02671 0.57736
1403638149945096960.000000000 0.30156 0.11261 0.38719 0.01958 0.81583 -0.02345 0.57748
1403638150045097216.000000000 0.32359 0.12293 0.38729 0.02312 0.81586 -0.01842 0.57749
1403638150145096960.000000000 0.35265 0.13682 0.38680 0.03060 0.81618 -0.01199 0.57687
1403638150245096960.000000000 0.37707 0.15443 0.37706 0.03730 0.81599 -0.00673 0.57683
1403638150345096960.000000000 0.40254 0.17686 0.36348 0.03781 0.81894 -0.00725 0.57258
1403638150445096960.000000000 0.43090 0.20626 0.35238 0.02976 0.82496 -0.00920 0.56433
1403638150545097216.000000000 0.45802 0.23860 0.34373 0.02028 0.82942 -0.00674 0.55821
1403638150645096960.000000000 0.49158 0.27605 0.34951 0.01315 0.83138 -0.00285 0.55554
1403638150745096960.000000000 0.52680 0.31235 0.35972 0.00879 0.83060 0.00194 0.55680
1403638150845096960.000000000 0.56687 0.35097 0.37458 0.00488 0.82869 0.01049 0.55959
1403638150945096960.000000000 0.61001 0.39144 0.38824 0.00145 0.82549 0.01912 0.56410
1403638151045097216.000000000 0.65589 0.43532 0.39648 -0.00361 0.82228 0.02873 0.56835
1403638151145096960.000000000 0.69858 0.48089 0.39915 -0.01051 0.81897 0.04416 0.57204
1403638151245096960.000000000 0.74259 0.52959 0.39503 -0.02328 0.81821 0.06244 0.57105
1403638151345096960.000000000 0.78763 0.58125 0.38770 -0.03740 0.81756 0.08232 0.56870
1403638151445096960.000000000 0.83038 0.63459 0.38270 -0.05453 0.81559 0.10164 0.56702
1403638151545097216.000000000 0.87181 0.68927 0.38307 -0.06884 0.81295 0.12043 0.56557
1403638151645096960.000000000 0.91325 0.74555 0.38855 -0.07954 0.81068 0.13504 0.56413
1403638151745096960.000000000 0.95499 0.80351 0.40118 -0.08631 0.80904 0.14561 0.56285
1403638151845096960.000000000 0.99619 0.86294 0.42279 -0.09079 0.80858 0.15245 0.56099
1403638151945096960.000000000 1.03845 0.92432 0.45022 -0.09155 0.80848 0.15685 0.55980
1403638152045097216.000000000 1.08008 0.98783 0.47765 -0.09226 0.80881 0.15850 0.55874
1403638152145096960.000000000 1.12243 1.05333 0.50050 -0.09132 0.80874 0.15971 0.55865
1403638152245096960.000000000 1.16361 1.12163 0.51709 -0.09001 0.80865 0.16019 0.55886
1403638152345096960.000000000 1.20508 1.19215 0.52704 -0.08671 0.80816 0.16119 0.55980
1403638152445096960.000000000 1.24642 1.26638 0.52877 -0.08339 0.80857 0.16177 0.55955
1403638152545097216.000000000 1.28293 1.34263 0.52313 -0.08126 0.80848 0.16239 0.55981
1403638152645096960.000000000 1.32267 1.42475 0.51417 -0.08370 0.81001 0.16053 0.55777
1403638152745096960.000000000 1.36178 1.51057 0.50851 -0.08982 0.81022 0.16195 0.55610
1403638152845096960.000000000 1.40171 1.60109 0.51180 -0.09991 0.80766 0.16615 0.55687
1403638152945096960.000000000 1.43925 1.69242 0.52396 -0.11183 0.80216 0.17491 0.55986
1403638153045097216.000000000 1.47547 1.78257 0.54125 -0.12204 0.80050 0.18764 0.55596
1403638153145096960.000000000 1.51111 1.87152 0.56182 -0.12946 0.80142 0.19896 0.54898
1403638153245096960.000000000 1.55073 1.96144 0.57986 -0.13394 0.80127 0.20749 0.54495
1403638153345096960.000000000 1.59232 2.05062 0.59262 -0.13845 0.79995 0.21683 0.54212
1403638153445096960.000000000 1.63707 2.14604 0.60396 -0.14391 0.79705 0.23016 0.53948
1403638153545097216.000000000 1.67861 2.23754 0.61692 -0.14476 0.79275 0.24924 0.53709
1403638153645096960.000000000 1.72067 2.33388 0.63668 -0.15046 0.78758 0.26743 0.53438
1403638153745096960.000000000 1.76129 2.43499 0.65820 -0.16431 0.78113 0.28170 0.53242
1403638153845096960.000000000 1.80313 2.53995 0.67414 -0.17529 0.77504 0.29365 0.53138
1403638153945096960.000000000 1.84476 2.64777 0.68644 -0.18601 0.76866 0.30025 0.53330
1403638154045097216.000000000 1.88464 2.75694 0.69100 -0.19400 0.76507 0.30324 0.53393
1403638154145096960.000000000 1.92398 2.86958 0.69181 -0.19764 0.76035 0.30579 0.53787
1403638154245096960.000000000 1.96267 2.98537 0.68968 -0.19884 0.75537 0.30740 0.54349
1403638154345096960.000000000 1.99820 3.10040 0.68301 -0.20086 0.75161 0.30626 0.54859
1403638154445096960.000000000 2.03259 3.21884 0.67437 -0.20367 0.74650 0.30340 0.55606
1403638154545097216.000000000 2.05983 3.33204 0.66073 -0.20497 0.74556 0.30150 0.55788
1403638154645096960.000000000 2.07980 3.44505 0.65601 -0.20759 0.74741 0.30348 0.55335
1403638154745096960.000000000 2.09343 3.55338 0.65486 -0.20913 0.74965 0.31120 0.54538
1403638154845096960.000000000 2.10075 3.65934 0.66404 -0.20783 0.74939 0.32105 0.54051
1403638154945096960.000000000 2.10792 3.76773 0.68060 -0.20761 0.74701 0.33044 0.53822
1403638155045097216.000000000 2.10723 3.87474 0.70366 -0.21247 0.74213 0.33963 0.53737
1403638155145096960.000000000 2.10258 3.98740 0.73030 -0.21977 0.73642 0.34895 0.53631
1403638155245096960.000000000 2.09217 4.09617 0.75217 -0.22827 0.73098 0.35463 0.53647
1403638155345096960.000000000 2.07667 4.20378 0.76720 -0.23363 0.72453 0.36030 0.53913
1403638155445096960.000000000 2.05568 4.31202 0.77535 -0.23886 0.71701 0.36883 0.54112
1403638155545097216.000000000 2.02849 4.42192 0.77629 -0.24868 0.71142 0.37705 0.53839
1403638155645096960.000000000 1.99388 4.52842 0.77261 -0.26527 0.70490 0.38408 0.53408
1403638155745096960.000000000 1.95376 4.63071 0.76454 -0.28240 0.69610 0.39446 0.52925
1403638155845096960.000000000 1.90983 4.73079 0.75123 -0.29665 0.68853 0.40875 0.52044
1403638155945096960.000000000 1.86160 4.82576 0.73586 -0.30770 0.68369 0.42781 0.50484
1403638156045097216.000000000 1.81063 4.91542 0.72589 -0.31658 0.67893 0.45030 0.48586
1403638156145096960.000000000 1.75860 4.99882 0.72506 -0.32699 0.67205 0.47026 0.46935
1403638156245096960.000000000 1.70741 5.08190 0.73303 -0.33788 0.66431 0.48560 0.45686
1403638156345096960.000000000 1.65836 5.16449 0.74384 -0.34437 0.65865 0.50051 0.44393
1403638156445096960.000000000 1.61170 5.24723 0.75084 -0.34977 0.65481 0.50991 0.43460
1403638156545097216.000000000 1.56819 5.33207 0.75144 -0.35328 0.65192 0.51553 0.42945
1403638156645096960.000000000 1.52720 5.41771 0.74573 -0.35524 0.64989 0.51844 0.42738
1403638156745096960.000000000 1.48854 5.51143 0.73420 -0.35557 0.64915 0.51965 0.42679
1403638156845096960.000000000 1.45649 5.60337 0.71890 -0.35482 0.64958 0.51986 0.42650
1403638156945096960.000000000 1.42344 5.70182 0.70318 -0.35309 0.65061 0.51927 0.42708
1403638157045097216.000000000 1.39632 5.80511 0.69265 -0.35110 0.65298 0.51779 0.42690
1403638157145096960.000000000 1.37134 5.91380 0.68985 -0.34791 0.65630 0.51725 0.42506
1403638157245096960.000000000 1.34820 6.02607 0.69271 -0.34584 0.65896 0.51622 0.42389
1403638157345096960.000000000 1.32433 6.14609 0.70379 -0.34624 0.65616 0.51755 0.42627
1403638157445096960.000000000 1.30830 6.26644 0.71384 -0.34538 0.65122 0.52064 0.43076
1403638157545097216.000000000 1.29169 6.39051 0.71966 -0.34976 0.64443 0.52388 0.43351
1403638157645096960.000000000 1.27316 6.51403 0.72032 -0.35702 0.63317 0.53043 0.43620
1403638157745096960.000000000 1.25383 6.64135 0.72060 -0.36429 0.61841 0.54191 0.43725
1403638157845096960.000000000 1.23252 6.76987 0.72725 -0.37472 0.60496 0.55479 0.43106
1403638157945096960.000000000 1.20852 6.89673 0.74242 -0.38707 0.59270 0.56677 0.42150
1403638158045097216.000000000 1.18319 7.02202 0.76022 -0.39576 0.58436 0.57727 0.41067
1403638158145096960.000000000 1.15845 7.14558 0.77342 -0.40539 0.57964 0.58284 0.39998
1403638158245096960.000000000 1.13564 7.26561 0.78075 -0.41199 0.57619 0.58637 0.39299
1403638158345096960.000000000 1.11411 7.39100 0.78339 -0.41232 0.57161 0.59106 0.39230
1403638158445096960.000000000 1.09397 7.50993 0.78182 -0.41104 0.56746 0.59437 0.39466
1403638158545097216.000000000 1.07386 7.62935 0.77652 -0.40934 0.56360 0.59637 0.39892
1403638158645096960.000000000 1.05171 7.74403 0.76893 -0.40852 0.56220 0.59634 0.40177
1403638158745096960.000000000 1.02716 7.86183 0.76097 -0.41044 0.56479 0.59393 0.39975
1403638158845096960.000000000 1.00023 7.97908 0.75632 -0.41046 0.57104 0.59228 0.39324
1403638158945096960.000000000 0.97482 8.09396 0.75774 -0.40970 0.57649 0.59133 0.38748
1403638159045097216.000000000 0.95113 8.20899 0.76909 -0.40472 0.58210 0.59331 0.38125
1403638159145096960.000000000 0.92876 8.32921 0.78480 -0.39636 0.58929 0.59735 0.37257
1403638159245096960.000000000 0.90814 8.44984 0.79784 -0.38904 0.59349 0.60091 0.36786
1403638159345096960.000000000 0.88966 8.58008 0.80788 -0.39867 0.59007 0.59348 0.37504
1403638159445096960.000000000 0.87266 8.71692 0.81451 -0.41477 0.58177 0.58178 0.38864
1403638159545097216.000000000 0.85951 8.84835 0.82585 -0.43455 0.57567 0.56743 0.39724
1403638159645096960.000000000 0.85054 8.97739 0.84378 -0.45208 0.57525 0.55464 0.39635
1403638159745096960.000000000 0.85210 9.10143 0.87003 -0.46155 0.57621 0.54800 0.39324
1403638159845096960.000000000 0.86433 9.21442 0.90476 -0.45987 0.57148 0.54972 0.39968
1403638159945096960.000000000 0.88535 9.31450 0.94791 -0.44858 0.56481 0.55863 0.40950
1403638160045097216.000000000 0.91079 9.38847 0.99982 -0.44113 0.56049 0.56539 0.41423
1403638160145096960.000000000 0.93824 9.45300 1.05686 -0.43403 0.56148 0.57185 0.41152
1403638160245096960.000000000 0.96570 9.52136 1.12382 -0.42170 0.56804 0.58201 0.40095
1403638160345096960.000000000 0.99587 9.57054 1.19656 -0.41203 0.57327 0.58998 0.39181
1403638160445096960.000000000 1.02628 9.62827 1.27303 -0.40743 0.57591 0.59366 0.38716
1403638160545097216.000000000 1.05663 9.68689 1.34431 -0.40573 0.57697 0.59502 0.38528
1403638160645096960.000000000 1.08373 9.75634 1.41285 -0.40536 0.57821 0.59514 0.38363
1403638160745096960.000000000 1.11111 9.82751 1.47669 -0.40949 0.57730 0.59233 0.38495
1403638160845096960.000000000 1.13985 9.90143 1.53774 -0.42016 0.57767 0.58145 0.38946
1403638160945096960.000000000 1.17452 9.96147 1.59098 -0.42868 0.58030 0.56578 0.39923
1403638161045097216.000000000 1.21382 10.02343 1.64075 -0.42747 0.58657 0.55223 0.41018
1403638161145096960.000000000 1.25685 10.08141 1.68799 -0.41881 0.59686 0.54050 0.41978
1403638161245096960.000000000 1.30398 10.13605 1.73159 -0.40374 0.61149 0.52855 0.42861
1403638161345096960.000000000 1.35462 10.19130 1.77579 -0.38805 0.62767 0.51417 0.43713
1403638161445096960.000000000 1.40606 10.24279 1.81900 -0.37131 0.64349 0.50505 0.43929
1403638161545097216.000000000 1.45821 10.29376 1.85944 -0.35760 0.65495 0.49957 0.43999
1403638161645096960.000000000 1.51098 10.34616 1.89447 -0.35077 0.66321 0.49305 0.44048
1403638161745096960.000000000 1.56360 10.39750 1.92415 -0.35071 0.66848 0.48567 0.44074
1403638161845096960.000000000 1.61949 10.44847 1.95028 -0.35046 0.67033 0.47822 0.44626
1403638161945096960.000000000 1.67878 10.49833 1.97021 -0.34827 0.67270 0.46945 0.45365
1403638162045097216.000000000 1.73868 10.54749 1.99005 -0.34479 0.67639 0.46284 0.45760
1403638162145096960.000000000 1.80151 10.59625 2.01556 -0.34192 0.68063 0.45873 0.45760
1403638162245096960.000000000 1.86669 10.64235 2.04732 -0.34047 0.68577 0.45549 0.45423
1403638162345096960.000000000 1.93687 10.68787 2.07673 -0.34120 0.68942 0.45219 0.45145
1403638162445096960.000000000 2.01180 10.73242 2.10158 -0.34390 0.68956 0.44893 0.45244
1403638162545097216.000000000 2.09221 10.77468 2.12297 -0.34274 0.68767 0.44942 0.45571
1403638162645096960.000000000 2.17611 10.81485 2.14824 -0.33861 0.68547 0.45309 0.45846
1403638162745096960.000000000 2.26062 10.85284 2.17687 -0.33415 0.68418 0.45748 0.45930
1403638162845096960.000000000 2.35032 10.89152 2.21662 -0.33379 0.68773 0.45467 0.45704
1403638162945096960.000000000 2.44205 10.92918 2.25841 -0.33881 0.69031 0.44545 0.45854
1403638163045097216.000000000 2.53922 10.96524 2.30800 -0.34337 0.68745 0.43659 0.46787
1403638163145096960.000000000 2.63941 10.99889 2.33875 -0.34314 0.68869 0.42827 0.47386
1403638163245096960.000000000 2.74281 11.02687 2.35333 -0.33295 0.69348 0.42310 0.47876
1403638163345096960.000000000 2.85048 11.05316 2.35856 -0.32010 0.69905 0.41601 0.48559
1403638163445096960.000000000 2.95823 11.07395 2.36073 -0.30809 0.70501 0.40557 0.49351
1403638163545097216.000000000 3.07185 11.09539 2.36565 -0.29976 0.71070 0.39600 0.49823
1403638163645096960.000000000 3.18003 11.11094 2.37707 -0.29378 0.71521 0.39001 0.50006
1403638163745096960.000000000 3.28515 11.12405 2.39842 -0.28975 0.71746 0.38604 0.50226
1403638163845096960.000000000 3.39012 11.13548 2.42931 -0.28920 0.71805 0.38282 0.50421
1403638163945096960.000000000 3.49401 11.14383 2.46654 -0.29039 0.71970 0.38067 0.50279
1403638164045097216.000000000 3.59789 11.14859 2.50916 -0.29467 0.72228 0.37796 0.49863
1403638164145096960.000000000 3.70262 11.15006 2.55907 -0.29921 0.72255 0.37624 0.49683
1403638164245096960.000000000 3.80991 11.14753 2.60873 -0.30355 0.72130 0.37506 0.49691
1403638164345096960.000000000 3.91909 11.14160 2.65335 -0.30775 0.71969 0.37399 0.49746
1403638164445096960.000000000 4.03117 11.13002 2.69089 -0.30954 0.71807 0.37498 0.49794
1403638164545097216.000000000 4.14430 11.11412 2.72365 -0.31276 0.71864 0.37396 0.49588
1403638164645096960.000000000 4.26242 11.09265 2.75086 -0.31424 0.72028 0.37151 0.49439
1403638164745096960.000000000 4.38249 11.06496 2.77426 -0.30810 0.72121 0.36859 0.49906
1403638164845096960.000000000 4.50860 11.03183 2.79420 -0.29458 0.71643 0.37158 0.51175
1403638164945096960.000000000 4.63249 10.99648 2.81121 -0.28380 0.71254 0.37317 0.52200
1403638165045097216.000000000 4.74785 10.95711 2.82320 -0.28833 0.71212 0.36329 0.52704
1403638165145096960.000000000 4.86016 10.91142 2.82829 -0.29144 0.71799 0.35168 0.52524
1403638165245096960.000000000 4.96656 10.86042 2.82749 -0.28393 0.72775 0.34912 0.51757
1403638165345096960.000000000 5.07111 10.80448 2.82070 -0.27956 0.73821 0.34548 0.50747
1403638165445096960.000000000 5.17617 10.74687 2.81024 -0.27876 0.74127 0.34081 0.50661
1403638165545097216.000000000 5.28436 10.68560 2.79774 -0.27779 0.73512 0.33705 0.51848
1403638165645096960.000000000 5.39276 10.62034 2.78163 -0.27654 0.72550 0.33487 0.53389
1403638165745096960.000000000 5.49880 10.54900 2.75957 -0.27449 0.71828 0.33431 0.54494
1403638165845096960.000000000 5.59850 10.47115 2.73191 -0.26929 0.72067 0.33772 0.54228
1403638165945096960.000000000 5.69469 10.38772 2.70841 -0.26391 0.72671 0.34207 0.53408
1403638166045097216.000000000 5.78784 10.30163 2.69289 -0.25988 0.73387 0.34606 0.52358
1403638166145096960.000000000 5.87914 10.21477 2.68892 -0.25265 0.73639 0.35273 0.51912
1403638166245096960.000000000 5.96866 10.13065 2.70109 -0.25057 0.73675 0.35702 0.51667
1403638166345096960.000000000 6.05558 10.04951 2.73321 -0.24888 0.73558 0.36095 0.51643
1403638166445096960.000000000 6.13567 9.97114 2.78150 -0.24743 0.73521 0.36373 0.51570
1403638166545097216.000000000 6.21187 9.89487 2.82991 -0.24887 0.73464 0.36464 0.51518
1403638166645096960.000000000 6.28221 9.82668 2.87273 -0.25022 0.73435 0.36506 0.51464
1403638166745096960.000000000 6.35056 9.76031 2.90763 -0.25520 0.73628 0.36253 0.51120
1403638166845096960.000000000 6.42024 9.69426 2.93184 -0.26316 0.74444 0.35772 0.49860
1403638166945096960.000000000 6.49461 9.62593 2.94655 -0.26598 0.75509 0.35627 0.48183
1403638167045097216.000000000 6.57344 9.56562 2.95972 -0.26122 0.76067 0.35941 0.47325
1403638167145096960.000000000 6.66139 9.50955 2.97720 -0.25514 0.76095 0.36387 0.47272
1403638167245096960.000000000 6.75685 9.46167 3.00285 -0.24989 0.75847 0.36774 0.47650
1403638167345096960.000000000 6.85770 9.42305 3.03448 -0.24783 0.75583 0.36902 0.48076
1403638167445096960.000000000 6.96467 9.38935 3.06834 -0.24890 0.75450 0.36747 0.48347
1403638167545097216.000000000 7.07561 9.35889 3.09788 -0.25303 0.75160 0.36383 0.48856
1403638167645096960.000000000 7.19043 9.32934 3.12049 -0.26229 0.75046 0.35474 0.49211
1403638167745096960.000000000 7.30758 9.30187 3.13628 -0.26686 0.75224 0.34311 0.49517
1403638167845096960.000000000 7.43242 9.27013 3.14747 -0.26821 0.75725 0.32865 0.49661
1403638167945096960.000000000 7.56079 9.23795 3.15501 -0.26412 0.76179 0.31434 0.50111
1403638168045097216.000000000 7.69474 9.20216 3.16084 -0.25657 0.76623 0.30151 0.50612
1403638168145096960.000000000 7.83486 9.16165 3.17357 -0.24965 0.76974 0.29092 0.51044
1403638168245096960.000000000 7.97505 9.11557 3.19358 -0.23857 0.77323 0.28128 0.51583
1403638168345096960.000000000 8.11741 9.06447 3.21947 -0.22558 0.77698 0.27072 0.52165
1403638168445096960.000000000 8.26283 9.01078 3.25190 -0.21202 0.77993 0.26058 0.52806
1403638168545097216.000000000 8.40813 8.95635 3.28131 -0.19352 0.78486 0.25916 0.52856
1403638168645096960.000000000 8.55395 8.90377 3.30285 -0.17619 0.78992 0.26095 0.52620
1403638168745096960.000000000 8.69986 8.85693 3.31678 -0.16523 0.79276 0.26225 0.52484
1403638168845096960.000000000 8.84586 8.81671 3.32457 -0.16073 0.79475 0.26244 0.52314
1403638168945096960.000000000 8.99319 8.78430 3.32747 -0.15887 0.79569 0.26323 0.52187
1403638169045097216.000000000 9.14137 8.76020 3.32682 -0.16037 0.79238 0.26470 0.52568
1403638169145096960.000000000 9.29299 8.74255 3.32124 -0.17048 0.78691 0.26146 0.53231
1403638169245096960.000000000 9.43803 8.73226 3.31015 -0.18336 0.78452 0.25513 0.53463
1403638169345096960.000000000 9.58809 8.72026 3.29352 -0.19910 0.78275 0.23938 0.53885
1403638169445096960.000000000 9.73912 8.70424 3.27336 -0.20924 0.78115 0.22000 0.54555
1403638169545097216.000000000 9.89109 8.67962 3.25513 -0.20756 0.78107 0.20314 0.55280
1403638169645096960.000000000 10.04148 8.64304 3.24390 -0.19450 0.78358 0.18956 0.55879
1403638169745096960.000000000 10.18791 8.59745 3.23730 -0.17348 0.78826 0.17838 0.56279
1403638169845096960.000000000 10.33028 8.54285 3.24069 -0.14467 0.79188 0.16943 0.56859
1403638169945096960.000000000 10.46714 8.48615 3.25218 -0.11687 0.79214 0.15796 0.57785
1403638170045097216.000000000 10.59729 8.42997 3.27018 -0.09854 0.78869 0.13979 0.59052
1403638170145096960.000000000 10.72107 8.37571 3.28518 -0.08745 0.78926 0.11633 0.59656
1403638170245096960.000000000 10.83780 8.32163 3.29203 -0.07875 0.79259 0.09080 0.59780
1403638170345096960.000000000 10.94779 8.26671 3.29237 -0.07083 0.79720 0.06490 0.59603
1403638170445096960.000000000 11.05770 8.20957 3.28466 -0.05965 0.80277 0.04143 0.59184
1403638170545097216.000000000 11.16228 8.14945 3.27719 -0.05478 0.80459 0.01550 0.59110
1403638170645096960.000000000 11.26229 8.08506 3.27651 -0.04737 0.80200 -0.00789 0.59539
1403638170745096960.000000000 11.35128 8.01345 3.28520 -0.03648 0.80016 -0.02787 0.59803
1403638170845096960.000000000 11.43097 7.93348 3.29942 -0.02364 0.79918 -0.04580 0.59888
1403638170945096960.000000000 11.49984 7.84812 3.30891 -0.00845 0.79901 -0.06227 0.59803
1403638171045097216.000000000 11.55824 7.75698 3.31375 0.00529 0.79660 -0.07912 0.59928
1403638171145096960.000000000 11.60860 7.66226 3.31501 0.01513 0.79407 -0.09314 0.60045
1403638171245096960.000000000 11.64334 7.56487 3.31276 0.02029 0.79156 -0.10465 0.60172
1403638171345096960.000000000 11.67071 7.46397 3.30910 0.02437 0.78971 -0.11165 0.60274
1403638171445096960.000000000 11.68312 7.36015 3.30342 0.02812 0.78723 -0.11844 0.60453
1403638171545097216.000000000 11.68760 7.25256 3.29651 0.02896 0.78408 -0.12593 0.60705
1403638171645096960.000000000 11.68516 7.13808 3.28731 0.03157 0.78089 -0.13378 0.60936
1403638171745096960.000000000 11.67272 7.01836 3.27657 0.03430 0.77748 -0.14484 0.61105
1403638171845096960.000000000 11.65028 6.89269 3.26699 0.03688 0.77390 -0.15516 0.61289
1403638171945096960.000000000 11.61689 6.75939 3.26310 0.04163 0.76857 -0.16234 0.61742
1403638172045097216.000000000 11.56884 6.62004 3.26401 0.05003 0.76683 -0.16493 0.61827
1403638172145096960.000000000 11.50707 6.47668 3.26874 0.05660 0.76676 -0.16590 0.61754
1403638172245096960.000000000 11.43455 6.32969 3.26773 0.05989 0.76778 -0.16675 0.61572
1403638172345096960.000000000 11.35045 6.18068 3.25697 0.06246 0.76828 -0.16613 0.61501
1403638172445096960.000000000 11.25712 6.02940 3.23663 0.06215 0.76736 -0.16558 0.61634
1403638172545097216.000000000 11.15643 5.87528 3.20611 0.05928 0.76504 -0.16575 0.61945
1403638172645096960.000000000 11.04648 5.71799 3.16773 0.05520 0.76340 -0.16545 0.62193
1403638172745096960.000000000 10.92340 5.55921 3.12271 0.05227 0.76401 -0.16419 0.62178
1403638172845096960.000000000 10.78804 5.39745 3.07377 0.04762 0.76373 -0.16374 0.62261
1403638172945096960.000000000 10.64029 5.23212 3.02098 0.04302 0.76562 -0.16280 0.62087
1403638173045097216.000000000 10.48077 5.06172 2.96341 0.03699 0.76947 -0.16261 0.61652
1403638173145096960.000000000 10.31109 4.88392 2.89968 0.03134 0.77462 -0.16237 0.61042
1403638173245096960.000000000 10.13485 4.70070 2.82804 0.03399 0.77899 -0.15793 0.60587
1403638173345096960.000000000 9.94716 4.51126 2.75396 0.04083 0.78354 -0.15177 0.60114
1403638173445096960.000000000 9.75684 4.31774 2.67188 0.05662 0.78637 -0.14134 0.59870
1403638173545097216.000000000 9.56520 4.12244 2.57895 0.06774 0.78959 -0.13413 0.59495
1403638173645096960.000000000 9.37443 3.92765 2.48320 0.07213 0.79053 -0.13181 0.59371
1403638173745096960.000000000 9.18147 3.73584 2.38285 0.07310 0.79096 -0.13188 0.59300
1403638173845096960.000000000 8.98698 3.54488 2.28243 0.07264 0.79185 -0.13365 0.59146
1403638173945096960.000000000 8.78888 3.35781 2.18887 0.07402 0.79165 -0.13332 0.59164
1403638174045097216.000000000 8.58598 3.17527 2.10151 0.07408 0.79314 -0.13382 0.58952
1403638174145096960.000000000 8.37882 2.99726 2.02016 0.07505 0.79340 -0.13332 0.58916
1403638174245096960.000000000 8.17187 2.82248 1.93684 0.07540 0.79790 -0.13296 0.58309
1403638174345096960.000000000 7.96255 2.65086 1.84854 0.07445 0.80296 -0.13300 0.57621
1403638174445096960.000000000 7.75988 2.48087 1.75534 0.07382 0.80671 -0.13270 0.57110
1403638174545097216.000000000 7.56322 2.31529 1.66496 0.07104 0.80951 -0.13380 0.56723
1403638174645096960.000000000 7.37169 2.14825 1.58119 0.07432 0.81397 -0.13106 0.56103
1403638174745096960.000000000 7.18410 1.98303 1.50328 0.07633 0.81839 -0.12937 0.55468
1403638174845096960.000000000 7.00296 1.81936 1.43470 0.07705 0.82155 -0.12857 0.55008
1403638174945096960.000000000 6.82981 1.66090 1.37137 0.07873 0.82289 -0.12792 0.54798
1403638175045097216.000000000 6.66401 1.50464 1.31380 0.08064 0.82212 -0.12731 0.54900
1403638175145096960.000000000 6.50591 1.35151 1.26179 0.08287 0.82156 -0.12788 0.54938
1403638175245096960.000000000 6.35380 1.19924 1.21508 0.08534 0.82194 -0.12780 0.54845
1403638175345096960.000000000 6.21052 1.04884 1.17532 0.08633 0.82604 -0.12900 0.54182
1403638175445096960.000000000 6.07402 0.89975 1.14170 0.09013 0.83160 -0.12756 0.53296
1403638175545097216.000000000 5.95261 0.75178 1.11671 0.09386 0.83875 -0.12531 0.52153
1403638175645096960.000000000 5.84410 0.60796 1.09966 0.09168 0.84611 -0.12686 0.50952
1403638175745096960.000000000 5.75155 0.46780 1.08906 0.08897 0.85139 -0.12763 0.50093
1403638175845096960.000000000 5.67813 0.33206 1.07581 0.08947 0.85500 -0.12634 0.49498
1403638175945096960.000000000 5.62336 0.20151 1.05312 0.09371 0.85547 -0.12212 0.49444
1403638176045097216.000000000 5.58670 0.07436 1.02756 0.10125 0.85063 -0.11509 0.50293
1403638176145096960.000000000 5.56609 -0.04865 1.00350 0.10938 0.83848 -0.10762 0.52288
1403638176245096960.000000000 5.55757 -0.16478 0.98420 0.10580 0.82326 -0.10972 0.54681
1403638176345096960.000000000 5.55327 -0.27391 0.96918 0.10608 0.81429 -0.10960 0.56007
1403638176445096960.000000000 5.55375 -0.37443 0.95853 0.10789 0.81200 -0.10925 0.56310
1403638176545097216.000000000 5.55694 -0.46811 0.95412 0.10916 0.81211 -0.10938 0.56267
1403638176645096960.000000000 5.56157 -0.55259 0.95373 0.11017 0.81359 -0.10942 0.56033
1403638176745096960.000000000 5.57244 -0.63389 0.96179 0.11016 0.81394 -0.10959 0.55978
1403638176845096960.000000000 5.58381 -0.70426 0.97514 0.10624 0.81388 -0.11239 0.56007
1403638176945096960.000000000 5.59764 -0.77629 0.99061 0.10367 0.81446 -0.11422 0.55934
1403638177045097216.000000000 5.61169 -0.83755 1.00165 0.10543 0.81575 -0.11299 0.55737
1403638177145096960.000000000 5.62880 -0.89579 1.00533 0.10882 0.81624 -0.11110 0.55638
1403638177245096960.000000000 5.65138 -0.95545 1.00017 0.11118 0.81657 -0.10940 0.55577
1403638177345096960.000000000 5.67519 -0.99819 0.99021 0.11213 0.81647 -0.10888 0.55583
1403638177445096960.000000000 5.70396 -1.04346 0.97410 0.11156 0.81706 -0.11002 0.55486
1403638177545097216.000000000 5.73381 -1.07268 0.95538 0.10293 0.81585 -0.11722 0.55683
1403638177645096960.000000000 5.76694 -1.10621 0.93134 0.09103 0.81448 -0.12638 0.55889
1403638177745096960.000000000 5.80161 -1.13736 0.90373 0.08178 0.81233 -0.13587 0.56123
1403638177845096960.000000000 5.83918 -1.17398 0.87359 0.07598 0.80567 -0.14363 0.56964
1403638177945096960.000000000 5.87148 -1.20389 0.84721 0.07490 0.79860 -0.14761 0.57866
1403638178045097216.000000000 5.90333 -1.24281 0.82597 0.07934 0.79389 -0.14830 0.58434
1403638178145096960.000000000 5.92993 -1.28258 0.81358 0.08905 0.79127 -0.15222 0.58549
1403638178245096960.000000000 5.94560 -1.32052 0.80853 0.09767 0.78651 -0.16364 0.58744
1403638178345096960.000000000 5.95945 -1.36363 0.81286 0.10783 0.78164 -0.17956 0.58750
1403638178445096960.000000000 5.96360 -1.40609 0.81803 0.11927 0.77750 -0.19971 0.58428
1403638178545097216.000000000 5.96089 -1.44657 0.81906 0.13061 0.77606 -0.22291 0.57531
1403638178645096960.000000000 5.95277 -1.48681 0.81590 0.13997 0.77405 -0.24710 0.56585
1403638178745096960.000000000 5.94111 -1.53015 0.81034 0.15132 0.76884 -0.26892 0.56006
1403638178845096960.000000000 5.92482 -1.57524 0.80015 0.16418 0.76510 -0.28744 0.55231
1403638178945096960.000000000 5.90578 -1.62330 0.78704 0.17342 0.76437 -0.30155 0.54289
1403638179045097216.000000000 5.88452 -1.67426 0.77030 0.18003 0.76676 -0.31106 0.53189
1403638179145096960.000000000 5.86316 -1.72880 0.75063 0.18751 0.76876 -0.31671 0.52302
1403638179245096960.000000000 5.84264 -1.78807 0.72736 0.19716 0.76985 -0.32169 0.51475
1403638179345096960.000000000 5.82608 -1.85295 0.70068 0.20671 0.76922 -0.32946 0.50698
1403638179445096960.000000000 5.81296 -1.92236 0.67357 0.21683 0.75952 -0.34170 0.50927
1403638179545097216.000000000 5.80218 -1.99507 0.64439 0.22839 0.74488 -0.35690 0.51538
1403638179645096960.000000000 5.79053 -2.06860 0.61325 0.24053 0.73253 -0.37401 0.51543
1403638179745096960.000000000 5.77830 -2.14212 0.58729 0.25454 0.72094 -0.39121 0.51227
1403638179845096960.000000000 5.76300 -2.21451 0.56824 0.26847 0.70995 -0.40828 0.50715
1403638179945096960.000000000 5.74655 -2.28714 0.55512 0.27786 0.70281 -0.42559 0.49771
1403638180045097216.000000000 5.73054 -2.36051 0.54616 0.28164 0.70015 -0.44054 0.48620
1403638180145096960.000000000 5.71457 -2.43636 0.54085 0.28450 0.69576 -0.45108 0.48116
1403638180245096960.000000000 5.69837 -2.51414 0.53703 0.28897 0.69304 -0.45560 0.47815
1403638180345096960.000000000 5.68192 -2.59565 0.52678 0.28895 0.69213 -0.45956 0.47569
1403638180445096960.000000000 5.66543 -2.67943 0.51160 0.29154 0.69357 -0.45933 0.47221
1403638180545097216.000000000 5.64844 -2.76691 0.49235 0.29557 0.69451 -0.45636 0.47121
1403638180645096960.000000000 5.63283 -2.85785 0.47254 0.29700 0.69749 -0.45404 0.46812
1403638180745096960.000000000 5.61875 -2.95030 0.45790 0.29473 0.70230 -0.45307 0.46328
1403638180845096960.000000000 5.60636 -3.04745 0.45227 0.29077 0.70517 -0.45252 0.46197
1403638180945096960.000000000 5.59684 -3.15056 0.45062 0.28762 0.70582 -0.45116 0.46426
1403638181045097216.000000000 5.59125 -3.25595 0.44555 0.28494 0.70455 -0.44989 0.46905
1403638181145096960.000000000 5.58390 -3.36742 0.43496 0.28148 0.70361 -0.44971 0.47272
1403638181245096960.000000000 5.57760 -3.48228 0.41978 0.28101 0.69907 -0.44860 0.48073
1403638181345096960.000000000 5.57114 -3.59959 0.39970 0.28318 0.68907 -0.45293 0.48974
1403638181445096960.000000000 5.55789 -3.71922 0.37454 0.28603 0.67658 -0.46434 0.49479
1403638181545097216.000000000 5.53937 -3.83781 0.34717 0.29559 0.65750 -0.47768 0.50214
1403638181645096960.000000000 5.51239 -3.95559 0.32085 0.31248 0.64069 -0.48923 0.50252
1403638181745096960.000000000 5.47632 -4.06908 0.29827 0.32846 0.63266 -0.50205 0.48970
1403638181845096960.000000000 5.43288 -4.19066 0.28816 0.34417 0.62668 -0.51502 0.47283
1403638181945096960.000000000 5.38601 -4.30814 0.28523 0.35604 0.62174 -0.52847 0.45540
1403638182045097216.000000000 5.33759 -4.41311 0.28662 0.35938 0.61811 -0.54162 0.44208
1403638182145096960.000000000 5.28986 -4.53132 0.29924 0.36050 0.61529 -0.55186 0.43233
1403638182245096960.000000000 5.24213 -4.63981 0.31158 0.35808 0.61203 -0.56105 0.42712
1403638182345096960.000000000 5.19372 -4.75023 0.31937 0.35329 0.60896 -0.56824 0.42599
1403638182445096960.000000000 5.14105 -4.86600 0.32625 0.35199 0.61055 -0.57048 0.42176
1403638182545097216.000000000 5.08645 -4.98065 0.33937 0.35656 0.61690 -0.56685 0.41349
1403638182645096960.000000000 5.03677 -5.09263 0.36612 0.36046 0.62229 -0.56278 0.40756
1403638182745096960.000000000 4.98496 -5.21228 0.39490 0.35996 0.62440 -0.56057 0.40782
1403638182845096960.000000000 4.93597 -5.33620 0.42126 0.35996 0.62463 -0.55834 0.41052
1403638182945096960.000000000 4.88822 -5.46554 0.44218 0.36109 0.62265 -0.55544 0.41641
1403638183045097216.000000000 4.84081 -5.59787 0.45809 0.36520 0.61935 -0.55060 0.42411
1403638183145096960.000000000 4.79441 -5.73021 0.46958 0.37197 0.61907 -0.54423 0.42685
1403638183245096960.000000000 4.74780 -5.86535 0.47580 0.37404 0.62195 -0.54129 0.42459
1403638183345096960.000000000 4.70328 -5.99741 0.47730 0.36996 0.62637 -0.54345 0.41886
1403638183445096960.000000000 4.66056 -6.13198 0.47542 0.36496 0.63138 -0.54639 0.41186
1403638183545097216.000000000 4.62086 -6.27023 0.47077 0.36363 0.63570 -0.54688 0.40569
1403638183645096960.000000000 4.58550 -6.41083 0.46404 0.36372 0.63461 -0.54688 0.40731
1403638183745096960.000000000 4.55482 -6.55503 0.46332 0.37156 0.62980 -0.54141 0.41493
1403638183845096960.000000000 4.52801 -6.69819 0.46892 0.38110 0.62585 -0.53460 0.42105
1403638183945096960.000000000 4.50505 -6.83709 0.48085 0.38466 0.62282 -0.53246 0.42500
1403638184045097216.000000000 4.48615 -6.97177 0.49903 0.38285 0.62301 -0.53426 0.42409
1403638184145096960.000000000 4.47156 -7.10257 0.52133 0.37786 0.62716 -0.53831 0.41726
1403638184245096960.000000000 4.46152 -7.23072 0.53710 0.37186 0.62983 -0.54338 0.41203
1403638184345096960.000000000 4.45620 -7.35685 0.55034 0.37250 0.62960 -0.54381 0.41124
1403638184445096960.000000000 4.45289 -7.49007 0.55838 0.37584 0.62663 -0.54191 0.41523
1403638184545097216.000000000 4.45436 -7.61852 0.56442 0.37914 0.62464 -0.54016 0.41751
1403638184645096960.000000000 4.45977 -7.75088 0.57151 0.38060 0.62270 -0.53958 0.41981
1403638184745096960.000000000 4.47011 -7.87910 0.57931 0.38012 0.62199 -0.54046 0.42016
1403638184845096960.000000000 4.48266 -8.00832 0.58783 0.37999 0.62182 -0.54106 0.41976
1403638184945096960.000000000 4.49544 -8.13642 0.59544 0.38306 0.62127 -0.53913 0.42027
1403638185045097216.000000000 4.51087 -8.26816 0.60813 0.38171 0.62046 -0.54021 0.42130
1403638185145096960.000000000 4.52958 -8.39345 0.61900 0.38201 0.62235 -0.53981 0.41876
1403638185245096960.000000000 4.54956 -8.52760 0.63264 0.38480 0.62463 -0.53749 0.41576
1403638185345096960.000000000 4.57345 -8.65366 0.64769 0.38779 0.62588 -0.53498 0.41435
1403638185445096960.000000000 4.60447 -8.77510 0.65973 0.39142 0.62766 -0.52804 0.41713
1403638185545097216.000000000 4.64046 -8.89974 0.67659 0.39235 0.63299 -0.51668 0.42239
1403638185645096960.000000000 4.68218 -9.02244 0.69309 0.38962 0.63955 -0.50514 0.42895
1403638185745096960.000000000 4.72988 -9.14172 0.70873 0.38189 0.64196 -0.49903 0.43934
1403638185845096960.000000000 4.78082 -9.25423 0.72332 0.36211 0.64172 -0.50433 0.45025
1403638185945096960.000000000 4.83280 -9.36276 0.73310 0.34156 0.64117 -0.51226 0.45807
1403638186045097216.000000000 4.88107 -9.47362 0.73784 0.33579 0.64384 -0.51244 0.45838
1403638186145096960.000000000 4.92564 -9.58307 0.73785 0.33871 0.64862 -0.50866 0.45368
1403638186245096960.000000000 4.96953 -9.68889 0.73644 0.34208 0.65186 -0.50561 0.44991
1403638186345096960.000000000 5.01142 -9.80054 0.74161 0.34521 0.65413 -0.50308 0.44706
1403638186445096960.000000000 5.05468 -9.90560 0.75207 0.34629 0.65443 -0.50259 0.44632
1403638186545097216.000000000 5.09714 -10.01796 0.76796 0.34899 0.65468 -0.50166 0.44491
1403638186645096960.000000000 5.14163 -10.12063 0.77952 0.35175 0.65591 -0.50066 0.44203
1403638186745096960.000000000 5.18797 -10.22984 0.78683 0.35753 0.65842 -0.49611 0.43878
1403638186845096960.000000000 5.23902 -10.33366 0.78672 0.36099 0.66380 -0.48758 0.43740
1403638186945096960.000000000 5.29732 -10.44271 0.78513 0.35720 0.67189 -0.47807 0.43866
1403638187045097216.000000000 5.36334 -10.54359 0.78359 0.34528 0.67958 -0.46639 0.44882
1403638187145096960.000000000 5.43530 -10.64271 0.79159 0.33064 0.68585 -0.44966 0.46701
1403638187245096960.000000000 5.51210 -10.74354 0.81078 0.31461 0.69231 -0.42999 0.48665
1403638187345096960.000000000 5.58867 -10.83985 0.83771 0.30245 0.69913 -0.40817 0.50313
1403638187445096960.000000000 5.66225 -10.92769 0.86850 0.29406 0.70396 -0.38949 0.51601
1403638187545097216.000000000 5.73278 -11.00882 0.90003 0.28527 0.71054 -0.37837 0.52018
1403638187645096960.000000000 5.79863 -11.08664 0.92951 0.27612 0.71893 -0.37415 0.51664
1403638187745096960.000000000 5.86322 -11.16175 0.95518 0.27341 0.72477 -0.37035 0.51263
1403638187845096960.000000000 5.92743 -11.23332 0.97503 0.27526 0.72758 -0.36664 0.51032
1403638187945096960.000000000 5.99240 -11.29742 0.99057 0.28186 0.72846 -0.36183 0.50890
1403638188045097216.000000000 6.05761 -11.35404 1.00435 0.29083 0.72631 -0.35711 0.51027
1403638188145096960.000000000 6.12585 -11.40450 1.01279 0.30010 0.72462 -0.35269 0.51037
1403638188245096960.000000000 6.19567 -11.44547 1.01733 0.30393 0.71819 -0.35217 0.51749
1403638188345096960.000000000 6.26771 -11.47789 1.01618 0.30203 0.70509 -0.35432 0.53486
1403638188445096960.000000000 6.33773 -11.49820 1.01387 0.30219 0.69331 -0.35544 0.54924
1403638188545097216.000000000 6.40269 -11.50766 1.00836 0.30143 0.68481 -0.35661 0.55947
1403638188645096960.000000000 6.46229 -11.50649 1.00375 0.29850 0.68490 -0.35558 0.56158
1403638188745096960.000000000 6.50983 -11.48356 1.00533 0.29080 0.69175 -0.35324 0.55868
1403638188845096960.000000000 6.55060 -11.45062 1.01728 0.28336 0.70146 -0.35070 0.55198
1403638188945096960.000000000 6.58641 -11.40924 1.04032 0.27687 0.70805 -0.34865 0.54813
1403638189045097216.000000000 6.61894 -11.36326 1.07365 0.27081 0.71339 -0.34536 0.54632
1403638189145096960.000000000 6.64715 -11.30989 1.10865 0.26236 0.71782 -0.33809 0.54917
1403638189245096960.000000000 6.66864 -11.24637 1.13773 0.24949 0.72432 -0.32823 0.55261
1403638189345096960.000000000 6.68383 -11.17494 1.15999 0.23522 0.73481 -0.31614 0.55207
1403638189445096960.000000000 6.69344 -11.09967 1.17696 0.22116 0.75038 -0.30696 0.54203
1403638189545097216.000000000 6.70000 -11.02257 1.19805 0.20957 0.76222 -0.30026 0.53380
1403638189645096960.000000000 6.70606 -10.94620 1.22775 0.20150 0.76884 -0.29564 0.52998
1403638189745096960.000000000 6.71206 -10.87178 1.25604 0.19198 0.77507 -0.29600 0.52422
1403638189845096960.000000000 6.72045 -10.80182 1.27863 0.18659 0.78007 -0.29677 0.51827
1403638189945096960.000000000 6.73001 -10.73680 1.29485 0.18502 0.78439 -0.29666 0.51234
1403638190045097216.000000000 6.74368 -10.67793 1.30603 0.18813 0.78184 -0.29512 0.51599
1403638190145096960.000000000 6.76607 -10.62859 1.31619 0.19377 0.77494 -0.29228 0.52583
1403638190245096960.000000000 6.78984 -10.58238 1.32052 0.20333 0.76718 -0.28681 0.53649
1403638190345096960.000000000 6.80729 -10.52857 1.31219 0.21751 0.76347 -0.27190 0.54394
1403638190445096960.000000000 6.82802 -10.47278 1.29948 0.22715 0.76352 -0.25516 0.54802
1403638190545097216.000000000 6.85033 -10.41089 1.28098 0.22501 0.76589 -0.24736 0.54918
1403638190645096960.000000000 6.87557 -10.34251 1.26099 0.21880 0.76878 -0.24392 0.54919
1403638190745096960.000000000 6.90233 -10.26786 1.24281 0.21261 0.77002 -0.24217 0.55065
1403638190845096960.000000000 6.92612 -10.18622 1.22767 0.20055 0.77003 -0.24635 0.55330
1403638190945096960.000000000 6.95197 -10.09972 1.22288 0.19308 0.77092 -0.24851 0.55376
1403638191045097216.000000000 6.97342 -10.00897 1.22542 0.18938 0.76823 -0.24913 0.55847
1403638191145096960.000000000 6.99265 -9.91408 1.23461 0.18819 0.76820 -0.24935 0.55881
1403638191245096960.000000000 7.00656 -9.81967 1.24870 0.18502 0.77448 -0.25165 0.55011
1403638191345096960.000000000 7.02060 -9.72362 1.26858 0.18220 0.78081 -0.25400 0.54095
1403638191445096960.000000000 7.03724 -9.63170 1.28934 0.18225 0.78383 -0.25532 0.53592
1403638191545097216.000000000 7.05676 -9.54333 1.30637 0.18250 0.78418 -0.25649 0.53475
1403638191645096960.000000000 7.07325 -9.45126 1.31331 0.18506 0.78417 -0.25583 0.53422
1403638191745096960.000000000 7.09682 -9.36812 1.32083 0.19066 0.78580 -0.25257 0.53139
1403638191845096960.000000000 7.12068 -9.27879 1.31653 0.19526 0.78708 -0.24986 0.52910
1403638191945096960.000000000 7.15050 -9.18621 1.30936 0.19570 0.78668 -0.25026 0.52934
1403638192045097216.000000000 7.19373 -9.10986 1.31643 0.19661 0.78657 -0.24939 0.52957
1403638192145096960.000000000 7.23048 -9.01788 1.32072 0.19533 0.78609 -0.25007 0.53045
1403638192245096960.000000000 7.28521 -8.94560 1.34872 0.19380 0.78358 -0.25060 0.53445
1403638192345096960.000000000 7.33501 -8.86096 1.37806 0.19207 0.77794 -0.25111 0.54302
1403638192445096960.000000000 7.39157 -8.79117 1.42067 0.19115 0.77558 -0.25119 0.54666
1403638192545097216.000000000 7.45810 -8.72362 1.47099 0.19154 0.77299 -0.25080 0.55037
1403638192645096960.000000000 7.51116 -8.64068 1.52052 0.19440 0.76698 -0.24884 0.55860
1403638192745096960.000000000 7.56221 -8.54301 1.56376 0.19500 0.76011 -0.24900 0.56763
1403638192845096960.000000000 7.60932 -8.43618 1.59973 0.19371 0.75323 -0.24994 0.57675
1403638192945096960.000000000 7.64952 -8.32509 1.63150 0.18765 0.74098 -0.25340 0.59290
1403638193045097216.000000000 7.67896 -8.21110 1.65850 0.17886 0.73224 -0.25597 0.60524
1403638193145096960.000000000 7.69756 -8.08899 1.68784 0.17255 0.73748 -0.25148 0.60258
1403638193245096960.000000000 7.70365 -7.96521 1.72397 0.17007 0.74776 -0.24382 0.59370
1403638193345096960.000000000 7.69384 -7.84174 1.76971 0.17055 0.75589 -0.23558 0.58656
1403638193445096960.000000000 7.67327 -7.72116 1.82344 0.17406 0.75915 -0.22703 0.58468
1403638193545097216.000000000 7.64458 -7.60039 1.87497 0.17410 0.75948 -0.22229 0.58605
1403638193645096960.000000000 7.60784 -7.47804 1.91777 0.17167 0.76435 -0.22126 0.58081
1403638193745096960.000000000 7.56363 -7.35417 1.95302 0.16574 0.77268 -0.22370 0.57049
1403638193845096960.000000000 7.51956 -7.22885 1.98375 0.16355 0.77845 -0.22495 0.56273
1403638193945096960.000000000 7.46465 -7.10802 2.00648 0.16197 0.78209 -0.22603 0.55768
1403638194045097216.000000000 7.40918 -6.98776 2.02411 0.16050 0.78273 -0.22691 0.55685
1403638194145096960.000000000 7.35032 -6.87368 2.03658 0.16327 0.77796 -0.22537 0.56332
1403638194245096960.000000000 7.29710 -6.75737 2.04486 0.16591 0.77275 -0.22433 0.57009
1403638194345096960.000000000 7.22679 -6.65074 2.04265 0.16414 0.77395 -0.22502 0.56870
1403638194445096960.000000000 7.16000 -6.53774 2.04473 0.16114 0.77778 -0.22749 0.56333
1403638194545097216.000000000 7.10092 -6.41715 2.05655 0.16006 0.78167 -0.22932 0.55749
1403638194645096960.000000000 7.03025 -6.30516 2.07018 0.15840 0.78595 -0.23099 0.55121
1403638194745096960.000000000 6.96180 -6.19544 2.08577 0.15698 0.79099 -0.23268 0.54365
1403638194845096960.000000000 6.89688 -6.08659 2.09824 0.15659 0.79476 -0.23376 0.53776
1403638194945096960.000000000 6.83596 -5.97893 2.10663 0.15803 0.79698 -0.23339 0.53421
1403638195045097216.000000000 6.77942 -5.87456 2.10921 0.15775 0.79828 -0.23391 0.53211
1403638195145096960.000000000 6.73203 -5.77211 2.10486 0.15759 0.79992 -0.23400 0.52965
1403638195245096960.000000000 6.68433 -5.67636 2.09524 0.15294 0.80605 -0.23725 0.52019
1403638195345096960.000000000 6.64846 -5.58390 2.08079 0.14858 0.81247 -0.24030 0.50997
1403638195445096960.000000000 6.62207 -5.50271 2.06643 0.14997 0.80910 -0.23944 0.51529
1403638195545097216.000000000 6.60410 -5.42782 2.05019 0.15331 0.79869 -0.23697 0.53144
1403638195645096960.000000000 6.59097 -5.35538 2.02879 0.15670 0.79173 -0.23420 0.54199
1403638195745096960.000000000 6.58142 -5.29060 2.00827 0.15604 0.79205 -0.23417 0.54173
1403638195845096960.000000000 6.57492 -5.23122 1.99261 0.15407 0.79547 -0.23501 0.53691
1403638195945096960.000000000 6.56843 -5.16748 1.98459 0.15216 0.80077 -0.23559 0.52925
1403638196045097216.000000000 6.57099 -5.11336 1.98346 0.15092 0.80342 -0.23608 0.52537
1403638196145096960.000000000 6.58389 -5.06625 1.99276 0.15280 0.80141 -0.23478 0.52846
1403638196245096960.000000000 6.59346 -5.01196 2.01008 0.15546 0.79537 -0.23244 0.53776
1403638196345096960.000000000 6.60633 -4.96208 2.02820 0.15806 0.79165 -0.23058 0.54327
1403638196445096960.000000000 6.62340 -4.91996 2.03935 0.15622 0.79175 -0.23190 0.54309
1403638196545097216.000000000 6.64415 -4.88160 2.04436 0.15417 0.79302 -0.23403 0.54091
1403638196645096960.000000000 6.66428 -4.84856 2.04234 0.15169 0.79869 -0.23629 0.53222
1403638196745096960.000000000 6.68922 -4.81535 2.03412 0.14862 0.80297 -0.23909 0.52535
1403638196845096960.000000000 6.71484 -4.78815 2.02428 0.14834 0.80359 -0.23942 0.52433
1403638196945096960.000000000 6.74996 -4.76369 2.01237 0.15116 0.79896 -0.23771 0.53132
1403638197045097216.000000000 6.78400 -4.74518 2.00885 0.15339 0.79389 -0.23607 0.53897
1403638197145096960.000000000 6.82266 -4.72831 2.00805 0.15549 0.79145 -0.23482 0.54248
1403638197245096960.000000000 6.86084 -4.71308 2.01665 0.15954 0.79049 -0.23176 0.54402
1403638197345096960.000000000 6.90200 -4.69830 2.03182 0.17022 0.78768 -0.22433 0.54796
1403638197445096960.000000000 6.94339 -4.68255 2.05298 0.17684 0.78536 -0.21989 0.55098
1403638197545097216.000000000 6.97938 -4.66262 2.08361 0.17612 0.78346 -0.21982 0.55395
1403638197645096960.000000000 7.01878 -4.63935 2.11637 0.17673 0.78278 -0.21910 0.55499
1403638197745096960.000000000 7.05471 -4.61253 2.15336 0.17641 0.78347 -0.21862 0.55431
1403638197845096960.000000000 7.09402 -4.58265 2.18310 0.17372 0.78164 -0.22013 0.55714
1403638197945096960.000000000 7.13345 -4.55197 2.20728 0.17069 0.77514 -0.22128 0.56662
1403638198045097216.000000000 7.16756 -4.51654 2.21899 0.17002 0.76730 -0.22124 0.57741
1403638198145096960.000000000 7.20179 -4.47936 2.21011 0.16745 0.76897 -0.22308 0.57523
1403638198245096960.000000000 7.23299 -4.43670 2.18433 0.16577 0.77262 -0.22444 0.57027
1403638198345096960.000000000 7.25864 -4.39022 2.15004 0.16632 0.77516 -0.22394 0.56684
1403638198445096960.000000000 7.28548 -4.34195 2.11182 0.16997 0.78028 -0.22136 0.55970
1403638198545097216.000000000 7.30659 -4.29075 2.06909 0.17743 0.78333 -0.21563 0.55535
1403638198645096960.000000000 7.33945 -4.23248 2.02850 0.19499 0.78363 -0.20349 0.55361
1403638198745096960.000000000 7.36250 -4.16942 1.98640 0.21103 0.78280 -0.19139 0.55323
1403638198845096960.000000000 7.39764 -4.09161 1.95537 0.21844 0.78111 -0.18543 0.55477
1403638198945096960.000000000 7.42270 -4.00070 1.93016 0.21826 0.78171 -0.18546 0.55399
1403638199045097216.000000000 7.46063 -3.89459 1.91362 0.21515 0.78257 -0.18814 0.55308
1403638199145096960.000000000 7.49137 -3.77768 1.90798 0.21263 0.78246 -0.19069 0.55334
1403638199245096960.000000000 7.53525 -3.64774 1.91325 0.20929 0.78019 -0.19346 0.55685
1403638199345096960.000000000 7.57990 -3.50738 1.92676 0.20917 0.77722 -0.19385 0.56090
1403638199445096960.000000000 7.62385 -3.35586 1.94500 0.21390 0.77790 -0.19127 0.55904
1403638199545097216.000000000 7.66870 -3.19205 1.97027 0.21767 0.78198 -0.18884 0.55269
1403638199645096960.000000000 7.71688 -3.01888 2.00142 0.21355 0.78528 -0.18457 0.55106
1403638199745096960.000000000 7.76621 -2.83409 2.03861 0.19891 0.78730 -0.18325 0.55409
1403638199845096960.000000000 7.81420 -2.64408 2.07464 0.17983 0.79023 -0.18751 0.55501
1403638199945096960.000000000 7.86107 -2.44875 2.10514 0.16712 0.79233 -0.18887 0.55553
1403638200045097216.000000000 7.90775 -2.25010 2.13137 0.15891 0.79369 -0.18491 0.55732
1403638200145096960.000000000 7.95432 -2.05042 2.15546 0.15719 0.79610 -0.17109 0.55879
1403638200245096960.000000000 8.00059 -1.84732 2.18333 0.15344 0.79392 -0.15411 0.56780
1403638200345096960.000000000 8.04641 -1.63951 2.21778 0.14503 0.79215 -0.13760 0.57665
1403638200445096960.000000000 8.08905 -1.42726 2.25974 0.14084 0.79349 -0.11966 0.57984
1403638200545097216.000000000 8.12921 -1.20964 2.30869 0.14032 0.79623 -0.10335 0.57935
1403638200645096960.000000000 8.16663 -0.98370 2.36269 0.13743 0.79919 -0.08680 0.57868
1403638200745096960.000000000 8.20202 -0.74874 2.42071 0.13493 0.80282 -0.07079 0.57642
1403638200845096960.000000000 8.23962 -0.50548 2.47476 0.12905 0.80685 -0.06247 0.57310
1403638200945096960.000000000 8.26821 -0.25042 2.52111 0.11578 0.80901 -0.06392 0.57273
1403638201045097216.000000000 8.29704 0.00926 2.55945 0.10049 0.80864 -0.07002 0.57542
1403638201145096960.000000000 8.32521 0.27204 2.58916 0.09309 0.80870 -0.07357 0.57613
1403638201245096960.000000000 8.35133 0.53534 2.61168 0.08805 0.80664 -0.07804 0.57921
1403638201345096960.000000000 8.37316 0.79779 2.62611 0.08894 0.80754 -0.07917 0.57768
1403638201445096960.000000000 8.39273 1.06040 2.63375 0.09141 0.80673 -0.07972 0.57834
1403638201545097216.000000000 8.40776 1.32090 2.63342 0.09313 0.80515 -0.08075 0.58012
1403638201645096960.000000000 8.42200 1.58474 2.62751 0.09497 0.80313 -0.08172 0.58249
1403638201745096960.000000000 8.42815 1.84153 2.61100 0.09485 0.80249 -0.08369 0.58310
1403638201845096960.000000000 8.43376 2.10301 2.58742 0.09414 0.80151 -0.08536 0.58433
1403638201945096960.000000000 8.43795 2.36870 2.56074 0.09336 0.80275 -0.08365 0.58299
1403638202045097216.000000000 8.43861 2.63789 2.53816 0.08690 0.80384 -0.07836 0.58322
1403638202145096960.000000000 8.43477 2.90666 2.51982 0.07454 0.80728 -0.07778 0.58025
1403638202245096960.000000000 8.42749 3.17569 2.50892 0.06367 0.81120 -0.07840 0.57598
1403638202345096960.000000000 8.42017 3.43995 2.50524 0.05685 0.81432 -0.07754 0.57240
1403638202445096960.000000000 8.41567 3.69796 2.50395 0.05504 0.81601 -0.07524 0.57047
1403638202545097216.000000000 8.41582 3.95546 2.49505 0.05206 0.81696 -0.07544 0.56936
1403638202645096960.000000000 8.41823 4.20844 2.47999 0.04988 0.81840 -0.07654 0.56734
1403638202745096960.000000000 8.42265 4.45341 2.46010 0.04995 0.81849 -0.07683 0.56716
1403638202845096960.000000000 8.42576 4.68776 2.43547 0.05165 0.81743 -0.07628 0.56861
1403638202945096960.000000000 8.43293 4.92369 2.40775 0.05229 0.81668 -0.07688 0.56956
1403638203045097216.000000000 8.43828 5.15118 2.38296 0.05134 0.81536 -0.07802 0.57137
1403638203145096960.000000000 8.44332 5.37165 2.36408 0.05318 0.81445 -0.07723 0.57261
1403638203245096960.000000000 8.44344 5.58672 2.35582 0.05697 0.81123 -0.07461 0.57714
1403638203345096960.000000000 8.44939 5.79616 2.34585 0.05537 0.80968 -0.07559 0.57935
1403638203445096960.000000000 8.44987 6.00077 2.33514 0.05331 0.80811 -0.07648 0.58161
1403638203545097216.000000000 8.45018 6.19760 2.31850 0.05150 0.80892 -0.07760 0.58049
1403638203645096960.000000000 8.44811 6.39015 2.30157 0.05001 0.81058 -0.07855 0.57818
1403638203745096960.000000000 8.44357 6.57822 2.29118 0.04904 0.81010 -0.07896 0.57887
1403638203845096960.000000000 8.43612 6.76460 2.28866 0.05010 0.81014 -0.07771 0.57890
1403638203945096960.000000000 8.42684 6.94835 2.29287 0.05018 0.81057 -0.07674 0.57842
1403638204045097216.000000000 8.41404 7.12786 2.30362 0.04800 0.81185 -0.07688 0.57679
1403638204145096960.000000000 8.39756 7.30136 2.32265 0.04500 0.81438 -0.07751 0.57336
1403638204245096960.000000000 8.38074 7.47112 2.34875 0.03839 0.81703 -0.08170 0.56949
1403638204345096960.000000000 8.36475 7.63091 2.37912 0.02644 0.82089 -0.09051 0.56325
1403638204445096960.000000000 8.34965 7.78333 2.41047 0.01893 0.82401 -0.09704 0.55788
1403638204545097216.000000000 8.33467 7.92533 2.43741 0.01701 0.82394 -0.09959 0.55760
1403638204645096960.000000000 8.32126 8.05887 2.45847 0.01544 0.82247 -0.09664 0.56032
1403638204745096960.000000000 8.30899 8.18164 2.47172 0.01694 0.82326 -0.08384 0.56119
1403638204845096960.000000000 8.29837 8.29610 2.47830 0.02054 0.82366 -0.06171 0.56334
1403638204945096960.000000000 8.29082 8.40746 2.47762 0.01926 0.82308 -0.03289 0.56664
1403638205045097216.000000000 8.28561 8.52042 2.47026 0.00890 0.82246 -0.00067 0.56876
1403638205145096960.000000000 8.28075 8.62875 2.45843 -0.01143 0.82183 0.03495 0.56854
1403638205245096960.000000000 8.27515 8.73619 2.45142 -0.03786 0.81806 0.07435 0.56905
1403638205345096960.000000000 8.26964 8.84790 2.45291 -0.06722 0.81114 0.11422 0.56964
1403638205445096960.000000000 8.26374 8.96170 2.46260 -0.09210 0.80121 0.15396 0.57086
1403638205545097216.000000000 8.25644 9.07491 2.47898 -0.10372 0.79047 0.19017 0.57292
1403638205645096960.000000000 8.24296 9.18731 2.50222 -0.10741 0.77872 0.21774 0.57849
1403638205745096960.000000000 8.22378 9.30631 2.53205 -0.11058 0.76855 0.23723 0.58381
1403638205845096960.000000000 8.19410 9.42760 2.56468 -0.12022 0.76292 0.25335 0.58251
1403638205945096960.000000000 8.15400 9.55484 2.60183 -0.13429 0.75906 0.26995 0.57699
1403638206045097216.000000000 8.10568 9.68816 2.64538 -0.15265 0.75520 0.28637 0.56953
1403638206145096960.000000000 8.04711 9.82130 2.69413 -0.17012 0.74820 0.30326 0.56505
1403638206245096960.000000000 7.97955 9.95575 2.74311 -0.18574 0.74062 0.31955 0.56113
1403638206345096960.000000000 7.90549 10.09094 2.78611 -0.20692 0.73494 0.32919 0.55559
1403638206445096960.000000000 7.82463 10.22124 2.82243 -0.22336 0.73144 0.33371 0.55112
1403638206545097216.000000000 7.74052 10.34647 2.85323 -0.23457 0.72801 0.33586 0.54970
1403638206645096960.000000000 7.65223 10.46586 2.87750 -0.24080 0.72505 0.33786 0.54969
1403638206745096960.000000000 7.55914 10.57852 2.89552 -0.24740 0.72230 0.34380 0.54670
1403638206845096960.000000000 7.46212 10.68076 2.90632 -0.25323 0.71964 0.35022 0.54345
1403638206945096960.000000000 7.36303 10.77827 2.91188 -0.25960 0.71591 0.35322 0.54344
1403638207045097216.000000000 7.26317 10.87519 2.90998 -0.26499 0.71268 0.35430 0.54438
1403638207145096960.000000000 7.15666 10.95382 2.90202 -0.26757 0.71016 0.35541 0.54568
1403638207245096960.000000000 7.04689 11.02789 2.88497 -0.27181 0.70751 0.35791 0.54539
1403638207345096960.000000000 6.93242 11.10150 2.86195 -0.27939 0.70204 0.36404 0.54456
1403638207445096960.000000000 6.81250 11.16775 2.83715 -0.28933 0.69347 0.37500 0.54292
1403638207545097216.000000000 6.68681 11.22630 2.81859 -0.30092 0.68589 0.38951 0.53599
1403638207645096960.000000000 6.55769 11.27229 2.80454 -0.30828 0.68439 0.40393 0.52290
1403638207745096960.000000000 6.42758 11.30994 2.79781 -0.31360 0.68619 0.41448 0.50893
1403638207845096960.000000000 6.29974 11.33899 2.80008 -0.31682 0.68843 0.42160 0.49793
1403638207945096960.000000000 6.17551 11.36386 2.80997 -0.31674 0.69207 0.42682 0.48840
1403638208045097216.000000000 6.05507 11.38536 2.82301 -0.31612 0.69288 0.42903 0.48572
1403638208145096960.000000000 5.93613 11.40355 2.83230 -0.31975 0.69055 0.42615 0.48918
1403638208245096960.000000000 5.82048 11.41873 2.83504 -0.32145 0.68725 0.42347 0.49500
1403638208345096960.000000000 5.70789 11.42972 2.82913 -0.31892 0.68879 0.42333 0.49461
1403638208445096960.000000000 5.59626 11.43821 2.81639 -0.31536 0.69150 0.42493 0.49173
1403638208545097216.000000000 5.48855 11.44303 2.80544 -0.31712 0.69137 0.42934 0.48694
1403638208645096960.000000000 5.37921 11.44698 2.80020 -0.32157 0.68644 0.43853 0.48279
1403638208745096960.000000000 5.27325 11.44898 2.80224 -0.32894 0.68220 0.44484 0.47804
1403638208845096960.000000000 5.17099 11.44921 2.80946 -0.33474 0.67722 0.45036 0.47593
1403638208945096960.000000000 5.07195 11.44499 2.81393 -0.33721 0.67225 0.45605 0.47580
1403638209045097216.000000000 4.97480 11.43852 2.81153 -0.33947 0.66961 0.45923 0.47486
1403638209145096960.000000000 4.88082 11.42906 2.80255 -0.34117 0.66836 0.46128 0.47342
1403638209245096960.000000000 4.78937 11.41443 2.78776 -0.34224 0.66793 0.46212 0.47242
1403638209345096960.000000000 4.69967 11.39818 2.76657 -0.34344 0.66882 0.46200 0.47041
1403638209445096960.000000000 4.61337 11.38045 2.73928 -0.34483 0.66903 0.46158 0.46951
1403638209545097216.000000000 4.52763 11.36103 2.70559 -0.34709 0.66704 0.45957 0.47263
1403638209645096960.000000000 4.44438 11.34014 2.65422 -0.34820 0.66748 0.45773 0.47298
1403638209745096960.000000000 4.35867 11.31613 2.58452 -0.34643 0.66870 0.45762 0.47266
1403638209845096960.000000000 4.28036 11.29092 2.49667 -0.34305 0.66680 0.45933 0.47614
1403638209945096960.000000000 4.19484 11.26104 2.39970 -0.34297 0.66364 0.45842 0.48145
1403638210045097216.000000000 4.12078 11.22842 2.29884 -0.34516 0.65925 0.45649 0.48773
1403638210145096960.000000000 4.03646 11.18992 2.20282 -0.34921 0.65600 0.45306 0.49240
1403638210245096960.000000000 3.96126 11.14570 2.11301 -0.35187 0.65421 0.45104 0.49474
1403638210345096960.000000000 3.88446 11.09175 2.02767 -0.35039 0.65383 0.45186 0.49553
1403638210445096960.000000000 3.80078 11.02729 1.94148 -0.35010 0.65497 0.45175 0.49434
1403638210545097216.000000000 3.72485 10.95924 1.85142 -0.35136 0.65489 0.45043 0.49476
1403638210645096960.000000000 3.64427 10.88229 1.75555 -0.35247 0.65424 0.44898 0.49614
1403638210745096960.000000000 3.56677 10.80055 1.65887 -0.35369 0.65483 0.44759 0.49575
1403638210845096960.000000000 3.48571 10.70601 1.56804 -0.35335 0.65617 0.44757 0.49425
1403638210945096960.000000000 3.40826 10.60925 1.48391 -0.35133 0.65990 0.44928 0.48913
1403638211045097216.000000000 3.33095 10.50326 1.40858 -0.35063 0.66317 0.45034 0.48421
1403638211145096960.000000000 3.25559 10.39420 1.34362 -0.34906 0.66597 0.45194 0.47999
1403638211245096960.000000000 3.18472 10.28465 1.28660 -0.34861 0.66802 0.45263 0.47680
1403638211345096960.000000000 3.11946 10.17580 1.23816 -0.34644 0.67013 0.45133 0.47666
1403638211445096960.000000000 3.05742 10.06471 1.18829 -0.34159 0.67517 0.44486 0.47913
1403638211545097216.000000000 2.99644 9.94845 1.12910 -0.33501 0.68216 0.43457 0.48329
1403638211645096960.000000000 2.93774 9.83076 1.06633 -0.32907 0.69133 0.41845 0.48854
1403638211745096960.000000000 2.88336 9.70836 0.99802 -0.31960 0.70300 0.39894 0.49446
1403638211845096960.000000000 2.83324 9.58136 0.92915 -0.30982 0.71710 0.37546 0.49880
1403638211945096960.000000000 2.78868 9.45021 0.86622 -0.29731 0.72902 0.35282 0.50562
1403638212045097216.000000000 2.75030 9.31526 0.81231 -0.28380 0.73977 0.33149 0.51217
1403638212145096960.000000000 2.71661 9.17683 0.76580 -0.26704 0.74824 0.31287 0.52051
1403638212245096960.000000000 2.68611 9.03481 0.72858 -0.24982 0.75569 0.29394 0.52927
1403638212345096960.000000000 2.65636 8.88870 0.69990 -0.23386 0.76341 0.27487 0.53568
1403638212445096960.000000000 2.62843 8.73918 0.67877 -0.21675 0.76987 0.25602 0.54293
1403638212545097216.000000000 2.59776 8.58270 0.66453 -0.20431 0.77610 0.23386 0.54885
1403638212645096960.000000000 2.56765 8.42159 0.65430 -0.19010 0.78304 0.21240 0.55281
1403638212745096960.000000000 2.53799 8.25664 0.65007 -0.17218 0.78981 0.19282 0.55622
1403638212845096960.000000000 2.50892 8.08779 0.65190 -0.15680 0.79471 0.16975 0.56128
1403638212945096960.000000000 2.48095 7.91587 0.65705 -0.14100 0.80028 0.14518 0.56444
1403638213045097216.000000000 2.45626 7.74281 0.66906 -0.12334 0.80562 0.11996 0.56690
1403638213145096960.000000000 2.43429 7.57008 0.68417 -0.10804 0.81117 0.09237 0.56727
1403638213245096960.000000000 2.41441 7.39677 0.69518 -0.09478 0.81971 0.06316 0.56134
1403638213345096960.000000000 2.39843 7.22128 0.70000 -0.08433 0.82846 0.03186 0.55274
1403638213445096960.000000000 2.38888 7.04308 0.70014 -0.07546 0.83452 -0.00017 0.54579
1403638213545097216.000000000 2.38735 6.85799 0.69658 -0.06370 0.83564 -0.02817 0.54485
1403638213645096960.000000000 2.39287 6.66543 0.69265 -0.04056 0.82873 -0.03995 0.55674
1403638213745096960.000000000 2.40218 6.46842 0.69333 -0.01862 0.82017 -0.04279 0.57021
1403638213845096960.000000000 2.41240 6.26845 0.69937 -0.00252 0.81541 -0.04281 0.57729
1403638213945096960.000000000 2.42379 6.07249 0.71093 0.00598 0.81460 -0.04243 0.57843
1403638214045097216.000000000 2.43257 5.87597 0.72648 0.00741 0.81735 -0.04229 0.57454
1403638214145096960.000000000 2.44189 5.67941 0.74532 0.00779 0.82388 -0.04034 0.56527
1403638214245096960.000000000 2.45459 5.48698 0.76673 0.00663 0.83051 -0.03713 0.55573
1403638214345096960.000000000 2.46979 5.29702 0.78335 0.00435 0.83522 -0.03408 0.54884
1403638214445096960.000000000 2.49133 5.10670 0.79300 0.00315 0.83680 -0.02957 0.54671
1403638214545097216.000000000 2.51701 4.90846 0.79592 0.00164 0.83158 -0.02522 0.55483
1403638214645096960.000000000 2.54621 4.71859 0.79416 0.00047 0.82515 -0.02145 0.56450
1403638214745096960.000000000 2.57491 4.53132 0.78802 -0.00070 0.81879 -0.01772 0.57382
1403638214845096960.000000000 2.60249 4.34751 0.77649 -0.00216 0.81475 -0.01460 0.57962
1403638214945096960.000000000 2.62557 4.16701 0.75971 -0.00300 0.81224 -0.01222 0.58318
1403638215045097216.000000000 2.64885 3.99066 0.73743 -0.00411 0.81146 -0.01103 0.58429
1403638215145096960.000000000 2.67032 3.81594 0.71062 -0.00349 0.81173 -0.00923 0.58395
1403638215245096960.000000000 2.69162 3.64456 0.68054 -0.00181 0.81381 -0.00783 0.58107
1403638215345096960.000000000 2.71284 3.47411 0.64864 0.00220 0.81553 -0.00528 0.57869
1403638215445096960.000000000 2.73441 3.30969 0.61951 0.00758 0.81510 -0.00154 0.57927
1403638215545097216.000000000 2.75511 3.15136 0.59928 0.00866 0.81539 -0.00103 0.57885
1403638215645096960.000000000 2.77450 2.99589 0.58700 0.00821 0.81339 -0.00107 0.58167
1403638215745096960.000000000 2.79152 2.85137 0.58033 0.00411 0.81293 -0.00421 0.58234
1403638215845096960.000000000 2.80706 2.70682 0.57101 0.00329 0.81295 -0.00995 0.58224
1403638215945096960.000000000 2.81758 2.56771 0.55499 0.00576 0.81272 -0.01453 0.58244
1403638216045097216.000000000 2.82625 2.42853 0.53403 0.00720 0.81264 -0.01852 0.58243
1403638216145096960.000000000 2.83210 2.29623 0.51269 0.01058 0.81261 -0.02025 0.58236
1403638216245096960.000000000 2.83422 2.16874 0.49802 0.01363 0.81134 -0.02114 0.58403
1403638216345096960.000000000 2.83437 2.04516 0.48960 0.01595 0.81044 -0.02177 0.58521
1403638216445096960.000000000 2.83204 1.92648 0.48809 0.01754 0.80928 -0.02234 0.58674
1403638216545097216.000000000 2.82697 1.81338 0.48888 0.01840 0.80965 -0.02254 0.58619
1403638216645096960.000000000 2.81957 1.70360 0.48246 0.02179 0.81109 -0.02106 0.58413
1403638216745096960.000000000 2.81087 1.59808 0.46810 0.02429 0.81241 -0.01922 0.58226
1403638216845096960.000000000 2.80219 1.49362 0.45106 0.02798 0.80888 -0.02063 0.58695
1403638216945096960.000000000 2.79080 1.39625 0.42820 0.03244 0.80644 -0.02781 0.58976
1403638217045097216.000000000 2.77626 1.30151 0.40236 0.03527 0.80673 -0.04127 0.58843
1403638217145096960.000000000 2.75702 1.21161 0.37401 0.04080 0.80875 -0.05667 0.58400
1403638217245096960.000000000 2.73608 1.12502 0.34469 0.04796 0.81023 -0.06816 0.58016
1403638217345096960.000000000 2.71456 1.04288 0.32099 0.05395 0.81096 -0.07587 0.57764
1403638217445096960.000000000 2.69026 0.96682 0.30704 0.05809 0.81176 -0.08139 0.57537
1403638217545097216.000000000 2.66511 0.89514 0.30085 0.06512 0.81256 -0.08215 0.57337
1403638217645096960.000000000 2.63941 0.82862 0.30270 0.07249 0.81333 -0.07960 0.57176
1403638217745096960.000000000 2.61402 0.76806 0.31209 0.08014 0.81416 -0.07540 0.57012
1403638217845096960.000000000 2.58844 0.71588 0.32792 0.08542 0.81568 -0.07146 0.56769
1403638217945096960.000000000 2.56571 0.67029 0.34588 0.08774 0.81429 -0.06846 0.56970
1403638218045097216.000000000 2.54553 0.63161 0.35663 0.08699 0.81249 -0.06664 0.57258
1403638218145096960.000000000 2.52569 0.59843 0.36154 0.08500 0.81103 -0.06618 0.57500
1403638218245096960.000000000 2.50576 0.57232 0.36102 0.08356 0.80830 -0.06467 0.57922
1403638218345096960.000000000 2.48835 0.55101 0.35651 0.07883 0.80458 -0.06502 0.58499
1403638218445096960.000000000 2.46572 0.54101 0.35849 0.07256 0.80422 -0.06670 0.58610
1403638218545097216.000000000 2.44341 0.53126 0.36495 0.06956 0.80512 -0.06714 0.58518
1403638218645096960.000000000 2.41607 0.53038 0.37987 0.06652 0.80711 -0.06809 0.58267
1403638218745096960.000000000 2.38500 0.53545 0.39457 0.06674 0.81183 -0.07164 0.57563
1403638218845096960.000000000 2.35414 0.54538 0.40589 0.07088 0.81514 -0.07877 0.56949
1403638218945096960.000000000 2.33028 0.55104 0.40789 0.06743 0.81548 -0.09061 0.56766
1403638219045097216.000000000 2.30736 0.56276 0.40649 0.05802 0.81359 -0.10483 0.56896
1403638219145096960.000000000 2.28106 0.57437 0.40311 0.05556 0.81108 -0.11251 0.57132
1403638219245096960.000000000 2.25966 0.58452 0.39641 0.06401 0.80695 -0.11047 0.57665
1403638219345096960.000000000 2.23142 0.59513 0.38837 0.07266 0.80075 -0.10699 0.58487
1403638219445096960.000000000 2.20795 0.60574 0.38126 0.07728 0.79317 -0.10491 0.59490
1403638219545097216.000000000 2.17962 0.61772 0.37777 0.07829 0.79115 -0.10438 0.59755
1403638219645096960.000000000 2.14529 0.63152 0.37771 0.07434 0.79358 -0.10676 0.59439
1403638219745096960.000000000 2.10079 0.64818 0.38080 0.06764 0.79633 -0.11099 0.59073
1403638219845096960.000000000 2.05266 0.66361 0.37916 0.05869 0.79958 -0.11679 0.58616
1403638219945096960.000000000 2.00096 0.67665 0.37217 0.05055 0.80181 -0.12240 0.58272
1403638220045097216.000000000 1.94706 0.68644 0.35790 0.04538 0.80421 -0.12587 0.57909
1403638220145096960.000000000 1.89054 0.68824 0.34591 0.04761 0.80644 -0.12416 0.57617
1403638220245096960.000000000 1.83704 0.68559 0.33866 0.06145 0.80854 -0.11492 0.57382
1403638220345096960.000000000 1.77966 0.68035 0.34206 0.07337 0.81048 -0.10660 0.57130
1403638220445096960.000000000 1.72153 0.67621 0.35148 0.07844 0.81109 -0.10339 0.57035
1403638220545097216.000000000 1.66557 0.67492 0.36451 0.08016 0.81058 -0.10282 0.57093
1403638220645096960.000000000 1.60789 0.67556 0.37893 0.08173 0.81025 -0.10320 0.57111
1403638220745096960.000000000 1.55371 0.67794 0.38490 0.08194 0.81011 -0.10467 0.57101
1403638220845096960.000000000 1.49914 0.68237 0.38431 0.08117 0.80959 -0.10644 0.57152
1403638220945096960.000000000 1.44503 0.68859 0.37622 0.08086 0.81026 -0.10827 0.57028
1403638221045097216.000000000 1.39221 0.69598 0.36274 0.08107 0.81086 -0.10881 0.56930
1403638221145096960.000000000 1.33511 0.70378 0.34861 0.08158 0.81160 -0.10959 0.56801
1403638221245096960.000000000 1.28523 0.71450 0.33946 0.08096 0.81302 -0.11066 0.56585
1403638221345096960.000000000 1.23359 0.72612 0.33689 0.07900 0.81448 -0.11260 0.56365
1403638221445096960.000000000 1.18053 0.73621 0.33989 0.07627 0.81502 -0.11514 0.56273
1403638221545097216.000000000 1.13441 0.74723 0.33764 0.07401 0.81493 -0.11718 0.56274
1403638221645096960.000000000 1.08952 0.75701 0.33012 0.07378 0.81385 -0.11800 0.56417
1403638221745096960.000000000 1.04724 0.76586 0.32077 0.07193 0.81122 -0.11961 0.56784
1403638221845096960.000000000 1.00575 0.77284 0.31483 0.07118 0.81018 -0.11936 0.56947
1403638221945096960.000000000 0.96544 0.77829 0.31668 0.07513 0.80890 -0.11589 0.57150
1403638222045097216.000000000 0.92523 0.78013 0.33075 0.07832 0.80921 -0.11332 0.57114
1403638222145096960.000000000 0.88546 0.78663 0.34188 0.07983 0.81245 -0.11219 0.56654
1403638222245096960.000000000 0.84733 0.79327 0.34829 0.07962 0.81613 -0.11274 0.56115
1403638222345096960.000000000 0.81122 0.80053 0.34891 0.07870 0.81950 -0.11360 0.55617
1403638222445096960.000000000 0.78020 0.80595 0.34502 0.07807 0.82221 -0.11428 0.55210
1403638222545097216.000000000 0.75140 0.81292 0.33578 0.07784 0.82182 -0.11439 0.55269
1403638222645096960.000000000 0.73308 0.81622 0.32432 0.07754 0.81620 -0.11434 0.56101
1403638222745096960.000000000 0.71351 0.82170 0.30981 0.07821 0.81254 -0.11397 0.56629
1403638222845096960.000000000 0.69489 0.82747 0.29363 0.07896 0.80996 -0.11334 0.56999
1403638222945096960.000000000 0.68235 0.83101 0.27640 0.07918 0.80240 -0.11265 0.58068
1403638223045097216.000000000 0.65963 0.83835 0.26000 0.07854 0.80200 -0.11253 0.58134
1403638223145096960.000000000 0.63663 0.84371 0.24937 0.07894 0.80787 -0.11253 0.57311
1403638223245096960.000000000 0.60721 0.85366 0.24259 0.07258 0.81777 -0.11751 0.55873
1403638223345096960.000000000 0.58230 0.86010 0.23791 0.06950 0.82003 -0.11986 0.55530
1403638223445096960.000000000 0.55350 0.86685 0.23215 0.06296 0.81648 -0.12445 0.56028
1403638223545097216.000000000 0.53445 0.86922 0.22383 0.05444 0.81188 -0.13045 0.56645
1403638223645096960.000000000 0.51547 0.86719 0.21335 0.06180 0.81088 -0.12557 0.56822
1403638223745096960.000000000 0.49354 0.86176 0.20359 0.07339 0.81157 -0.11763 0.56756
1403638223845096960.000000000 0.47146 0.85658 0.18908 0.08092 0.81257 -0.11240 0.56617
1403638223945096960.000000000 0.45205 0.85262 0.17693 0.08605 0.81281 -0.10872 0.56579
1403638224045097216.000000000 0.43427 0.84997 0.15899 0.08738 0.81500 -0.10772 0.56262
1403638224145096960.000000000 0.41998 0.84655 0.14320 0.08475 0.82067 -0.10900 0.55447
1403638224245096960.000000000 0.40725 0.84766 0.12565 0.08294 0.82403 -0.11035 0.54948
1403638224345096960.000000000 0.40216 0.85151 0.11455 0.08307 0.81978 -0.11028 0.55578
1403638224445096960.000000000 0.40189 0.85699 0.10549 0.07701 0.81352 -0.11503 0.56483
1403638224545097216.000000000 0.40043 0.86197 0.09422 0.07721 0.80623 -0.11477 0.57521
1403638224645096960.000000000 0.39759 0.86748 0.08054 0.07872 0.80855 -0.11349 0.57199
1403638224745096960.000000000 0.39282 0.87374 0.06557 0.07778 0.81875 -0.11431 0.55726
1403638224845096960.000000000 0.39182 0.88039 0.05769 0.07689 0.82155 -0.11485 0.55314
1403638224945096960.000000000 0.39697 0.88648 0.05717 0.06987 0.81428 -0.11917 0.56379
1403638225045097216.000000000 0.40304 0.89086 0.05991 0.06363 0.80778 -0.12234 0.57313
1403638225145096960.000000000 0.40758 0.89195 0.06389 0.06787 0.80713 -0.11848 0.57437
1403638225245096960.000000000 0.40961 0.89187 0.06795 0.07210 0.81376 -0.11445 0.56525
1403638225345096960.000000000 0.41239 0.89114 0.07416 0.07493 0.81752 -0.11219 0.55988
1403638225445096960.000000000 0.41784 0.89029 0.07758 0.07675 0.81347 -0.11069 0.56579
1403638225545097216.000000000 0.42411 0.88983 0.07461 0.07965 0.80315 -0.10867 0.58034
1403638225645096960.000000000 0.42809 0.89051 0.06478 0.08199 0.79272 -0.10683 0.59452
1403638225745096960.000000000 0.42652 0.89305 0.04409 0.08275 0.79499 -0.10619 0.59149
1403638225845096960.000000000 0.42025 0.89838 0.01403 0.08128 0.80636 -0.10743 0.57588
1403638225945096960.000000000 0.41405 0.90511 -0.02082 0.07972 0.81658 -0.10850 0.56131
1403638226045097216.000000000 0.41224 0.91477 -0.04581 0.07515 0.82681 -0.10872 0.54673
1403638226145096960.000000000 0.42080 0.92389 -0.03201 0.05203 0.82471 -0.12280 0.54960
1403638226245096960.000000000 0.43063 0.92875 -0.03829 0.07829 0.82969 -0.10706 0.54224
1403638226345096960.000000000 0.42841 0.93353 -0.03243 0.07588 0.82580 -0.10774 0.54835
1403638226445096960.000000000 0.41794 0.93406 -0.03339 0.07582 0.82536 -0.10783 0.54900
1403638226545097216.000000000 0.41338 0.93249 -0.02629 0.07572 0.82470 -0.10722 0.55012
1403638226645096960.000000000 0.41419 0.93440 -0.02320 0.07568 0.82471 -0.10789 0.54998
1403638226745096960.000000000 0.41004 0.93266 -0.01418 0.07524 0.82517 -0.10831 0.54927
1403638226845096960.000000000 0.40573 0.93189 -0.00632 0.07546 0.82491 -0.10801 0.54969
1403638226945096960.000000000 0.40113 0.93082 0.00194 0.07592 0.82509 -0.10783 0.54940
1403638227045097216.000000000 0.39547 0.93044 0.00984 0.07644 0.82503 -0.10737 0.54950
1403638227145096960.000000000 0.38959 0.93052 0.01783 0.07622 0.82514 -0.10766 0.54931
1403638227245096960.000000000 0.38294 0.93121 0.02532 0.07595 0.82516 -0.10773 0.54931
1403638227345096960.000000000 0.37603 0.93250 0.03269 0.07556 0.82515 -0.10809 0.54931
1403638227445096960.000000000 0.36853 0.93413 0.03987 0.07559 0.82517 -0.10811 0.54927
1403638227545097216.000000000 0.36039 0.93598 0.04692 0.07570 0.82515 -0.10795 0.54931
1403638227645096960.000000000 0.35153 0.93811 0.05400 0.07584 0.82514 -0.10786 0.54932
1403638227745096960.000000000 0.34185 0.94090 0.06024 0.07577 0.82515 -0.10795 0.54930
1403638227845096960.000000000 0.33168 0.94417 0.06560 0.07570 0.82519 -0.10800 0.54923
1403638227945096960.000000000 0.32054 0.94778 0.06992 0.07557 0.82518 -0.10811 0.54925
