1403715893784058112.000000000 -0.00018 0.01285 0.02787 0.03037 0.80325 -0.03593 0.59378
1403715893884058112.000000000 -0.00724 0.01938 0.03804 0.03196 0.80957 -0.03538 0.58508
1403715893984057856.000000000 -0.01456 0.02743 0.05011 0.03192 0.81527 -0.03634 0.57705
1403715894084058112.000000000 -0.02140 0.03624 0.06233 0.03233 0.82424 -0.03743 0.56407
1403715894184057856.000000000 -0.02674 0.04643 0.07688 0.04117 0.82433 -0.03249 0.56367
1403715894284058112.000000000 -0.02860 0.06123 0.10324 0.05302 0.81834 -0.02509 0.57174
1403715894384058112.000000000 -0.02930 0.08251 0.13711 0.06267 0.81504 -0.01941 0.57568
1403715894484057856.000000000 -0.02973 0.10932 0.16557 0.06479 0.81622 -0.01999 0.57374
1403715894584058112.000000000 -0.03130 0.14448 0.19028 0.06190 0.82050 -0.02397 0.56779
1403715894684057856.000000000 -0.02983 0.18465 0.20853 0.05666 0.82361 -0.02865 0.56359
1403715894784058112.000000000 -0.02511 0.23054 0.23235 0.05003 0.82245 -0.03357 0.56564
1403715894884058112.000000000 -0.01778 0.27790 0.25755 0.04530 0.81844 -0.03654 0.57164
1403715894984057856.000000000 -0.00911 0.32601 0.28310 0.04371 0.81494 -0.03759 0.57667
1403715895084058112.000000000 0.00005 0.37383 0.30848 0.04353 0.81366 -0.03807 0.57846
1403715895184057856.000000000 0.00845 0.42241 0.33418 0.04127 0.81357 -0.04007 0.57862
1403715895284058112.000000000 0.01619 0.47162 0.35841 0.03970 0.81354 -0.04162 0.57866
1403715895384058112.000000000 0.02420 0.52046 0.38150 0.03945 0.81343 -0.04214 0.57879
1403715895484057856.000000000 0.03152 0.57143 0.40419 0.03956 0.81372 -0.04273 0.57833
1403715895584058112.000000000 0.03814 0.62190 0.42695 0.03901 0.81441 -0.04397 0.57731
1403715895684057856.000000000 0.04608 0.67139 0.44946 0.03990 0.81421 -0.04381 0.57754
1403715895784058112.000000000 0.05095 0.72181 0.47037 0.03961 0.81451 -0.04471 0.57707
1403715895884058112.000000000 0.05974 0.77181 0.49204 0.03993 0.81466 -0.04476 0.57683
1403715895984057856.000000000 0.06815 0.82192 0.51343 0.03790 0.81450 -0.04642 0.57706
1403715896084058112.000000000 0.07379 0.87116 0.53369 0.03364 0.81480 -0.04900 0.57669
1403715896184057856.000000000 0.08431 0.91865 0.55274 0.02546 0.81454 -0.05431 0.57699
1403715896284058112.000000000 0.09376 0.96206 0.57000 0.01132 0.81188 -0.06411 0.58019
1403715896384058112.000000000 0.10171 0.99739 0.58699 -0.00513 0.80857 -0.07515 0.58356
1403715896484057856.000000000 0.10649 1.02134 0.60353 -0.01641 0.80570 -0.08258 0.58630
1403715896584058112.000000000 0.10808 1.03361 0.62118 -0.02408 0.80179 -0.08725 0.59072
1403715896684057856.000000000 0.10492 1.03437 0.64129 -0.02779 0.79806 -0.08951 0.59524
1403715896784058112.000000000 0.09578 1.02263 0.66208 -0.03223 0.79844 -0.09145 0.59422
1403715896884058112.000000000 0.08129 0.99250 0.68044 -0.03906 0.80167 -0.09489 0.58890
1403715896984057856.000000000 0.06282 0.94978 0.70074 -0.05106 0.80371 -0.10196 0.58399
1403715897084058112.000000000 0.04160 0.88511 0.72072 -0.06314 0.80470 -0.10934 0.58010
1403715897184057856.000000000 0.01986 0.79806 0.74281 -0.06388 0.80491 -0.11022 0.57956
1403715897284058112.000000000 -0.00546 0.68873 0.76457 -0.04771 0.80850 -0.09923 0.57811
1403715897384058112.000000000 -0.03012 0.56068 0.78838 -0.01740 0.81387 -0.07798 0.57553
1403715897484057856.000000000 -0.05419 0.42330 0.81252 0.00383 0.81709 -0.06316 0.57303
1403715897584058112.000000000 -0.07611 0.28210 0.83502 0.01113 0.81832 -0.05742 0.57178
1403715897684057856.000000000 -0.09475 0.13836 0.85432 0.00470 0.81759 -0.06104 0.57253
1403715897784058112.000000000 -0.11108 -0.00899 0.87295 -0.00740 0.81555 -0.06824 0.57461
1403715897884058112.000000000 -0.12716 -0.16246 0.89193 -0.01302 0.81164 -0.07055 0.57974
1403715897984057856.000000000 -0.14111 -0.32361 0.91027 -0.00883 0.80861 -0.06532 0.58463
1403715898084058112.000000000 -0.15472 -0.49083 0.92879 0.00011 0.80187 -0.05851 0.59463
1403715898184057856.000000000 -0.17182 -0.66135 0.94487 0.01125 0.79413 -0.05637 0.60502
1403715898284058112.000000000 -0.19449 -0.83256 0.95832 0.02467 0.79111 -0.05969 0.60825
1403715898384058112.000000000 -0.22498 -1.00245 0.96597 0.03771 0.79306 -0.06920 0.60402
1403715898484057856.000000000 -0.26146 -1.16875 0.96846 0.04957 0.79902 -0.08375 0.59338
1403715898584058112.000000000 -0.29951 -1.33199 0.96774 0.06218 0.80422 -0.09991 0.58257
1403715898684057856.000000000 -0.33738 -1.49244 0.96094 0.07573 0.80374 -0.11762 0.57830
1403715898784058112.000000000 -0.37517 -1.64908 0.94257 0.08851 0.80097 -0.13425 0.57671
1403715898884058112.000000000 -0.41117 -1.80315 0.91167 0.09856 0.80014 -0.14706 0.57310
1403715898984057856.000000000 -0.44412 -1.95485 0.86927 0.10514 0.80051 -0.15624 0.56895
1403715899084058112.000000000 -0.47095 -2.11322 0.81785 0.10809 0.80085 -0.16206 0.56629
1403715899184057856.000000000 -0.49216 -2.27365 0.76226 0.10895 0.80668 -0.16555 0.55677
1403715899284058112.000000000 -0.50709 -2.42616 0.71258 0.11476 0.81487 -0.16292 0.54431
1403715899384058112.000000000 -0.51475 -2.57012 0.67332 0.11846 0.82409 -0.15953 0.53046
1403715899484057856.000000000 -0.51143 -2.70683 0.65128 0.12185 0.82766 -0.15460 0.52558
1403715899584058112.000000000 -0.49545 -2.83330 0.63846 0.11970 0.82790 -0.15307 0.52614
1403715899684057856.000000000 -0.46589 -2.95456 0.62683 0.11619 0.82796 -0.15183 0.52719
1403715899784058112.000000000 -0.42588 -3.06712 0.61671 0.11921 0.82676 -0.14510 0.53028
1403715899884058112.000000000 -0.37620 -3.18050 0.60839 0.12829 0.82206 -0.13416 0.53829
1403715899984057856.000000000 -0.31893 -3.28759 0.60190 0.13992 0.81921 -0.12201 0.54261
1403715900084058112.000000000 -0.25326 -3.38736 0.59566 0.14673 0.81746 -0.11374 0.54524
1403715900184057856.000000000 -0.17974 -3.47646 0.58994 0.15190 0.81669 -0.10838 0.54608
1403715900284058112.000000000 -0.09953 -3.55111 0.58568 0.15496 0.81613 -0.10467 0.54678
1403715900384058112.000000000 -0.01422 -3.60510 0.58207 0.15610 0.81662 -0.10324 0.54599
1403715900484057856.000000000 0.07951 -3.64589 0.57893 0.14445 0.81628 -0.11170 0.54804
1403715900584058112.000000000 0.17841 -3.67268 0.57987 0.12790 0.80868 -0.12354 0.56074
1403715900684057856.000000000 0.28035 -3.69209 0.58250 0.11038 0.79672 -0.13625 0.57835
1403715900784058112.000000000 0.38110 -3.70767 0.58641 0.10219 0.78150 -0.14220 0.59883
1403715900884058112.000000000 0.47447 -3.71861 0.59202 0.10776 0.76864 -0.13905 0.61501
1403715900984057856.000000000 0.55585 -3.72406 0.59855 0.11467 0.76029 -0.13552 0.62486
1403715901084058112.000000000 0.62379 -3.72194 0.60917 0.11854 0.75076 -0.13339 0.63601
1403715901184057856.000000000 0.67277 -3.71012 0.62287 0.12018 0.74202 -0.13313 0.64594
1403715901284058112.000000000 0.70729 -3.69072 0.63872 0.11939 0.73690 -0.13514 0.65151
1403715901384058112.000000000 0.72288 -3.66304 0.65432 0.11551 0.74068 -0.14020 0.64684
1403715901484057856.000000000 0.72059 -3.62836 0.66805 0.10994 0.75371 -0.14646 0.63117
1403715901584058112.000000000 0.70357 -3.58854 0.68364 0.10958 0.76309 -0.14906 0.61924
1403715901684057856.000000000 0.67635 -3.54373 0.70217 0.11158 0.76599 -0.14923 0.61525
1403715901784058112.000000000 0.63652 -3.49448 0.71673 0.11172 0.77245 -0.15045 0.60680
1403715901884058112.000000000 0.58911 -3.44059 0.72906 0.11208 0.77965 -0.15055 0.59743
1403715901984057856.000000000 0.53963 -3.38405 0.73912 0.11038 0.78317 -0.15163 0.59285
1403715902084058112.000000000 0.48692 -3.32459 0.74899 0.11099 0.78186 -0.15122 0.59456
1403715902184057856.000000000 0.43114 -3.26215 0.75639 0.11663 0.78211 -0.14650 0.59434
1403715902284058112.000000000 0.37342 -3.19639 0.76109 0.12246 0.78633 -0.14217 0.58862
1403715902384058112.000000000 0.31253 -3.12725 0.76598 0.12587 0.79238 -0.13919 0.58044
1403715902484057856.000000000 0.25367 -3.04984 0.77110 0.12223 0.79649 -0.14144 0.57503
1403715902584058112.000000000 0.19464 -2.96936 0.77699 0.11029 0.80098 -0.14832 0.56944
1403715902684057856.000000000 0.13792 -2.88746 0.78291 0.09789 0.80572 -0.14905 0.56481
1403715902784058112.000000000 0.08366 -2.80614 0.78221 0.08583 0.81375 -0.14122 0.55723
1403715902884058112.000000000 0.03487 -2.72697 0.77012 0.07338 0.82157 -0.12794 0.55070
1403715902984057856.000000000 -0.00710 -2.65093 0.75216 0.06567 0.82689 -0.10817 0.54794
1403715903084058112.000000000 -0.04238 -2.57618 0.73566 0.05763 0.82879 -0.08453 0.55012
1403715903184057856.000000000 -0.07109 -2.50141 0.72107 0.05297 0.82974 -0.05907 0.55249
1403715903284058112.000000000 -0.09487 -2.42664 0.70572 0.04245 0.83301 -0.04455 0.54983
1403715903384058112.000000000 -0.11003 -2.35004 0.69216 0.03025 0.83839 -0.03587 0.54304
1403715903484057856.000000000 -0.11662 -2.26999 0.68742 0.01692 0.84231 -0.02487 0.53815
1403715903584058112.000000000 -0.10889 -2.18975 0.69745 0.00306 0.84316 -0.00869 0.53758
1403715903684057856.000000000 -0.08392 -2.11615 0.72502 -0.01211 0.84209 0.01207 0.53907
1403715903784058112.000000000 -0.04858 -2.04698 0.76635 -0.03181 0.83577 0.03387 0.54711
1403715903884058112.000000000 -0.00473 -1.97809 0.82007 -0.05720 0.82681 0.05712 0.55664
1403715903984057856.000000000 0.04564 -1.91182 0.87599 -0.08083 0.81638 0.08751 0.56509
1403715904084058112.000000000 0.09688 -1.85083 0.93075 -0.10847 0.80679 0.11831 0.56862
1403715904184057856.000000000 0.14758 -1.79344 0.98255 -0.13233 0.79821 0.15309 0.56737
1403715904284058112.000000000 0.19501 -1.74061 1.03147 -0.14928 0.78855 0.19278 0.56457
1403715904384058112.000000000 0.24146 -1.69147 1.07614 -0.16304 0.77433 0.23230 0.56557
1403715904484057856.000000000 0.28525 -1.64395 1.10981 -0.17950 0.76094 0.26419 0.56477
1403715904584058112.000000000 0.32676 -1.59553 1.13033 -0.18921 0.74576 0.29678 0.56565
1403715904684057856.000000000 0.36250 -1.54466 1.13873 -0.20271 0.72973 0.32627 0.56565
1403715904784058112.000000000 0.38921 -1.48980 1.13339 -0.23106 0.71863 0.34870 0.55551
1403715904884058112.000000000 0.40864 -1.43428 1.11500 -0.26255 0.70688 0.37273 0.54080
1403715904984057856.000000000 0.42180 -1.37995 1.08411 -0.29313 0.68888 0.39926 0.52926
1403715905084058112.000000000 0.43031 -1.32802 1.04466 -0.32022 0.66497 0.42744 0.52209
1403715905184057856.000000000 0.43142 -1.28561 0.99442 -0.34377 0.63843 0.45336 0.51835
1403715905284058112.000000000 0.42848 -1.25093 0.94022 -0.35588 0.61825 0.48118 0.50949
1403715905384058112.000000000 0.42088 -1.22297 0.88636 -0.36039 0.60696 0.51030 0.49123
1403715905484057856.000000000 0.40433 -1.20440 0.83491 -0.36716 0.59593 0.53613 0.47183
1403715905584058112.000000000 0.37728 -1.19278 0.78461 -0.37701 0.58486 0.55927 0.45058
1403715905684057856.000000000 0.34060 -1.18427 0.73660 -0.39898 0.57666 0.57517 0.42126
1403715905784058112.000000000 0.29894 -1.18054 0.69132 -0.42064 0.56279 0.59353 0.39248
1403715905884058112.000000000 0.25666 -1.17691 0.64564 -0.43627 0.54325 0.61934 0.36188
1403715905984057856.000000000 0.21547 -1.17376 0.59958 -0.44312 0.51928 0.65179 0.33040
1403715906084058112.000000000 0.17486 -1.16597 0.55621 -0.45017 0.48648 0.68361 0.30554
1403715906184057856.000000000 0.13231 -1.15161 0.51894 -0.46350 0.44056 0.70968 0.29569
1403715906284058112.000000000 0.08571 -1.13946 0.48337 -0.47874 0.39302 0.73166 0.28462
1403715906384058112.000000000 0.03313 -1.12561 0.44751 -0.49043 0.34947 0.75245 0.26676
1403715906484057856.000000000 -0.02620 -1.11367 0.41353 0.50585 -0.30933 -0.76701 -0.24522
1403715906584058112.000000000 -0.09287 -1.10415 0.38644 0.52159 -0.27160 -0.77789 -0.22150
1403715906684057856.000000000 -0.16468 -1.09836 0.37123 0.53961 -0.24122 -0.78452 -0.18751
1403715906784058112.000000000 -0.23666 -1.10451 0.36892 0.55246 -0.20965 -0.79225 -0.15223
1403715906884058112.000000000 -0.30605 -1.10959 0.37148 0.56380 -0.17432 -0.79859 -0.11831
1403715906984057856.000000000 -0.36915 -1.11875 0.36873 0.57464 -0.13419 -0.80242 -0.08889
1403715907084058112.000000000 -0.42816 -1.12354 0.35589 0.57876 -0.08795 -0.80802 -0.06645
1403715907184057856.000000000 -0.48592 -1.13277 0.34336 0.58014 -0.03672 -0.81236 -0.04637
1403715907284058112.000000000 -0.53587 -1.14915 0.34741 0.58012 0.01196 -0.81427 -0.01698
1403715907384058112.000000000 -0.57613 -1.17378 0.36587 0.58048 0.06000 -0.81195 0.01317
1403715907484057856.000000000 -0.60630 -1.20567 0.39469 0.57955 0.10730 -0.80694 0.03825
1403715907584058112.000000000 -0.63069 -1.24278 0.42297 0.57635 0.14872 -0.80111 0.06266
1403715907684057856.000000000 -0.65463 -1.28354 0.44926 0.57430 0.18201 -0.79304 0.09020
1403715907784058112.000000000 -0.67447 -1.32801 0.47329 0.57438 0.20993 -0.78197 0.12057
1403715907884058112.000000000 -0.68857 -1.37544 0.49403 0.57298 0.23691 -0.77006 0.15025
1403715907984057856.000000000 -0.69688 -1.42222 0.51111 0.56726 0.26188 -0.75888 0.18366
1403715908084058112.000000000 -0.69435 -1.46800 0.52715 0.55872 0.29115 -0.74625 0.21487
1403715908184057856.000000000 -0.68282 -1.50611 0.54051 0.54872 0.32408 -0.73078 0.24462
1403715908284058112.000000000 -0.66724 -1.54074 0.54978 0.53515 0.35948 -0.71408 0.27291
1403715908384058112.000000000 -0.64960 -1.57221 0.55838 0.51861 0.39518 -0.69659 0.29939
1403715908484057856.000000000 -0.62949 -1.59925 0.56826 0.50171 0.43044 -0.67594 0.32575
1403715908584058112.000000000 -0.60521 -1.62059 0.57886 -0.48457 -0.46664 0.65144 -0.35080
1403715908684057856.000000000 -0.57721 -1.63599 0.58855 -0.46998 -0.50253 0.62214 -0.37352
1403715908784058112.000000000 -0.54602 -1.64460 0.59580 -0.45400 -0.53280 0.59261 -0.39852
1403715908884058112.000000000 -0.51291 -1.64489 0.60002 -0.43395 -0.56081 0.56577 -0.42081
1403715908984057856.000000000 -0.47845 -1.63738 0.60104 0.40948 0.59225 -0.54125 0.43430
1403715909084058112.000000000 -0.44326 -1.62469 0.60059 0.38819 0.62288 -0.51478 0.44309
1403715909184057856.000000000 -0.40550 -1.60959 0.59815 0.36782 0.64934 -0.48832 0.45234
1403715909284058112.000000000 -0.36219 -1.59318 0.59230 0.34712 0.67043 -0.46366 0.46373
1403715909384058112.000000000 -0.31403 -1.57445 0.58472 0.33042 0.68890 -0.43755 0.47413
1403715909484057856.000000000 -0.26345 -1.55111 0.57284 0.31739 0.70606 -0.40860 0.48353
1403715909584058112.000000000 -0.20704 -1.52442 0.55712 0.30508 0.72462 -0.37583 0.49051
1403715909684057856.000000000 -0.14289 -1.49214 0.53992 0.28538 0.73970 -0.34284 0.50384
1403715909784058112.000000000 -0.07384 -1.45264 0.52047 0.25773 0.75437 -0.30943 0.51841
1403715909884058112.000000000 0.00030 -1.40635 0.49926 0.22446 0.76606 -0.27141 0.53769
1403715909984057856.000000000 0.07500 -1.35324 0.47744 0.18588 0.77213 -0.22965 0.56261
1403715910084058112.000000000 0.14687 -1.29451 0.45413 0.14763 0.77963 -0.18148 0.58090
1403715910184057856.000000000 0.21327 -1.23059 0.42707 0.10946 0.79031 -0.13266 0.58807
1403715910284058112.000000000 0.27241 -1.16397 0.39933 0.07586 0.79900 -0.08583 0.59032
1403715910384058112.000000000 0.32383 -1.09560 0.37567 0.04591 0.80105 -0.04387 0.59522
1403715910484057856.000000000 0.36649 -1.02560 0.35243 0.01986 0.79633 -0.00540 0.60452
1403715910584058112.000000000 0.39848 -0.95385 0.33165 -0.00475 0.79101 0.03002 0.61104
1403715910684057856.000000000 0.41997 -0.88121 0.31390 -0.02961 0.78875 0.06175 0.61089
1403715910784058112.000000000 0.42964 -0.81006 0.29990 -0.05478 0.78689 0.09130 0.60784
1403715910884058112.000000000 0.43142 -0.73831 0.28905 -0.07924 0.78288 0.12015 0.60530
1403715910984057856.000000000 0.42086 -0.66879 0.27824 -0.10476 0.77952 0.14840 0.59947
1403715911084058112.000000000 0.39820 -0.60324 0.26967 -0.13137 0.77148 0.17562 0.59726
1403715911184057856.000000000 0.36267 -0.54596 0.26227 -0.15808 0.75992 0.20267 0.59704
1403715911284058112.000000000 0.31825 -0.49366 0.25418 -0.18300 0.74992 0.23225 0.59177
1403715911384058112.000000000 0.26619 -0.44695 0.24594 -0.20768 0.74272 0.26122 0.58051
1403715911484057856.000000000 0.20810 -0.40387 0.23555 -0.23002 0.73762 0.28912 0.56517
1403715911584058112.000000000 0.14271 -0.36857 0.22302 -0.24774 0.73534 0.31670 0.54553
1403715911684057856.000000000 0.07430 -0.33681 0.21072 -0.25867 0.73013 0.34731 0.52855
1403715911784058112.000000000 0.00462 -0.30602 0.20692 -0.26579 0.71901 0.37854 0.51873
1403715911884058112.000000000 -0.06705 -0.27420 0.21559 -0.27751 0.70661 0.40393 0.51042
1403715911984057856.000000000 -0.14140 -0.24337 0.23653 -0.29134 0.69497 0.42392 0.50243
1403715912084058112.000000000 -0.21820 -0.21468 0.26755 -0.30576 0.68597 0.43916 0.49305
1403715912184057856.000000000 -0.29729 -0.18711 0.29885 -0.32055 0.67797 0.45097 0.48397
1403715912284058112.000000000 -0.37448 -0.16301 0.32939 -0.33465 0.66917 0.46251 0.47571
1403715912384058112.000000000 -0.44991 -0.14211 0.35814 -0.34640 0.65946 0.47543 0.46808
1403715912484057856.000000000 -0.52031 -0.12383 0.38692 -0.35739 0.64921 0.49030 0.45871
1403715912584058112.000000000 -0.59062 -0.10716 0.41497 -0.36966 0.63745 0.50653 0.44770
1403715912684057856.000000000 -0.65611 -0.08806 0.44214 -0.38305 0.62222 0.52558 0.43576
1403715912784058112.000000000 -0.72491 -0.06881 0.46881 -0.40007 0.60288 0.54682 0.42128
1403715912884058112.000000000 -0.79603 -0.05385 0.49179 -0.41759 0.57865 0.57199 0.40449
1403715912984057856.000000000 -0.86532 -0.04331 0.50248 -0.43499 0.55145 0.59843 0.38544
1403715913084058112.000000000 -0.93512 -0.03527 0.49902 -0.45267 0.52383 0.62226 0.36535
1403715913184057856.000000000 -1.00401 -0.02949 0.48648 -0.46933 0.49398 0.64445 0.34698
1403715913284058112.000000000 -1.07263 -0.02807 0.47306 -0.48695 0.46121 0.66184 0.33484
1403715913384058112.000000000 -1.14486 -0.02807 0.46258 -0.49678 0.42796 0.67801 0.33220
1403715913484057856.000000000 -1.20977 -0.03574 0.45198 0.50450 -0.40122 -0.68766 -0.33410
1403715913584058112.000000000 -1.27591 -0.05253 0.44287 0.50525 -0.37725 -0.69502 -0.34547
1403715913684057856.000000000 -1.34232 -0.08286 0.43277 0.50354 -0.35957 -0.69926 -0.35804
1403715913784058112.000000000 -1.42153 -0.12827 0.42511 0.50103 -0.35760 -0.70252 -0.35715
1403715913884058112.000000000 -1.50502 -0.18684 0.41780 -0.49483 0.36680 0.70746 0.34656
1403715913984057856.000000000 -1.59352 -0.25579 0.41389 -0.49097 0.37704 0.70943 0.33689
1403715914084058112.000000000 -1.68867 -0.33407 0.41433 -0.48645 0.38274 0.71008 0.33566
1403715914184057856.000000000 -1.78999 -0.42183 0.41703 -0.48428 0.38974 0.70777 0.33563
1403715914284058112.000000000 -1.89319 -0.51223 0.41951 -0.48010 0.41227 0.70405 0.32225
1403715914384058112.000000000 -1.99910 -0.60396 0.42279 -0.46767 0.43811 0.70214 0.31040
1403715914484057856.000000000 -2.10624 -0.69326 0.42868 -0.45210 0.46097 0.69954 0.30618
1403715914584058112.000000000 -2.21627 -0.77667 0.43688 -0.43946 0.48158 0.69374 0.30607
1403715914684057856.000000000 -2.32797 -0.85228 0.44448 -0.43105 0.50870 0.68204 0.30040
1403715914784058112.000000000 -2.43946 -0.91648 0.44961 -0.42782 0.54220 0.66390 0.28674
1403715914884058112.000000000 -2.54388 -0.96150 0.45484 -0.42734 0.57236 0.64574 0.26982
1403715914984057856.000000000 -2.63799 -0.98883 0.46079 -0.42678 0.59053 0.63266 0.26244
1403715915084058112.000000000 -2.72005 -0.99437 0.46784 -0.42828 0.60161 0.62265 0.25874
1403715915184057856.000000000 -2.78536 -0.97577 0.47655 -0.43053 0.60459 0.61700 0.26159
1403715915284058112.000000000 -2.83598 -0.93591 0.48952 -0.43444 0.59144 0.61611 0.28614
1403715915384058112.000000000 -2.87220 -0.88288 0.49937 -0.43385 0.56945 0.62159 0.31802
1403715915484057856.000000000 -2.90507 -0.82021 0.49485 -0.43150 0.55210 0.62730 0.33985
1403715915584058112.000000000 -2.93473 -0.75196 0.47453 -0.43223 0.54122 0.62968 0.35180
1403715915684057856.000000000 -2.96236 -0.67998 0.44429 -0.42923 0.53054 0.63459 0.36276
1403715915784058112.000000000 -2.99285 -0.60543 0.40983 -0.42679 0.53004 0.63890 0.35877
1403715915884058112.000000000 -3.02462 -0.52861 0.37475 -0.42344 0.53399 0.64339 0.34871
1403715915984057856.000000000 -3.05720 -0.45016 0.34253 -0.42400 0.53515 0.64519 0.34288
1403715916084058112.000000000 -3.08835 -0.36731 0.31338 -0.43028 0.53278 0.64145 0.34577
1403715916184057856.000000000 -3.11912 -0.28092 0.28457 -0.43158 0.53510 0.63412 0.35396
1403715916284058112.000000000 -3.14523 -0.19206 0.25569 -0.42942 0.54421 0.62125 0.36535
1403715916384058112.000000000 -3.16968 -0.10184 0.22825 -0.42336 0.55822 0.60455 0.37905
1403715916484057856.000000000 -3.19422 -0.00958 0.20118 -0.41613 0.57766 0.58433 0.38948
1403715916584058112.000000000 -3.21647 0.08097 0.17439 -0.40387 0.59971 0.56360 0.39948
1403715916684057856.000000000 -3.23545 0.16972 0.14803 -0.39434 0.62326 0.53904 0.40679
1403715916784058112.000000000 -3.25123 0.25819 0.12252 -0.38979 0.64372 0.51523 0.41016
1403715916884058112.000000000 -3.26109 0.34644 0.09958 -0.38962 0.66098 0.49293 0.41027
1403715916984057856.000000000 -3.26101 0.43381 0.08234 -0.39200 0.67181 0.47325 0.41357
1403715917084058112.000000000 -3.24737 0.51826 0.07131 -0.39290 0.67446 0.45936 0.42393
1403715917184057856.000000000 -3.21795 0.59935 0.06799 -0.38523 0.66148 0.45077 0.45917
1403715917284058112.000000000 -3.18306 0.67233 0.06555 -0.36617 0.65011 0.44608 0.49426
1403715917384058112.000000000 -3.15024 0.73187 0.06413 -0.35267 0.64785 0.43795 0.51392
1403715917484057856.000000000 -3.12374 0.78173 0.06185 -0.34608 0.65597 0.43145 0.51360
1403715917584058112.000000000 -3.10406 0.82546 0.05680 -0.34295 0.67174 0.42737 0.49851
1403715917684057856.000000000 -3.08460 0.86338 0.04599 -0.34833 0.68032 0.42055 0.48885
1403715917784058112.000000000 -3.06372 0.89341 0.03337 -0.35846 0.67677 0.41280 0.49303
1403715917884058112.000000000 -3.04111 0.91036 0.02074 -0.36468 0.66838 0.40973 0.50239
1403715917984057856.000000000 -3.01686 0.91211 0.01605 -0.36409 0.66046 0.41288 0.51064
1403715918084058112.000000000 -2.99676 0.89699 0.01129 -0.35286 0.65611 0.41933 0.51882
1403715918184057856.000000000 -2.97677 0.87310 0.01124 -0.33549 0.65795 0.42200 0.52579
1403715918284058112.000000000 -2.96495 0.83525 0.00743 -0.33064 0.66505 0.41009 0.52936
1403715918384058112.000000000 -2.96353 0.78445 -0.01347 -0.32966 0.68477 0.39235 0.51814
1403715918484057856.000000000 -2.96453 0.72650 -0.04903 -0.32511 0.70805 0.37506 0.50230
1403715918584058112.000000000 -2.95955 0.66482 -0.09280 -0.31808 0.72515 0.35961 0.49362
1403715918684057856.000000000 -2.94775 0.59862 -0.13881 -0.30598 0.73384 0.35216 0.49380
1403715918784058112.000000000 -2.92636 0.52864 -0.17215 -0.28618 0.73668 0.35624 0.49850
1403715918884058112.000000000 -2.90016 0.45808 -0.19200 -0.26275 0.74090 0.36776 0.49678
1403715918984057856.000000000 -2.87159 0.38983 -0.19734 -0.24617 0.74842 0.37744 0.48662
1403715919084058112.000000000 -2.84052 0.32896 -0.19089 -0.23319 0.75439 0.38593 0.47705
1403715919184057856.000000000 -2.80578 0.27987 -0.17426 -0.22008 0.74906 0.39751 0.48214
1403715919284058112.000000000 -2.76970 0.24540 -0.15628 -0.20969 0.73522 0.40866 0.49848
1403715919384058112.000000000 -2.73799 0.23461 -0.14287 -0.20858 0.72325 0.41292 0.51273
1403715919484057856.000000000 -2.71391 0.23270 -0.14459 -0.22454 0.72333 0.40327 0.51356
1403715919584058112.000000000 -2.69584 0.23899 -0.15991 -0.23824 0.72430 0.39366 0.51347
1403715919684057856.000000000 -2.68123 0.25089 -0.18798 -0.24447 0.72516 0.38832 0.51340
1403715919784058112.000000000 -2.67011 0.26580 -0.22532 -0.24157 0.72369 0.38906 0.51629
1403715919884058112.000000000 -2.66227 0.28652 -0.26927 -0.23827 0.72238 0.39088 0.51827
1403715919984057856.000000000 -2.66023 0.30975 -0.31147 -0.23669 0.72689 0.39267 0.51130
1403715920084058112.000000000 -2.66087 0.34007 -0.34160 -0.23648 0.73178 0.39420 0.50317
1403715920184057856.000000000 -2.66506 0.37655 -0.35685 -0.23856 0.73585 0.39427 0.49615
1403715920284058112.000000000 -2.67005 0.42192 -0.35573 -0.24805 0.73630 0.39152 0.49299
1403715920384058112.000000000 -2.67472 0.47396 -0.34047 -0.26121 0.73200 0.38940 0.49428
1403715920484057856.000000000 -2.67822 0.52842 -0.31887 -0.27497 0.72605 0.38569 0.49848
1403715920584058112.000000000 -2.67988 0.58413 -0.29762 -0.28733 0.71891 0.38164 0.50493
1403715920684057856.000000000 -2.68133 0.63617 -0.27824 -0.29803 0.71214 0.37812 0.51094
1403715920784058112.000000000 -2.68376 0.68146 -0.25103 -0.30750 0.70384 0.37900 0.51615
1403715920884058112.000000000 -2.68788 0.72099 -0.21428 -0.31367 0.69806 0.38693 0.51441
1403715920984057856.000000000 -2.69393 0.75172 -0.16921 -0.32076 0.69897 0.39845 0.49978
1403715921084058112.000000000 -2.69883 0.77382 -0.11644 -0.32520 0.69999 0.41383 0.48271
1403715921184057856.000000000 -2.70050 0.79211 -0.06083 -0.32774 0.69646 0.42828 0.47340
1403715921284058112.000000000 -2.69809 0.80878 -0.00591 -0.32741 0.69149 0.44009 0.47007
1403715921384058112.000000000 -2.69243 0.82339 0.04752 -0.32194 0.68730 0.45196 0.46873
1403715921484057856.000000000 -2.68537 0.83926 0.10152 -0.31642 0.68469 0.46032 0.46817
1403715921584058112.000000000 -2.67812 0.85770 0.15995 -0.31474 0.68305 0.46363 0.46843
1403715921684057856.000000000 -2.67178 0.87913 0.23119 -0.31452 0.68291 0.46365 0.46876
1403715921784058112.000000000 -2.66596 0.90392 0.30763 -0.31915 0.68491 0.45918 0.46711
1403715921884058112.000000000 -2.66040 0.93037 0.38077 -0.32406 0.68733 0.45409 0.46515
1403715921984057856.000000000 -2.65390 0.95867 0.44314 -0.32661 0.68833 0.44983 0.46603
1403715922084058112.000000000 -2.64613 0.98747 0.50168 -0.32536 0.68729 0.44816 0.47003
1403715922184057856.000000000 -2.63698 1.01615 0.56682 -0.32903 0.68456 0.44338 0.47596
1403715922284058112.000000000 -2.62637 1.04318 0.64307 -0.33300 0.68068 0.43903 0.48273
1403715922384058112.000000000 -2.61644 1.06659 0.72766 -0.33194 0.67671 0.43930 0.48876
1403715922484057856.000000000 -2.60717 1.08455 0.81042 -0.32897 0.67454 0.44208 0.49126
1403715922584058112.000000000 -2.59913 1.09848 0.89000 -0.33279 0.67493 0.44009 0.48994
1403715922684057856.000000000 -2.59284 1.10709 0.96281 -0.33717 0.67446 0.43769 0.48974
1403715922784058112.000000000 -2.58736 1.11098 1.02167 -0.33468 0.67348 0.44015 0.49059
1403715922884058112.000000000 -2.58457 1.11246 1.06551 -0.32903 0.67225 0.44465 0.49204
1403715922984057856.000000000 -2.58365 1.11199 1.09720 -0.32503 0.67148 0.44763 0.49305
1403715923084058112.000000000 -2.58550 1.10933 1.12585 -0.32195 0.67129 0.44972 0.49343
1403715923184057856.000000000 -2.59223 1.10300 1.15817 -0.31828 0.67370 0.45256 0.48991
1403715923284058112.000000000 -2.60188 1.09532 1.20063 -0.31504 0.67848 0.45505 0.48306
1403715923384058112.000000000 -2.61689 1.08641 1.25409 -0.32019 0.68453 0.45183 0.47408
1403715923484057856.000000000 -2.63089 1.07799 1.29748 -0.32977 0.68992 0.44541 0.46570
1403715923584058112.000000000 -2.64277 1.06991 1.33144 -0.34057 0.69386 0.43770 0.45933
1403715923684057856.000000000 -2.64939 1.06076 1.34214 -0.34904 0.69554 0.43170 0.45611
1403715923784058112.000000000 -2.65192 1.04931 1.32826 -0.35549 0.69472 0.42739 0.45643
1403715923884058112.000000000 -2.64644 1.03554 1.29542 -0.35905 0.68879 0.42528 0.46453
1403715923984057856.000000000 -2.63694 1.01697 1.25118 -0.36193 0.68060 0.42354 0.47583
1403715924084058112.000000000 -2.62119 0.99324 1.19614 -0.35894 0.67406 0.42564 0.48543
1403715924184057856.000000000 -2.60523 0.96180 1.13505 -0.35305 0.67044 0.43005 0.49084
1403715924284058112.000000000 -2.58817 0.92279 1.07588 -0.34641 0.67095 0.43475 0.49073
1403715924384058112.000000000 -2.57226 0.87710 1.01917 -0.33830 0.67359 0.44004 0.48806
1403715924484057856.000000000 -2.55702 0.82803 0.96289 -0.33188 0.68014 0.44386 0.47985
1403715924584058112.000000000 -2.54078 0.77767 0.90810 -0.32599 0.68685 0.44635 0.47195
1403715924684057856.000000000 -2.52233 0.72735 0.85424 -0.32834 0.69529 0.43924 0.46457
1403715924784058112.000000000 -2.49865 0.67720 0.80232 -0.32922 0.70364 0.42469 0.46491
1403715924884058112.000000000 -2.46821 0.62494 0.75170 -0.32452 0.71214 0.40620 0.47174
1403715924984057856.000000000 -2.43129 0.56852 0.70305 -0.31492 0.71844 0.38425 0.48685
1403715925084058112.000000000 -2.38913 0.50829 0.66088 -0.30065 0.71986 0.36063 0.51123
1403715925184057856.000000000 -2.34601 0.44122 0.63075 -0.28276 0.72244 0.33781 0.53292
1403715925284058112.000000000 -2.30497 0.36715 0.61263 -0.26693 0.73266 0.31288 0.54228
1403715925384058112.000000000 -2.26720 0.28543 0.60564 -0.25218 0.74928 0.28610 0.54141
1403715925484057856.000000000 -2.23039 0.19696 0.60206 -0.23643 0.76788 0.25985 0.53567
1403715925584058112.000000000 -2.19339 0.10143 0.59884 -0.21845 0.78292 0.23417 0.53336
1403715925684057856.000000000 -2.15406 0.00013 0.59641 -0.19993 0.79247 0.20783 0.53743
1403715925784058112.000000000 -2.11137 -0.10469 0.59315 -0.18079 0.79932 0.18084 0.54378
1403715925884058112.000000000 -2.06664 -0.21416 0.58953 -0.16111 0.80358 0.15302 0.55216
1403715925984057856.000000000 -2.02002 -0.32807 0.58612 -0.13714 0.80591 0.12677 0.56181
1403715926084058112.000000000 -1.97143 -0.44442 0.58053 -0.11808 0.80489 0.09496 0.57375
1403715926184057856.000000000 -1.92595 -0.56439 0.56362 -0.09918 0.80112 0.05956 0.58721
1403715926284058112.000000000 -1.88735 -0.68986 0.53231 -0.07791 0.79794 0.02436 0.59718
1403715926384058112.000000000 -1.85504 -0.82135 0.49060 -0.05096 0.79394 -0.00753 0.60580
1403715926484057856.000000000 -1.83212 -0.95709 0.44681 -0.01871 0.78599 -0.03451 0.61699
1403715926584058112.000000000 -1.82136 -1.09732 0.40151 0.01196 0.78297 -0.06098 0.61895
1403715926684057856.000000000 -1.82261 -1.23817 0.35363 0.03805 0.78775 -0.08900 0.60834
1403715926784058112.000000000 -1.83310 -1.37657 0.30819 0.06538 0.79387 -0.11370 0.59377
1403715926884058112.000000000 -1.85224 -1.50890 0.27246 0.09257 0.79968 -0.13377 0.57797
1403715926984057856.000000000 -1.87335 -1.63581 0.25062 0.11322 0.80179 -0.15360 0.56633
1403715927084058112.000000000 -1.89403 -1.75725 0.23982 0.13114 0.79677 -0.17167 0.56434
1403715927184057856.000000000 -1.91122 -1.87512 0.22894 0.15631 0.78862 -0.18323 0.56575
1403715927284058112.000000000 -1.92764 -1.98370 0.21827 0.18770 0.78000 -0.18948 0.56610
1403715927384058112.000000000 -1.94263 -2.07600 0.20976 0.21486 0.76784 -0.19664 0.57060
1403715927484057856.000000000 -1.95779 -2.15247 0.20279 0.23087 0.75093 -0.21175 0.58135
1403715927584058112.000000000 -1.97560 -2.21170 0.19517 0.23454 0.73169 -0.23761 0.59428
1403715927684057856.000000000 -2.00219 -2.25452 0.18709 0.24098 0.71365 -0.26657 0.60130
1403715927784058112.000000000 -2.03893 -2.28741 0.17678 0.25965 0.70265 -0.29381 0.59375
1403715927884058112.000000000 -2.08624 -2.30617 0.16593 0.28605 0.69449 -0.32085 0.57699
1403715927984057856.000000000 -2.14275 -2.30773 0.15276 0.31431 0.68710 -0.34964 0.55395
1403715928084058112.000000000 -2.20582 -2.29437 0.13188 0.33580 0.67500 -0.38529 0.53213
1403715928184057856.000000000 -2.27081 -2.26623 0.09636 0.34995 0.65887 -0.42792 0.51020
1403715928284058112.000000000 -2.33662 -2.22727 0.04992 0.36849 0.63290 -0.46635 0.49615
1403715928384058112.000000000 -2.40353 -2.17817 -0.00230 0.39422 0.60082 -0.49603 0.48739
1403715928484057856.000000000 -2.47129 -2.11583 -0.05841 0.41175 0.57241 -0.52563 0.47595
1403715928584058112.000000000 -2.54073 -2.04097 -0.11732 -0.41642 -0.55555 0.55711 -0.45562
1403715928684057856.000000000 -2.61163 -1.95587 -0.16683 -0.41963 -0.54708 0.57833 -0.43605
1403715928784058112.000000000 -2.68255 -1.86464 -0.20339 -0.40992 -0.55445 0.59809 -0.40846
1403715928884058112.000000000 -2.75267 -1.77407 -0.21720 -0.38803 -0.57215 0.61247 -0.38335
1403715928984057856.000000000 -2.82022 -1.69332 -0.20279 -0.36312 -0.59438 0.61562 -0.36861
1403715929084058112.000000000 -2.88469 -1.63145 -0.16168 0.33994 0.61542 -0.61268 0.36100
1403715929184057856.000000000 -2.94794 -1.59204 -0.11003 0.32368 0.63495 -0.60559 0.35402
1403715929284058112.000000000 -3.00166 -1.58507 -0.05474 0.32365 0.65326 -0.58958 0.34769
1403715929384058112.000000000 -3.03537 -1.61251 -0.00075 0.35571 0.66684 -0.55555 0.34663
1403715929484057856.000000000 -3.07628 -1.63471 0.03832 0.39971 0.67463 -0.51407 0.34761
1403715929584058112.000000000 -3.09648 -1.66423 0.07461 0.43935 0.67771 -0.47809 0.34512
1403715929684057856.000000000 -3.08923 -1.69181 0.10770 0.45435 0.67494 -0.46767 0.34540
1403715929784058112.000000000 -3.05604 -1.71433 0.13711 0.43378 0.66104 -0.49183 0.36463
1403715929884058112.000000000 -3.00087 -1.73847 0.16019 0.41250 0.63812 -0.51486 0.39695
1403715929984057856.000000000 -2.93575 -1.76134 0.17458 0.39104 0.61101 -0.53567 0.43222
1403715930084058112.000000000 -2.86777 -1.78322 0.17974 0.37305 0.58817 -0.55151 0.45905
1403715930184057856.000000000 -2.80719 -1.79980 0.18321 0.35865 0.56943 -0.56366 0.47896
1403715930284058112.000000000 -2.75874 -1.81196 0.18784 -0.34808 -0.55676 0.57325 -0.49015
1403715930384058112.000000000 -2.72637 -1.81977 0.19063 -0.34645 -0.55849 0.57777 -0.48398
1403715930484057856.000000000 -2.70961 -1.82459 0.18760 -0.34713 -0.57164 0.58131 -0.46347
1403715930584058112.000000000 -2.70387 -1.82872 0.17106 -0.34498 -0.58372 0.58581 -0.44395
1403715930684057856.000000000 -2.70522 -1.83333 0.15689 -0.33935 -0.59155 0.59220 -0.42919
1403715930784058112.000000000 -2.71800 -1.84776 0.15459 -0.33592 -0.59330 0.59676 -0.42312
1403715930884058112.000000000 -2.74097 -1.87222 0.16865 0.34362 0.60179 -0.59327 0.40964
1403715930984057856.000000000 -2.76907 -1.90600 0.19490 0.35460 0.61164 -0.58672 0.39486
1403715931084058112.000000000 -2.79797 -1.94967 0.21683 0.35421 0.62016 -0.58770 0.38020
1403715931184057856.000000000 -2.82491 -2.00512 0.23066 0.34981 0.62533 -0.59076 0.37094
1403715931284058112.000000000 -2.84896 -2.07611 0.25163 0.34914 0.62582 -0.59177 0.36913
1403715931384058112.000000000 -2.86967 -2.16375 0.28589 0.34981 0.62160 -0.59182 0.37548
1403715931484057856.000000000 -2.88880 -2.26707 0.32888 0.35316 0.61888 -0.58874 0.38164
1403715931584058112.000000000 -2.90609 -2.38189 0.36290 0.35815 0.61826 -0.58353 0.38596
1403715931684057856.000000000 -2.92008 -2.50500 0.38219 0.36392 0.61997 -0.57651 0.38836
1403715931784058112.000000000 -2.93082 -2.63467 0.38846 0.36864 0.62222 -0.56972 0.39034
1403715931884058112.000000000 -2.93819 -2.76980 0.39151 0.37449 0.61917 -0.56206 0.40059
1403715931984057856.000000000 -2.94280 -2.90784 0.39714 0.38436 0.61322 -0.55196 0.41421
1403715932084058112.000000000 -2.94390 -3.04602 0.40601 0.39530 0.60386 -0.54114 0.43158
1403715932184057856.000000000 -2.94197 -3.17786 0.42102 0.41428 0.59071 -0.52505 0.45140
1403715932284058112.000000000 -2.93676 -3.29773 0.44264 0.43662 0.57349 -0.50594 0.47381
1403715932384058112.000000000 -2.92868 -3.39837 0.46686 0.45413 0.55673 -0.49007 0.49361
1403715932484057856.000000000 -2.91946 -3.47152 0.49123 0.46443 0.54438 -0.47981 0.50768
1403715932584058112.000000000 -2.91028 -3.51063 0.51863 0.47419 0.53155 -0.46955 0.52165
1403715932684057856.000000000 -2.90164 -3.51130 0.54859 0.48159 0.51914 -0.46081 0.53500
1403715932784058112.000000000 -2.89459 -3.46946 0.57877 0.48802 0.51167 -0.45478 0.54148
1403715932884058112.000000000 -2.89007 -3.38460 0.60738 0.48335 0.51987 -0.46368 0.53020
1403715932984057856.000000000 -2.88729 -3.26374 0.63271 0.45924 0.54576 -0.49269 0.49849
1403715933084058112.000000000 -2.88411 -3.11714 0.65803 0.43077 0.57236 -0.52229 0.46267
1403715933184057856.000000000 -2.88012 -2.95954 0.68310 0.40078 0.59615 -0.54919 0.42705
1403715933284058112.000000000 -2.87455 -2.80055 0.70736 0.37103 0.61663 -0.57210 0.39346
1403715933384058112.000000000 -2.86732 -2.65094 0.73063 0.33545 0.63140 -0.59661 0.36450
1403715933484057856.000000000 -2.85920 -2.52247 0.75309 0.29587 0.64109 -0.62256 0.33746
1403715933584058112.000000000 -2.85252 -2.42852 0.77881 0.26504 0.64861 -0.64127 0.31277
1403715933684057856.000000000 -2.84952 -2.37858 0.81085 0.24858 0.65589 -0.65044 0.29144
1403715933784058112.000000000 -2.84882 -2.37875 0.85067 0.24757 0.66221 -0.65064 0.27722
1403715933884058112.000000000 -2.84585 -2.42804 0.90123 0.26288 0.66087 -0.64449 0.28066
1403715933984057856.000000000 -2.84016 -2.52958 0.96744 0.30421 0.64333 -0.62730 0.31635
1403715934084058112.000000000 -2.83406 -2.66754 1.04282 0.35961 0.61391 -0.59807 0.36892
1403715934184057856.000000000 -2.82679 -2.81290 1.10975 0.41454 0.57624 -0.56253 0.42388
1403715934284058112.000000000 -2.81800 -2.95032 1.15203 0.45590 0.54460 -0.53063 0.46261
1403715934384058112.000000000 -2.80830 -3.06858 1.17714 0.48245 0.51935 -0.50635 0.49104
1403715934484057856.000000000 -2.79841 -3.15598 1.19188 0.50335 0.49869 -0.48458 0.51296
1403715934584058112.000000000 -2.78773 -3.20530 1.19919 0.51744 0.48192 -0.46639 0.53151
1403715934684057856.000000000 -2.77901 -3.20818 1.20384 0.52399 0.47083 -0.45403 0.54554
1403715934784058112.000000000 -2.77348 -3.15885 1.21376 0.52041 0.46625 -0.45063 0.55561
1403715934884058112.000000000 -2.77120 -3.05693 1.22695 0.50208 0.48482 -0.46731 0.54267
1403715934984057856.000000000 -2.77150 -2.90889 1.24110 0.46778 0.51952 -0.50124 0.50994
1403715935084058112.000000000 -2.77470 -2.73097 1.24731 0.42866 0.55400 -0.53681 0.47029
1403715935184057856.000000000 -2.77986 -2.53681 1.24296 0.39262 0.58300 -0.56685 0.42969
1403715935284058112.000000000 -2.78841 -2.33987 1.22613 0.36356 0.60434 -0.58824 0.39569
1403715935384058112.000000000 -2.79723 -2.15181 1.19806 0.34176 0.62058 -0.60212 0.36816
1403715935484057856.000000000 -2.80416 -1.98063 1.16183 0.32550 0.63212 -0.61167 0.34690
1403715935584058112.000000000 -2.80980 -1.83307 1.11819 0.31528 0.64032 -0.61662 0.33222
1403715935684057856.000000000 -2.81253 -1.71599 1.07336 0.30450 0.64634 -0.62213 0.32011
1403715935784058112.000000000 -2.81245 -1.63288 1.03084 0.29357 0.65238 -0.62764 0.30705
1403715935884058112.000000000 -2.80862 -1.59037 0.99465 0.28684 0.65686 -0.63114 0.29652
1403715935984057856.000000000 -2.79770 -1.59366 0.96827 0.29410 0.65298 -0.62992 0.30054
1403715936084058112.000000000 -2.78833 -1.64463 0.95454 0.32573 0.63672 -0.61564 0.33087
1403715936184057856.000000000 -2.77756 -1.71921 0.95121 0.36926 0.61334 -0.59182 0.37042
1403715936284058112.000000000 -2.76178 -1.81555 0.95046 0.41117 0.58594 -0.56584 0.40918
1403715936384058112.000000000 -2.74377 -1.90348 0.94387 0.43806 0.55973 -0.54815 0.44084
1403715936484057856.000000000 -2.72364 -1.98015 0.93091 0.45212 0.54361 -0.53899 0.45778
1403715936584058112.000000000 -2.70407 -2.04296 0.91576 -0.45764 -0.53084 0.53560 -0.47107
1403715936684057856.000000000 -2.68600 -2.08119 0.90477 -0.45842 -0.52045 0.53507 -0.48238
1403715936784058112.000000000 -2.67038 -2.09242 0.89482 -0.45430 -0.52419 0.54014 -0.47654
1403715936884058112.000000000 -2.65777 -2.07931 0.88247 -0.44776 -0.53568 0.54786 -0.46088
1403715936984057856.000000000 -2.64577 -2.05095 0.87001 -0.43875 -0.54456 0.55485 -0.45066
1403715937084058112.000000000 -2.63429 -2.01135 0.85655 -0.42636 -0.55709 0.55790 -0.44341
1403715937184057856.000000000 -2.62183 -1.96445 0.84056 0.40788 0.57405 -0.55866 0.43818
1403715937284058112.000000000 -2.60783 -1.91247 0.82040 0.39115 0.59151 -0.55221 0.43839
1403715937384058112.000000000 -2.59387 -1.85928 0.78991 0.37873 0.60874 -0.53769 0.44371
1403715937484057856.000000000 -2.58019 -1.80709 0.74727 0.36454 0.62563 -0.52368 0.44884
1403715937584058112.000000000 -2.56738 -1.75467 0.69050 0.34075 0.64758 -0.52011 0.44047
1403715937684057856.000000000 -2.55455 -1.70800 0.63211 0.31735 0.67010 -0.51523 0.42987
1403715937784058112.000000000 -2.54088 -1.67075 0.57603 0.29948 0.68713 -0.50700 0.42558
1403715937884058112.000000000 -2.52394 -1.64526 0.52357 0.28514 0.70111 -0.49591 0.42569
1403715937984057856.000000000 -2.50122 -1.63290 0.47459 0.27386 0.71493 -0.48144 0.42672
1403715938084058112.000000000 -2.47084 -1.63489 0.42928 0.26064 0.72804 -0.46645 0.42948
1403715938184057856.000000000 -2.43403 -1.65273 0.39389 0.24765 0.74205 -0.44865 0.43213
1403715938284058112.000000000 -2.38691 -1.68621 0.37562 0.24311 0.75163 -0.42327 0.44362
1403715938384058112.000000000 -2.33046 -1.73573 0.37572 0.25107 0.75575 -0.38718 0.46465
1403715938484057856.000000000 -2.26678 -1.79348 0.38605 0.24933 0.75604 -0.35708 0.48861
1403715938584058112.000000000 -2.19852 -1.85320 0.39564 0.23989 0.75651 -0.33474 0.50803
1403715938684057856.000000000 -2.12811 -1.91358 0.40158 0.22911 0.76013 -0.32180 0.51591
1403715938784058112.000000000 -2.05657 -1.97405 0.40356 0.21642 0.77176 -0.31818 0.50627
1403715938884058112.000000000 -1.98102 -2.03710 0.40193 0.20256 0.78616 -0.31979 0.48853
1403715938984057856.000000000 -1.89907 -2.10649 0.39822 0.19127 0.79755 -0.32151 0.47324
1403715939084058112.000000000 -1.80773 -2.18507 0.39208 0.18382 0.80534 -0.32184 0.46266
1403715939184057856.000000000 -1.70309 -2.27550 0.38972 0.18681 0.80044 -0.31634 0.47364
1403715939284058112.000000000 -1.58743 -2.37523 0.39371 0.20036 0.77970 -0.30439 0.50918
1403715939384058112.000000000 -1.46862 -2.47687 0.39742 0.21421 0.75435 -0.29284 0.54710
1403715939484057856.000000000 -1.35299 -2.57418 0.39830 0.22679 0.73067 -0.28289 0.57850
1403715939584058112.000000000 -1.24680 -2.66060 0.39930 0.23908 0.70956 -0.27450 0.60334
1403715939684057856.000000000 -1.15633 -2.72944 0.40750 0.25318 0.68153 -0.26462 0.63355
1403715939784058112.000000000 -1.08832 -2.77466 0.42230 0.26387 0.65843 -0.25822 0.65586
1403715939884058112.000000000 -1.04582 -2.79166 0.44634 0.27187 0.64441 -0.25499 0.66768
1403715939984057856.000000000 -1.03045 -2.77671 0.47965 0.27400 0.64615 -0.25769 0.66408
1403715940084058112.000000000 -1.03889 -2.73331 0.51754 0.26511 0.67617 -0.27143 0.63153
1403715940184057856.000000000 -1.07075 -2.66567 0.55863 0.24973 0.71292 -0.28819 0.58850
1403715940284058112.000000000 -1.10994 -2.58363 0.59996 0.23249 0.74564 -0.30355 0.54573
1403715940384058112.000000000 -1.15286 -2.49479 0.63970 0.21291 0.77444 -0.31776 0.50393
1403715940484057856.000000000 -1.19033 -2.40967 0.67608 0.19320 0.79996 -0.33104 0.46167
1403715940584058112.000000000 -1.21521 -2.33577 0.71059 0.16876 0.82159 -0.34690 0.41974
1403715940684057856.000000000 -1.21973 -2.28392 0.74354 0.14272 0.83884 -0.36358 0.37920
1403715940784058112.000000000 -1.19673 -2.26491 0.78167 0.13097 0.85081 -0.36901 0.35043
1403715940884058112.000000000 -1.14435 -2.28788 0.82673 0.13430 0.85510 -0.36118 0.34688
1403715940984057856.000000000 -1.04856 -2.34955 0.88229 0.15626 0.83893 -0.35167 0.38484
1403715941084058112.000000000 -0.92487 -2.43824 0.94654 0.18979 0.80400 -0.33519 0.45299
1403715941184057856.000000000 -0.79062 -2.53698 1.01405 0.22432 0.75349 -0.31480 0.53183
1403715941284058112.000000000 -0.66068 -2.63087 1.07353 0.24579 0.70780 -0.29904 0.59092
1403715941384058112.000000000 -0.54391 -2.71107 1.12515 0.25637 0.67507 -0.28910 0.62847
1403715941484057856.000000000 -0.44485 -2.77439 1.16169 0.25985 0.65288 -0.28370 0.65248
1403715941584058112.000000000 -0.36653 -2.82001 1.17468 0.26050 0.63865 -0.28054 0.66750
1403715941684057856.000000000 -0.31483 -2.84386 1.17087 0.26011 0.62039 -0.27708 0.68607
1403715941784058112.000000000 -0.29715 -2.84194 1.16066 0.26029 0.59988 -0.27192 0.70601
1403715941884058112.000000000 -0.31720 -2.81153 1.14721 0.26188 0.58822 -0.26752 0.71683
1403715941984057856.000000000 -0.37634 -2.75101 1.12478 0.26364 0.60296 -0.26956 0.70304
1403715942084058112.000000000 -0.47107 -2.66139 1.09038 0.25674 0.64533 -0.28152 0.66210
1403715942184057856.000000000 -0.59093 -2.55109 1.04309 0.24091 0.69356 -0.29790 0.61008
1403715942284058112.000000000 -0.72480 -2.42882 0.97559 0.21991 0.73827 -0.31522 0.55428
1403715942384058112.000000000 -0.85906 -2.30378 0.88749 0.19932 0.77254 -0.33056 0.50417
1403715942484057856.000000000 -0.98663 -2.18502 0.78553 0.18051 0.79380 -0.34323 0.46851
1403715942584058112.000000000 -1.10192 -2.08072 0.68093 0.16581 0.81103 -0.35131 0.43741
1403715942684057856.000000000 -1.20062 -1.99757 0.57913 0.15736 0.82628 -0.35326 0.40952
1403715942784058112.000000000 -1.27539 -1.94112 0.48205 0.15453 0.83399 -0.35175 0.39605
1403715942884058112.000000000 -1.32090 -1.91525 0.39049 0.15585 0.83605 -0.34813 0.39438
1403715942984057856.000000000 -1.33361 -1.92068 0.30465 0.15952 0.83506 -0.34350 0.39904
1403715943084058112.000000000 -1.30017 -1.94792 0.23715 0.17383 0.83138 -0.33874 0.40477
1403715943184057856.000000000 -1.24462 -2.00330 0.19068 0.18872 0.82038 -0.33118 0.42625
1403715943284058112.000000000 -1.16924 -2.08406 0.16325 0.20362 0.79278 -0.32056 0.47674
1403715943384058112.000000000 -1.08598 -2.16634 0.14910 0.21959 0.75728 -0.30204 0.53579
1403715943484057856.000000000 -1.00298 -2.24348 0.14129 0.23060 0.72477 -0.28162 0.58500
1403715943584058112.000000000 -0.92959 -2.31093 0.12884 0.23637 0.70609 -0.26935 0.61075
1403715943684057856.000000000 -0.87198 -2.36292 0.11524 0.24016 0.69078 -0.26391 0.62889
1403715943784058112.000000000 -0.83470 -2.39706 0.10658 0.24412 0.67341 -0.26252 0.64654
1403715943884058112.000000000 -0.82332 -2.40800 0.10800 0.25071 0.65830 -0.26218 0.65958
1403715943984057856.000000000 -0.84306 -2.39050 0.12513 0.25409 0.65400 -0.26496 0.66146
1403715944084058112.000000000 -0.89194 -2.34510 0.14982 0.23544 0.68331 -0.28167 0.63112
1403715944184057856.000000000 -0.96057 -2.28154 0.17901 0.20623 0.72753 -0.29734 0.58288
1403715944284058112.000000000 -1.03878 -2.21139 0.20374 0.17204 0.77400 -0.30651 0.52667
1403715944384058112.000000000 -1.11609 -2.14535 0.22276 0.14730 0.80841 -0.30015 0.48444
1403715944484057856.000000000 -1.18194 -2.09033 0.23355 0.12514 0.83545 -0.28521 0.45279
1403715944584058112.000000000 -1.23082 -2.04983 0.24343 0.10390 0.85455 -0.26598 0.43383
1403715944684057856.000000000 -1.25290 -2.03065 0.25809 0.08388 0.86716 -0.24464 0.42563
1403715944784058112.000000000 -1.24246 -2.04098 0.27839 0.06856 0.87676 -0.21762 0.42336
1403715944884058112.000000000 -1.19505 -2.07449 0.30660 0.06818 0.87512 -0.18156 0.44334
1403715944984057856.000000000 -1.12072 -2.11729 0.34084 0.08248 0.85363 -0.14193 0.49433
1403715945084058112.000000000 -1.04082 -2.16551 0.37492 0.09562 0.81701 -0.10168 0.55947
1403715945184057856.000000000 -0.96152 -2.20894 0.40458 0.10446 0.78429 -0.07626 0.60677
1403715945284058112.000000000 -0.89449 -2.24287 0.43155 0.10992 0.75890 -0.06257 0.63881
1403715945384058112.000000000 -0.84357 -2.26482 0.46116 0.11495 0.73397 -0.05567 0.66707
1403715945484057856.000000000 -0.81767 -2.27061 0.49375 0.11625 0.70974 -0.05463 0.69266
1403715945584058112.000000000 -0.82601 -2.25815 0.52288 0.10947 0.70722 -0.06257 0.69566
1403715945684057856.000000000 -0.86453 -2.23213 0.54343 0.09359 0.74461 -0.07941 0.65612
1403715945784058112.000000000 -0.92323 -2.19661 0.55928 0.08283 0.78253 -0.09267 0.61008
1403715945884058112.000000000 -0.99109 -2.15696 0.57898 0.07615 0.81968 -0.10240 0.55842
1403715945984057856.000000000 -1.05473 -2.11609 0.59846 0.06793 0.84956 -0.10971 0.51147
1403715946084058112.000000000 -1.10190 -2.07693 0.62122 0.05932 0.86996 -0.10827 0.47742
1403715946184057856.000000000 -1.12168 -2.04198 0.64630 0.04810 0.88634 -0.10187 0.44912
1403715946284058112.000000000 -1.10397 -2.01588 0.67715 0.03678 0.89712 -0.09054 0.43085
1403715946384058112.000000000 -1.04334 -2.00255 0.71953 0.03183 0.89491 -0.06821 0.43986
1403715946484057856.000000000 -0.96075 -1.98971 0.76310 0.03302 0.87385 -0.04264 0.48320
1403715946584058112.000000000 -0.86349 -1.97256 0.80647 0.02861 0.84251 -0.02768 0.53721
1403715946684057856.000000000 -0.76086 -1.95258 0.84933 0.02344 0.80717 -0.01791 0.58958
1403715946784058112.000000000 -0.66409 -1.93023 0.88792 0.01886 0.78101 -0.01207 0.62411
1403715946884058112.000000000 -0.57967 -1.90668 0.91975 0.01534 0.76531 -0.00861 0.64343
1403715946984057856.000000000 -0.51378 -1.88221 0.94669 0.01615 0.75173 -0.00531 0.65926
1403715947084058112.000000000 -0.46983 -1.85636 0.97050 0.01471 0.73601 -0.00619 0.67678
1403715947184057856.000000000 -0.45414 -1.82848 0.99514 0.01473 0.70533 -0.00939 0.70867
1403715947284058112.000000000 -0.47092 -1.79985 1.01106 0.01423 0.68864 -0.01517 0.72480
1403715947384058112.000000000 -0.52393 -1.77029 1.01289 0.01378 0.70500 -0.02184 0.70874
1403715947484057856.000000000 -0.60752 -1.74024 0.99908 0.01276 0.74575 -0.02753 0.66554
1403715947584058112.000000000 -0.71420 -1.70923 0.97315 0.00344 0.78350 -0.03534 0.62038
1403715947684057856.000000000 -0.82876 -1.67937 0.93383 -0.00725 0.82098 -0.04349 0.56925
1403715947784058112.000000000 -0.94218 -1.65527 0.88450 -0.01111 0.84858 -0.04594 0.52695
1403715947884058112.000000000 -1.04496 -1.63678 0.82861 -0.00514 0.86784 -0.03954 0.49524
1403715947984057856.000000000 -1.12840 -1.62237 0.76644 -0.00109 0.88452 -0.03236 0.46538
1403715948084058112.000000000 -1.18598 -1.61232 0.70687 -0.00053 0.89897 -0.02648 0.43721
1403715948184057856.000000000 -1.20530 -1.60293 0.65191 0.00121 0.90727 -0.02161 0.41999
1403715948284058112.000000000 -1.17775 -1.59646 0.60879 0.00097 0.90340 -0.02110 0.42828
1403715948384058112.000000000 -1.09428 -1.56906 0.57877 0.01014 0.88329 -0.04094 0.46693
1403715948484057856.000000000 -0.99555 -1.56307 0.55522 0.01888 0.85414 -0.04802 0.51747
1403715948584058112.000000000 -0.88746 -1.57354 0.53401 0.02677 0.82410 -0.04540 0.56399
1403715948684057856.000000000 -0.78282 -1.58277 0.50784 0.03445 0.79794 -0.04508 0.60006
1403715948784058112.000000000 -0.68861 -1.58972 0.47899 0.04210 0.77416 -0.04546 0.62996
1403715948884058112.000000000 -0.60968 -1.59514 0.44789 0.04495 0.75804 -0.04604 0.64903
1403715948984057856.000000000 -0.55040 -1.59693 0.41889 0.04043 0.74429 -0.04315 0.66523
1403715949084058112.000000000 -0.51340 -1.59428 0.39308 0.03278 0.73429 -0.03544 0.67712
1403715949184057856.000000000 -0.50238 -1.58899 0.36936 0.01982 0.74110 -0.02538 0.67063
1403715949284058112.000000000 -0.51603 -1.58116 0.34263 0.00642 0.77119 -0.01159 0.63647
1403715949384058112.000000000 -0.54572 -1.57236 0.31702 -0.00589 0.80816 0.00365 0.58893
1403715949484057856.000000000 -0.58087 -1.56393 0.29354 -0.01532 0.84051 0.01773 0.54129
1403715949584058112.000000000 -0.60868 -1.55537 0.27376 -0.02335 0.86063 0.03447 0.50753
1403715949684057856.000000000 -0.62029 -1.54644 0.25669 -0.03463 0.87355 0.05213 0.48269
1403715949784058112.000000000 -0.61289 -1.53558 0.24325 -0.04338 0.88254 0.07354 0.46243
1403715949884058112.000000000 -0.56921 -1.52052 0.23589 -0.04725 0.88365 0.09913 0.45508
1403715949984057856.000000000 -0.49684 -1.50074 0.24061 -0.04648 0.87661 0.12954 0.46110
1403715950084058112.000000000 -0.40578 -1.46964 0.24862 -0.04688 0.86175 0.16037 0.47903
1403715950184057856.000000000 -0.29727 -1.42325 0.26058 -0.05757 0.83219 0.17887 0.52168
1403715950284058112.000000000 -0.18265 -1.36634 0.27360 -0.08063 0.79664 0.17872 0.57178
1403715950384058112.000000000 -0.07532 -1.30540 0.28341 -0.10290 0.76599 0.17139 0.61097
1403715950484057856.000000000 0.01700 -1.24709 0.29268 -0.11605 0.73835 0.16448 0.64367
1403715950584058112.000000000 0.08817 -1.19462 0.30278 -0.12135 0.71761 0.15874 0.66716
1403715950684057856.000000000 0.13107 -1.14957 0.31336 -0.12557 0.70470 0.15401 0.68111
1403715950784058112.000000000 0.14212 -1.11311 0.32735 -0.12886 0.69155 0.15035 0.69466
1403715950884058112.000000000 0.11860 -1.08657 0.34361 -0.13221 0.68316 0.14884 0.70261
1403715950984057856.000000000 0.06035 -1.07147 0.35819 -0.13670 0.69871 0.14988 0.68605
1403715951084058112.000000000 -0.02996 -1.06821 0.36878 -0.13550 0.73783 0.15559 0.64269
1403715951184057856.000000000 -0.14076 -1.07338 0.37909 -0.12937 0.77639 0.16801 0.59351
1403715951284058112.000000000 -0.25962 -1.08170 0.38893 -0.12314 0.81160 0.18429 0.54054
1403715951384058112.000000000 -0.37462 -1.08727 0.40010 -0.12228 0.83546 0.19949 0.49724
1403715951484057856.000000000 -0.47419 -1.08588 0.41354 -0.12304 0.85166 0.21633 0.46124
1403715951584058112.000000000 -0.55157 -1.07483 0.42909 -0.12642 0.86191 0.23312 0.43218
1403715951684057856.000000000 -0.60220 -1.05172 0.44825 -0.13128 0.86617 0.25095 0.41175
1403715951784058112.000000000 -0.61657 -1.01504 0.47208 -0.14016 0.86496 0.27124 0.39827
1403715951884058112.000000000 -0.59111 -0.95753 0.50078 -0.15534 0.85432 0.28762 0.40409
1403715951984057856.000000000 -0.53061 -0.89505 0.53548 -0.18938 0.82035 0.30574 0.44461
1403715952084058112.000000000 -0.46279 -0.80402 0.57225 -0.22404 0.77958 0.30918 0.49645
1403715952184057856.000000000 -0.39410 -0.71129 0.60775 -0.25587 0.73818 0.31276 0.54018
1403715952284058112.000000000 -0.33217 -0.62903 0.63892 -0.28095 0.70781 0.31560 0.56611
1403715952384058112.000000000 -0.27777 -0.56149 0.66738 -0.29840 0.68528 0.31898 0.58276
1403715952484057856.000000000 -0.22937 -0.51389 0.69334 -0.31258 0.66721 0.32187 0.59458
1403715952584058112.000000000 -0.19520 -0.48891 0.71930 -0.32389 0.65117 0.32856 0.60260
1403715952684057856.000000000 -0.17937 -0.49048 0.74908 -0.33889 0.63226 0.32940 0.61391
1403715952784058112.000000000 -0.18350 -0.52014 0.78065 -0.35220 0.60951 0.32607 0.63098
1403715952884058112.000000000 -0.20394 -0.58479 0.80687 -0.35588 0.60444 0.32860 0.63247
1403715952984057856.000000000 -0.24387 -0.68137 0.82236 -0.33848 0.63941 0.35196 0.59390
1403715953084058112.000000000 -0.29764 -0.79919 0.82759 -0.31465 0.68176 0.38100 0.53949
1403715953184057856.000000000 -0.35629 -0.92910 0.81669 -0.28723 0.72023 0.40670 0.48308
1403715953284058112.000000000 -0.41259 -1.05793 0.79675 -0.26529 0.74557 0.42358 0.44083
1403715953384058112.000000000 -0.46112 -1.17412 0.77002 -0.25056 0.76061 0.43722 0.40930
1403715953484057856.000000000 -0.49564 -1.27311 0.73761 -0.24276 0.76947 0.45191 0.38047
1403715953584058112.000000000 -0.50933 -1.34433 0.70928 -0.23920 0.77060 0.47132 0.35613
1403715953684057856.000000000 -0.50360 -1.38109 0.68875 -0.23849 0.76620 0.49238 0.33708
1403715953784058112.000000000 -0.48570 -1.38025 0.67661 -0.23760 0.75970 0.50988 0.32624
1403715953884058112.000000000 -0.44703 -1.33805 0.67610 -0.23730 0.74244 0.52745 0.33802
1403715953984057856.000000000 -0.39442 -1.25895 0.68017 -0.23871 0.70578 0.54770 0.38066
1403715954084058112.000000000 -0.34601 -1.15322 0.67506 -0.24996 0.66299 0.55514 0.43563
1403715954184057856.000000000 -0.30786 -1.03200 0.66499 -0.27646 0.62654 0.54441 0.48438
1403715954284058112.000000000 -0.28440 -0.90451 0.65278 -0.31062 0.60116 0.52133 0.51993
1403715954384058112.000000000 -0.27479 -0.77912 0.63842 -0.35137 0.58953 0.49122 0.53638
1403715954484057856.000000000 -0.28098 -0.66813 0.62529 -0.39008 0.57805 0.46108 0.54873
1403715954584058112.000000000 -0.30001 -0.58040 0.61618 -0.41595 0.56044 0.43860 0.56614
1403715954684057856.000000000 -0.33544 -0.53061 0.60768 -0.43302 0.54639 0.42399 0.57809
1403715954784058112.000000000 -0.37635 -0.51438 0.59557 -0.43361 0.54744 0.42471 0.57612
1403715954884058112.000000000 -0.43074 -0.53886 0.58174 -0.42050 0.56414 0.43754 0.55990
1403715954984057856.000000000 -0.50332 -0.60638 0.57263 -0.39548 0.59269 0.45859 0.53105
1403715955084058112.000000000 -0.57955 -0.68947 0.56272 -0.36934 0.62159 0.47757 0.49913
1403715955184057856.000000000 -0.66180 -0.78577 0.55211 -0.34709 0.65367 0.49130 0.45920
1403715955284058112.000000000 -0.74548 -0.88487 0.54096 -0.32433 0.68243 0.50272 0.41997
1403715955384058112.000000000 -0.82279 -0.97347 0.53561 -0.30414 0.70181 0.51113 0.39206
1403715955484057856.000000000 -0.88965 -1.04094 0.53372 -0.29012 0.71744 0.51698 0.36584
1403715955584058112.000000000 -0.94525 -1.08551 0.53600 -0.28448 0.73141 0.52100 0.33567
1403715955684057856.000000000 -0.98485 -1.09635 0.54367 -0.28172 0.73417 0.53204 0.31394
1403715955784058112.000000000 -0.99591 -1.04735 0.56144 -0.29363 0.71149 0.55028 0.32367
1403715955884058112.000000000 -0.96871 -0.97709 0.59033 -0.33862 0.66309 0.56503 0.35552
1403715955984057856.000000000 -0.96973 -0.89799 0.61978 -0.38287 0.61792 0.56381 0.39205
1403715956084058112.000000000 -0.97208 -0.81642 0.65028 -0.41969 0.56622 0.56694 0.42642
1403715956184057856.000000000 -0.97552 -0.74137 0.67705 -0.44586 0.52234 0.57590 0.44352
1403715956284058112.000000000 -0.98047 -0.68168 0.69922 -0.46575 0.48832 0.58941 0.44409
1403715956384058112.000000000 -0.98625 -0.64370 0.72321 -0.49307 0.45552 0.59733 0.43884
1403715956484057856.000000000 -0.99810 -0.63431 0.75052 0.52996 -0.41864 -0.59506 -0.43564
1403715956584058112.000000000 -1.00866 -0.65498 0.77732 0.55922 -0.38864 -0.59345 -0.42900
1403715956684057856.000000000 -1.01433 -0.71063 0.80238 0.57200 -0.37548 -0.59884 -0.41620
1403715956784058112.000000000 -1.01266 -0.80143 0.82490 0.56571 -0.38309 -0.61648 -0.39137
1403715956884058112.000000000 -1.00443 -0.92025 0.84574 0.54752 -0.40023 -0.63848 -0.36385
1403715956984057856.000000000 -0.99071 -1.05633 0.86277 0.51755 -0.42126 -0.66426 -0.33681
1403715957084058112.000000000 -0.97454 -1.20234 0.86994 -0.48269 0.44170 0.68845 0.31296
1403715957184057856.000000000 -0.95969 -1.34555 0.86845 -0.45139 0.46111 0.70709 0.28923
1403715957284058112.000000000 -0.94911 -1.48127 0.85425 -0.42062 0.48049 0.72295 0.26373
1403715957384058112.000000000 -0.94487 -1.60005 0.82778 -0.38774 0.49858 0.73798 0.23763
1403715957484057856.000000000 -0.94793 -1.69117 0.79721 -0.35917 0.51054 0.75013 0.21829
1403715957584058112.000000000 -0.96230 -1.74894 0.76215 -0.33690 0.51736 0.75940 0.20531
1403715957684057856.000000000 -0.99033 -1.76534 0.72669 -0.32413 0.51796 0.76571 0.20086
1403715957784058112.000000000 -1.03652 -1.73442 0.69531 -0.33923 0.50912 0.76131 0.21478
1403715957884058112.000000000 -1.10010 -1.65677 0.67507 -0.38842 0.48884 0.74130 0.24624
1403715957984057856.000000000 -1.17768 -1.56348 0.66124 -0.44334 0.45894 0.71759 0.27908
1403715958084058112.000000000 -1.25971 -1.46270 0.64872 -0.49574 0.42368 0.69371 0.30577
1403715958184057856.000000000 -1.34156 -1.36689 0.63198 0.54151 -0.39082 -0.67192 -0.32025
1403715958284058112.000000000 -1.41796 -1.28437 0.60880 0.57486 -0.35991 -0.65737 -0.32842
1403715958384058112.000000000 -1.48378 -1.22200 0.58223 0.60134 -0.33259 -0.64697 -0.33047
1403715958484057856.000000000 -1.53618 -1.18847 0.55749 0.63072 -0.30692 -0.63300 -0.32757
1403715958584058112.000000000 -1.56878 -1.18629 0.53025 0.64750 -0.29030 -0.63088 -0.31379
1403715958684057856.000000000 -1.57693 -1.21619 0.49930 0.65129 -0.28416 -0.64236 -0.28714
1403715958784058112.000000000 -1.56287 -1.27749 0.46878 0.64096 -0.28504 -0.66723 -0.25043
1403715958884058112.000000000 -1.52523 -1.35821 0.43719 0.62056 -0.29312 -0.69901 -0.20093
1403715958984057856.000000000 -1.46815 -1.44771 0.40414 0.59574 -0.29801 -0.72947 -0.15539
1403715959084058112.000000000 -1.39584 -1.53572 0.37029 0.56151 -0.29172 -0.76419 -0.12498
1403715959184057856.000000000 -1.31843 -1.61278 0.34161 0.53078 -0.26993 -0.79486 -0.11663
1403715959284058112.000000000 -1.24272 -1.67812 0.31546 0.50172 -0.24423 -0.82196 -0.11403
1403715959384058112.000000000 -1.17510 -1.73259 0.28723 -0.46322 0.22717 0.85032 0.10376
1403715959484057856.000000000 -1.12873 -1.77227 0.26033 -0.42977 0.21852 0.87107 0.09372
1403715959584058112.000000000 -1.10985 -1.79378 0.24100 -0.40867 0.20691 0.88463 0.08718
1403715959684057856.000000000 -1.12167 -1.78732 0.24108 -0.41299 0.18008 0.88905 0.08121
1403715959784058112.000000000 -1.19615 -1.77477 0.26341 -0.45700 0.16567 0.86997 0.08285
1403715959884058112.000000000 -1.28838 -1.75059 0.29514 0.51923 -0.14685 -0.83758 -0.08543
1403715959984057856.000000000 -1.38801 -1.72311 0.32488 0.58267 -0.12900 -0.79732 -0.09018
1403715960084058112.000000000 -1.48300 -1.69794 0.34892 0.63295 -0.11523 -0.75975 -0.09425
1403715960184057856.000000000 -1.56322 -1.67883 0.36748 0.66563 -0.10505 -0.73224 -0.09858
1403715960284058112.000000000 -1.61505 -1.67020 0.38433 0.68794 -0.09732 -0.71169 -0.10374
1403715960384058112.000000000 -1.63444 -1.67321 0.40211 0.70603 -0.09212 -0.69377 -0.10826
1403715960484057856.000000000 -1.61823 -1.69021 0.41947 0.71418 -0.09033 -0.68531 -0.11021
1403715960584058112.000000000 -1.56629 -1.72155 0.43412 0.69382 -0.09391 -0.70539 -0.11049
1403715960684057856.000000000 -1.48397 -1.76485 0.44695 0.64921 -0.10270 -0.74610 -0.10636
1403715960784058112.000000000 -1.38282 -1.81729 0.46060 0.60032 -0.11016 -0.78525 -0.10419
1403715960884058112.000000000 -1.27515 -1.87632 0.47240 0.53691 -0.11951 -0.82910 -0.10016
1403715960984057856.000000000 -1.17560 -1.93792 0.48587 -0.48328 0.12822 0.86072 0.09578
1403715961084058112.000000000 -1.09623 -1.99724 0.50125 -0.44103 0.13488 0.88243 0.09288
1403715961184057856.000000000 -1.04900 -2.05175 0.51989 -0.40440 0.14474 0.89891 0.08639
1403715961284058112.000000000 -1.04345 -2.09644 0.54436 -0.39075 0.15874 0.90356 0.07552
1403715961384058112.000000000 -1.08224 -2.12553 0.57991 -0.41573 0.16566 0.89200 0.06376
1403715961484057856.000000000 -1.15832 -2.14092 0.62362 -0.46033 0.16085 0.87127 0.05568
1403715961584058112.000000000 -1.25700 -2.14203 0.67277 0.51035 -0.14085 -0.84687 -0.05018
1403715961684057856.000000000 -1.36770 -2.13596 0.72303 0.55955 -0.11275 -0.81978 -0.04639
1403715961784058112.000000000 -1.47619 -2.12869 0.76777 0.60560 -0.07983 -0.79031 -0.04771
1403715961884058112.000000000 -1.57406 -2.12337 0.80024 0.64264 -0.05202 -0.76294 -0.04712
1403715961984057856.000000000 -1.65363 -2.12175 0.82089 0.67469 -0.03074 -0.73613 -0.04426
1403715962084058112.000000000 -1.70876 -2.12506 0.83281 0.71187 -0.01434 -0.70145 -0.03186
1403715962184057856.000000000 -1.72756 -2.13358 0.83398 0.73346 0.00046 -0.67953 -0.01649
1403715962284058112.000000000 -1.70580 -2.14594 0.82297 0.73468 0.01240 -0.67829 0.00424
1403715962384058112.000000000 -1.64306 -2.15920 0.80249 0.72027 0.01807 -0.69277 0.03087
1403715962484057856.000000000 -1.54199 -2.16881 0.77434 0.69455 0.01906 -0.71651 0.06211
1403715962584058112.000000000 -1.41260 -2.17069 0.73474 0.65239 0.01851 -0.75153 0.09613
1403715962684057856.000000000 -1.26651 -2.15899 0.68655 0.60979 0.02047 -0.78246 0.12443
1403715962784058112.000000000 -1.11175 -2.13011 0.62810 0.57149 0.02788 -0.80747 0.14358
1403715962884058112.000000000 -0.95875 -2.08220 0.56189 0.53804 0.04731 -0.82887 0.14576
1403715962984057856.000000000 -0.81512 -2.02066 0.48386 0.50405 0.08462 -0.85020 0.12623
1403715963084058112.000000000 -0.68632 -1.95696 0.39095 -0.46556 -0.12243 0.87020 -0.10495
1403715963184057856.000000000 -0.57932 -1.89483 0.28529 -0.42673 -0.15315 0.88618 -0.09558
1403715963284058112.000000000 -0.50043 -1.84151 0.16857 -0.39431 -0.17907 0.89633 -0.09508
1403715963384058112.000000000 -0.46081 -1.80577 0.04975 -0.39139 -0.20100 0.89189 -0.10462
1403715963484057856.000000000 -0.46356 -1.78497 -0.05549 -0.44411 -0.22194 0.85870 -0.12704
1403715963584058112.000000000 -0.49092 -1.77777 -0.15215 0.50740 0.23769 -0.81354 0.15557
1403715963684057856.000000000 -0.52390 -1.77995 -0.24049 0.55103 0.25227 -0.77533 0.17775
1403715963784058112.000000000 -0.55290 -1.78401 -0.31669 0.57098 0.26355 -0.75269 0.19486
1403715963884058112.000000000 -0.57268 -1.78455 -0.37880 0.57535 0.27166 -0.74307 0.20740
1403715963984057856.000000000 -0.58017 -1.77914 -0.42873 0.56433 0.27803 -0.74709 0.21470
1403715964084058112.000000000 -0.58134 -1.77103 -0.46607 0.54214 0.29239 -0.76036 0.20602
1403715964184057856.000000000 -0.57856 -1.76496 -0.48232 0.51501 0.31375 -0.77620 0.18395
1403715964284058112.000000000 -0.57645 -1.77046 -0.46551 0.50858 0.31441 -0.77950 0.18676
1403715964384058112.000000000 -0.57917 -1.78746 -0.42723 0.51608 0.30708 -0.77432 0.19948
1403715964484057856.000000000 -0.58386 -1.81097 -0.39188 0.51998 0.30352 -0.77148 0.20573
1403715964584058112.000000000 -0.58696 -1.83786 -0.35296 0.52237 0.30455 -0.76965 0.20497
1403715964684057856.000000000 -0.59118 -1.86743 -0.31888 0.52381 0.29727 -0.76867 0.21542
1403715964784058112.000000000 -0.59757 -1.89723 -0.27291 0.52652 0.28583 -0.76627 0.23218
1403715964884058112.000000000 -0.60655 -1.92468 -0.21800 0.53340 0.27518 -0.75950 0.25082
1403715964984057856.000000000 -0.61845 -1.94562 -0.16930 0.54570 0.27282 -0.74838 0.26020
1403715965084058112.000000000 -0.63001 -1.95835 -0.13304 0.56398 0.27430 -0.73217 0.26572
1403715965184057856.000000000 -0.63665 -1.96162 -0.11326 0.57083 0.28039 -0.72546 0.26315
1403715965284058112.000000000 -0.63782 -1.95417 -0.10559 0.54191 0.30161 -0.74740 0.23823
1403715965384058112.000000000 -0.63589 -1.94143 -0.10029 -0.49266 -0.32007 0.78158 -0.20970
1403715965484057856.000000000 -0.64027 -1.93523 -0.08879 -0.45009 -0.32988 0.80862 -0.18634
1403715965584058112.000000000 -0.65949 -1.94642 -0.06962 -0.42759 -0.33424 0.82231 -0.17101
1403715965684057856.000000000 -0.69739 -1.97891 -0.03875 -0.44601 -0.33100 0.81317 -0.17397
1403715965784058112.000000000 -0.75096 -2.02920 0.00185 -0.49859 -0.31980 0.78186 -0.19451
1403715965884058112.000000000 -0.80602 -2.08507 0.04249 0.55306 0.30388 -0.74383 0.22021
1403715965984057856.000000000 -0.85443 -2.13657 0.07780 0.59346 0.29251 -0.71121 0.23756
1403715966084058112.000000000 -0.88999 -2.17818 0.10886 0.62105 0.28518 -0.68568 0.25064
1403715966184057856.000000000 -0.90391 -2.20254 0.14238 0.64453 0.27737 -0.66158 0.26448
1403715966284058112.000000000 -0.89448 -2.20468 0.17321 0.63584 0.28230 -0.66962 0.26004
1403715966384058112.000000000 -0.86133 -2.18775 0.20105 0.59595 0.29486 -0.70664 0.24200
1403715966484057856.000000000 -0.81352 -2.15996 0.22769 0.54650 0.30732 -0.74830 0.21665
1403715966584058112.000000000 -0.76173 -2.13029 0.25280 -0.49033 -0.31650 0.78956 -0.18975
1403715966684057856.000000000 -0.71614 -2.10975 0.28023 -0.45054 -0.31876 0.81640 -0.17002
1403715966784058112.000000000 -0.68461 -2.10486 0.30680 -0.42586 -0.31792 0.83231 -0.15760
1403715966884058112.000000000 -0.67431 -2.12127 0.33697 -0.42382 -0.31718 0.83476 -0.15149
1403715966984057856.000000000 -0.68482 -2.16164 0.37461 -0.46306 -0.30867 0.81457 -0.16362
1403715967084058112.000000000 -0.70877 -2.21692 0.41741 0.51821 0.29781 -0.78083 0.18185
1403715967184057856.000000000 -0.73548 -2.27759 0.45794 0.57105 0.28477 -0.74333 0.20068
1403715967284058112.000000000 -0.75269 -2.33543 0.49721 0.61994 0.26981 -0.70353 0.21891
1403715967384058112.000000000 -0.74983 -2.37999 0.53475 0.65371 0.25597 -0.67246 0.23440
1403715967484057856.000000000 -0.72125 -2.40589 0.56705 0.65735 0.25117 -0.66900 0.23927
1403715967584058112.000000000 -0.66504 -2.41190 0.59673 0.63569 0.25360 -0.68543 0.24854
1403715967684057856.000000000 -0.58762 -2.39849 0.62293 0.59385 0.26597 -0.71439 0.25739
1403715967784058112.000000000 -0.49858 -2.36972 0.64746 0.54280 0.28076 -0.74419 0.26968
1403715967884058112.000000000 -0.40956 -2.32751 0.66731 -0.49057 -0.29822 0.76977 -0.27904
1403715967984057856.000000000 -0.33262 -2.27986 0.67844 -0.45208 -0.32092 0.78523 -0.27577
1403715968084058112.000000000 -0.27305 -2.23240 0.67989 -0.42333 -0.35285 0.79531 -0.25252
1403715968184057856.000000000 -0.23485 -2.19266 0.67489 -0.40743 -0.37774 0.79829 -0.23248
1403715968284058112.000000000 -0.21572 -2.16766 0.66920 -0.42585 -0.38462 0.78461 -0.23475
1403715968384058112.000000000 -0.20946 -2.15321 0.65484 -0.46264 -0.37988 0.76095 -0.25023
1403715968484057856.000000000 -0.21060 -2.14336 0.62730 0.50010 0.36991 -0.73491 0.27013
1403715968584058112.000000000 -0.21667 -2.13879 0.58832 0.53452 0.35784 -0.70987 0.28691
1403715968684057856.000000000 -0.21951 -2.12840 0.54118 0.56505 0.34759 -0.68561 0.29974
1403715968784058112.000000000 -0.21311 -2.10355 0.49281 0.58867 0.33963 -0.66530 0.30902
1403715968884058112.000000000 -0.19175 -2.05938 0.44541 0.60374 0.33429 -0.65145 0.31522
1403715968984057856.000000000 -0.15425 -1.99331 0.39638 0.60049 0.33573 -0.65381 0.31499
1403715969084058112.000000000 -0.10252 -1.90649 0.34196 0.56555 0.35117 -0.68385 0.29863
1403715969184057856.000000000 -0.04280 -1.80594 0.28408 0.50336 0.37541 -0.73176 0.26501
1403715969284058112.000000000 0.01461 -1.70613 0.23120 -0.44381 -0.39353 0.77103 -0.23168
1403715969384058112.000000000 0.06109 -1.62038 0.18624 -0.40250 -0.40440 0.79498 -0.20608
1403715969484057856.000000000 0.09027 -1.55928 0.14763 -0.37550 -0.41362 0.80881 -0.18369
1403715969584058112.000000000 0.09755 -1.53253 0.11783 -0.37741 -0.43012 0.80431 -0.16014
1403715969684057856.000000000 0.08742 -1.54402 0.09829 -0.40475 -0.44637 0.78467 -0.14567
1403715969784058112.000000000 0.06734 -1.59213 0.08605 -0.44399 -0.45435 0.75845 -0.14557
1403715969884058112.000000000 0.04690 -1.67637 0.08109 -0.48546 -0.44266 0.73380 -0.17294
1403715969984057856.000000000 0.03463 -1.78038 0.07922 0.52070 0.41250 -0.71321 0.22370
1403715970084058112.000000000 0.03152 -1.89048 0.07871 0.54926 0.38769 -0.69155 0.26411
1403715970184057856.000000000 0.04010 -1.99315 0.07778 0.57479 0.36963 -0.66880 0.29276
1403715970284058112.000000000 0.06255 -2.07963 0.07939 0.59984 0.35046 -0.64361 0.32116
1403715970384058112.000000000 0.10055 -2.14151 0.08203 0.61578 0.33692 -0.62590 0.33993
1403715970484057856.000000000 0.15544 -2.17324 0.08671 0.61261 0.33040 -0.62520 0.35308
1403715970584058112.000000000 0.22673 -2.17331 0.08755 0.57940 0.33344 -0.65140 0.35888
1403715970684057856.000000000 0.30637 -2.14495 0.08715 0.53114 0.34627 -0.69137 0.34641
1403715970784058112.000000000 0.38551 -2.09495 0.08642 -0.47051 -0.35996 0.73758 -0.32407
1403715970884058112.000000000 0.45229 -2.03758 0.09067 -0.40828 -0.36955 0.77983 -0.29767
1403715970984057856.000000000 0.49573 -1.98606 0.10263 -0.36011 -0.37833 0.80775 -0.27335
1403715971084058112.000000000 0.50457 -1.95067 0.12235 -0.33428 -0.39797 0.81835 -0.24530
1403715971184057856.000000000 0.47206 -1.94519 0.15476 -0.33836 -0.42605 0.80867 -0.22372
1403715971284058112.000000000 0.40701 -1.98441 0.19838 -0.37429 -0.45679 0.77702 -0.21793
1403715971384058112.000000000 0.33370 -2.05536 0.24903 -0.42556 -0.47939 0.73330 -0.22662
1403715971484057856.000000000 0.26018 -2.14493 0.30125 -0.47242 -0.49692 0.68410 -0.24881
1403715971584058112.000000000 0.19874 -2.24531 0.34970 0.50625 0.51058 -0.63718 0.27755
1403715971684057856.000000000 0.15436 -2.34675 0.39547 0.52257 0.51991 -0.60047 0.30992
1403715971784058112.000000000 0.13144 -2.44256 0.43732 0.52304 0.52263 -0.57520 0.34990
1403715971884058112.000000000 0.12428 -2.52704 0.47391 0.50722 0.52389 -0.56227 0.39002
1403715971984057856.000000000 0.12881 -2.59748 0.50526 -0.48741 -0.53076 0.55367 -0.41732
1403715972084058112.000000000 0.14038 -2.65024 0.53472 -0.47311 -0.53894 0.54327 -0.43655
1403715972184057856.000000000 0.15534 -2.68280 0.56778 0.47422 0.53805 -0.52544 0.45774
1403715972284058112.000000000 0.17270 -2.69164 0.60365 0.48290 0.53041 -0.50615 0.47884
1403715972384058112.000000000 0.19199 -2.67167 0.63777 0.48786 0.52470 -0.49457 0.49202
1403715972484057856.000000000 0.21171 -2.62075 0.66736 0.48410 0.52766 -0.49537 0.49177
1403715972584058112.000000000 0.23243 -2.54238 0.69055 0.46329 0.54315 -0.51442 0.47510
1403715972684057856.000000000 0.25354 -2.44302 0.70628 0.43122 0.56210 -0.54291 0.45094
1403715972784058112.000000000 0.27435 -2.33174 0.71235 0.39622 0.57896 -0.57246 0.42438
1403715972884058112.000000000 0.29285 -2.21915 0.71138 -0.37592 -0.58607 0.59055 -0.40800
1403715972984057856.000000000 0.30824 -2.11266 0.70649 -0.37866 -0.57779 0.59342 -0.41308
1403715973084058112.000000000 0.31938 -2.01145 0.69777 -0.38239 -0.56234 0.59553 -0.42766
1403715973184057856.000000000 0.32225 -1.91038 0.69006 -0.38984 -0.55683 0.59435 -0.42979
1403715973284058112.000000000 0.31775 -1.80973 0.68256 -0.39153 -0.55439 0.59615 -0.42891
1403715973384058112.000000000 0.30652 -1.70763 0.67463 -0.38510 -0.55711 0.60284 -0.42180
1403715973484057856.000000000 0.28756 -1.60903 0.66809 -0.37659 -0.56520 0.61036 -0.40766
1403715973584058112.000000000 0.26224 -1.51594 0.66315 -0.36427 -0.57114 0.61921 -0.39710
1403715973684057856.000000000 0.23016 -1.43269 0.65972 -0.34877 -0.57385 0.62862 -0.39230
1403715973784058112.000000000 0.19080 -1.36296 0.65647 -0.33532 -0.57513 0.63614 -0.39002
1403715973884058112.000000000 0.14202 -1.30990 0.65562 -0.32911 -0.57765 0.63885 -0.38715
1403715973984057856.000000000 0.08341 -1.27359 0.65676 -0.33128 -0.58165 0.63581 -0.38429
1403715974084058112.000000000 0.01705 -1.25523 0.66173 -0.34733 -0.58479 0.62387 -0.38493
1403715974184057856.000000000 -0.05429 -1.24939 0.66836 -0.36358 -0.58391 0.61158 -0.39093
1403715974284058112.000000000 -0.12781 -1.25126 0.67132 -0.37340 -0.58376 0.60337 -0.39465
1403715974384058112.000000000 -0.20270 -1.25852 0.66652 -0.37506 -0.58672 0.60028 -0.39338
1403715974484057856.000000000 -0.27897 -1.27134 0.65573 -0.37501 -0.58891 0.59885 -0.39234
1403715974584058112.000000000 -0.35600 -1.28987 0.64377 -0.37967 -0.58740 0.59471 -0.39641
1403715974684057856.000000000 -0.43364 -1.31395 0.63012 -0.38462 -0.58497 0.59042 -0.40160
1403715974784058112.000000000 -0.51043 -1.34055 0.61374 -0.38840 -0.58385 0.58712 -0.40442
1403715974884058112.000000000 -0.58677 -1.36940 0.59618 -0.38864 -0.58403 0.58573 -0.40594
1403715974984057856.000000000 -0.66184 -1.40050 0.57801 0.38925 0.58461 -0.58338 0.40790
1403715975084058112.000000000 -0.73531 -1.43311 0.56115 0.39129 0.58706 -0.57924 0.40833
1403715975184057856.000000000 -0.80741 -1.46771 0.54465 0.39357 0.59050 -0.57501 0.40715
1403715975284058112.000000000 -0.87641 -1.50320 0.53157 0.39533 0.59425 -0.57088 0.40580
1403715975384058112.000000000 -0.94173 -1.54151 0.52227 0.39981 0.59504 -0.56468 0.40892
1403715975484057856.000000000 -1.00236 -1.57732 0.51982 0.40736 0.59558 -0.55670 0.41161
1403715975584058112.000000000 -1.05844 -1.61155 0.51984 0.40660 0.59716 -0.55515 0.41216
1403715975684057856.000000000 -1.11007 -1.64324 0.52479 0.40123 0.59857 -0.55757 0.41213
1403715975784058112.000000000 -1.15596 -1.67420 0.53383 0.39824 0.59961 -0.55924 0.41125
1403715975884058112.000000000 -1.19872 -1.70654 0.54340 0.39664 0.60073 -0.56037 0.40961
1403715975984057856.000000000 -1.23518 -1.73853 0.55423 0.39508 0.60169 -0.56181 0.40774
1403715976084058112.000000000 -1.26915 -1.77196 0.56501 0.39435 0.60270 -0.56308 0.40520
1403715976184057856.000000000 -1.29618 -1.80532 0.57613 0.39721 0.60133 -0.56294 0.40463
1403715976284058112.000000000 -1.32075 -1.84016 0.58788 0.40047 0.59953 -0.56262 0.40452
1403715976384058112.000000000 -1.33818 -1.87607 0.59816 0.40645 0.59946 -0.56011 0.40215
1403715976484057856.000000000 -1.35032 -1.91254 0.60791 0.40909 0.60445 -0.55455 0.39970
1403715976584058112.000000000 -1.35340 -1.94855 0.61483 0.40851 0.61173 -0.54579 0.40128
1403715976684057856.000000000 -1.34716 -1.98533 0.61872 0.40004 0.61937 -0.53759 0.40908
1403715976784058112.000000000 -1.33509 -2.02095 0.62191 0.38928 0.62551 -0.53181 0.41759
1403715976884058112.000000000 -1.31723 -2.05774 0.62412 0.38274 0.63043 -0.52586 0.42372
1403715976984057856.000000000 -1.29461 -2.09391 0.62500 0.37756 0.63517 -0.52057 0.42781
1403715977084058112.000000000 -1.26634 -2.12941 0.62539 0.37224 0.64162 -0.51226 0.43283
1403715977184057856.000000000 -1.23214 -2.16407 0.62392 0.36502 0.65136 -0.49989 0.43887
1403715977284058112.000000000 -1.19190 -2.19780 0.62014 0.35371 0.66393 -0.48389 0.44715
1403715977384058112.000000000 -1.14537 -2.22947 0.61722 0.34086 0.67866 -0.46210 0.45793
1403715977484057856.000000000 -1.09375 -2.25847 0.61261 0.32441 0.69460 -0.43773 0.46977
1403715977584058112.000000000 -1.03602 -2.28545 0.60791 0.30564 0.71099 -0.41055 0.48221
1403715977684057856.000000000 -0.97327 -2.31043 0.60335 0.28423 0.72637 -0.38159 0.49598
1403715977784058112.000000000 -0.90816 -2.33125 0.59782 0.26165 0.74207 -0.35058 0.50791
1403715977884058112.000000000 -0.84049 -2.34927 0.59278 0.24244 0.75587 -0.31493 0.52028
1403715977984057856.000000000 -0.77028 -2.36188 0.58835 0.22793 0.76834 -0.27351 0.53188
1403715978084058112.000000000 -0.69772 -2.36550 0.58443 0.21240 0.77904 -0.22898 0.54364
1403715978184057856.000000000 -0.62286 -2.36002 0.58019 0.19835 0.78880 -0.18267 0.55235
1403715978284058112.000000000 -0.54510 -2.34281 0.57420 0.18203 0.79631 -0.13960 0.55971
1403715978384058112.000000000 -0.46710 -2.31099 0.56955 0.15540 0.79961 -0.10589 0.57032
1403715978484057856.000000000 -0.38848 -2.26545 0.56234 0.12025 0.80328 -0.08015 0.57781
1403715978584058112.000000000 -0.31104 -2.20930 0.55267 0.07834 0.80378 -0.05676 0.58700
1403715978684057856.000000000 -0.23814 -2.14543 0.54137 0.04035 0.80397 -0.02861 0.59261
1403715978784058112.000000000 -0.17374 -2.07616 0.52980 0.01107 0.80518 0.00624 0.59290
1403715978884058112.000000000 -0.11606 -2.00421 0.51882 -0.01404 0.80795 0.04525 0.58734
1403715978984057856.000000000 -0.06277 -1.92987 0.51109 -0.03824 0.80860 0.08702 0.58064
1403715979084058112.000000000 -0.01405 -1.85144 0.50676 -0.06472 0.80245 0.12883 0.57904
1403715979184057856.000000000 0.02908 -1.76920 0.50883 -0.09890 0.78916 0.16669 0.58281
1403715979284058112.000000000 0.06475 -1.68597 0.51793 -0.13595 0.76671 0.20370 0.59345
1403715979384058112.000000000 0.08936 -1.60429 0.52919 -0.15916 0.74538 0.24870 0.59769
1403715979484057856.000000000 0.10029 -1.52443 0.53878 -0.17559 0.73039 0.29285 0.59155
1403715979584058112.000000000 0.09643 -1.44608 0.55018 -0.19531 0.71764 0.33006 0.58130
1403715979684057856.000000000 0.07791 -1.36752 0.56352 -0.21775 0.70494 0.36385 0.56856
1403715979784058112.000000000 0.04668 -1.28819 0.57701 -0.24335 0.68646 0.39656 0.55883
1403715979884058112.000000000 -0.00017 -1.21128 0.59088 -0.27266 0.66461 0.42631 0.54973
1403715979984057856.000000000 -0.06149 -1.13811 0.60512 -0.30250 0.63930 0.45535 0.54079
1403715980084058112.000000000 -0.13721 -1.07304 0.61951 -0.33202 0.61245 0.48352 0.52998
1403715980184057856.000000000 -0.22815 -1.01873 0.63148 -0.35894 0.58688 0.51187 0.51451
1403715980284058112.000000000 -0.33099 -0.97600 0.64187 -0.38686 0.56564 0.53827 0.49058
1403715980384058112.000000000 -0.44557 -0.94680 0.64999 -0.41232 0.54297 0.56483 0.46492
1403715980484057856.000000000 -0.56480 -0.92468 0.65962 -0.44147 0.51569 0.58768 0.44022
1403715980584058112.000000000 -0.68706 -0.91381 0.66740 -0.47291 0.48791 0.60783 0.41091
1403715980684057856.000000000 -0.81039 -0.91788 0.67250 -0.49727 0.45835 0.63066 0.38067
1403715980784058112.000000000 -0.93178 -0.93503 0.67544 0.51827 -0.42833 -0.65341 -0.34783
1403715980884058112.000000000 -1.04952 -0.96306 0.67728 0.53602 -0.39690 -0.67597 -0.31340
1403715980984057856.000000000 -1.16147 -1.00002 0.67923 0.55433 -0.36121 -0.69571 -0.27969
1403715981084058112.000000000 -1.26344 -1.05148 0.68224 0.57444 -0.32224 -0.71120 -0.24570
1403715981184057856.000000000 -1.35311 -1.10913 0.68599 0.59078 -0.27923 -0.72630 -0.21330
1403715981284058112.000000000 -1.42993 -1.17357 0.68928 0.60487 -0.23489 -0.74013 -0.17654
1403715981384058112.000000000 -1.49293 -1.24151 0.69262 0.61703 -0.18894 -0.75144 -0.13756
1403715981484057856.000000000 -1.54181 -1.31536 0.69862 0.62923 -0.14185 -0.75809 -0.09613
1403715981584058112.000000000 -1.57153 -1.39339 0.70745 0.64332 -0.09243 -0.75786 -0.05698
1403715981684057856.000000000 -1.57944 -1.47247 0.71655 0.65111 -0.04104 -0.75758 -0.02097
1403715981784058112.000000000 -1.57003 -1.55039 0.72124 0.64464 0.01005 -0.76433 0.01167
1403715981884058112.000000000 -1.54206 -1.62929 0.72274 0.62328 0.05879 -0.77860 0.04304
1403715981984057856.000000000 -1.50118 -1.70664 0.72524 0.60753 0.10456 -0.78404 0.07253
1403715982084058112.000000000 -1.44924 -1.78275 0.72923 0.59784 0.14606 -0.78174 0.10068
1403715982184057856.000000000 -1.38787 -1.85924 0.73439 0.59063 0.18516 -0.77505 0.12713
1403715982284058112.000000000 -1.31518 -1.93266 0.74105 0.58245 0.22134 -0.76673 0.15455
1403715982384058112.000000000 -1.23451 -2.00136 0.74759 0.57374 0.25622 -0.75656 0.18108
1403715982484057856.000000000 -1.14809 -2.06614 0.75300 0.56384 0.29211 -0.74422 0.20709
1403715982584058112.000000000 -1.05374 -2.12663 0.75768 0.55441 0.32893 -0.72819 0.23275
1403715982684057856.000000000 -0.95140 -2.18438 0.76168 0.54210 0.36541 -0.71024 0.26107
1403715982784058112.000000000 -0.84220 -2.23784 0.76511 0.52714 0.40244 -0.69030 0.28921
1403715982884058112.000000000 -0.72789 -2.28463 0.76803 0.50993 0.43893 -0.66873 0.31641
1403715982984057856.000000000 -0.60858 -2.32235 0.77099 -0.49252 -0.47347 0.64544 -0.34155
1403715983084058112.000000000 -0.48560 -2.35262 0.77228 -0.47381 -0.50527 0.62098 -0.36686
1403715983184057856.000000000 -0.35978 -2.37580 0.77335 -0.45321 -0.53553 0.59460 -0.39276
1403715983284058112.000000000 -0.23229 -2.39228 0.77392 -0.43027 -0.56500 0.56585 -0.41887
1403715983384058112.000000000 -0.10403 -2.40181 0.77421 0.40752 0.59542 -0.53282 0.44216
1403715983484057856.000000000 0.02345 -2.40238 0.77486 0.38271 0.62050 -0.49625 0.47144
1403715983584058112.000000000 0.14964 -2.39508 0.77756 0.35753 0.63804 -0.45724 0.50597
1403715983684057856.000000000 0.26862 -2.37514 0.78009 0.32986 0.65287 -0.41898 0.53797
1403715983784058112.000000000 0.37846 -2.34128 0.78233 0.30136 0.66663 -0.38310 0.56393
1403715983884058112.000000000 0.47594 -2.29508 0.78494 0.27248 0.68120 -0.34858 0.58327
1403715983984057856.000000000 0.55935 -2.23755 0.78866 0.24339 0.69571 -0.31616 0.59732
1403715984084058112.000000000 0.62496 -2.16793 0.79228 0.21246 0.71177 -0.28687 0.60493
1403715984184057856.000000000 0.67493 -2.09064 0.79690 0.18124 0.72815 -0.25948 0.60797
1403715984284058112.000000000 0.70731 -2.00787 0.80293 0.15260 0.74169 -0.23119 0.61087
1403715984384058112.000000000 0.72670 -1.92279 0.81254 0.12630 0.75029 -0.20181 0.61675
1403715984484057856.000000000 0.72660 -1.83606 0.82326 0.10546 0.75905 -0.16849 0.61995
1403715984584058112.000000000 0.70801 -1.74802 0.83323 0.08322 0.77390 -0.13458 0.61323
1403715984684057856.000000000 0.67797 -1.66005 0.84043 0.06118 0.79056 -0.09716 0.60152
1403715984784058112.000000000 0.64187 -1.57164 0.84521 0.02839 0.80030 -0.06146 0.59577
1403715984884058112.000000000 0.59913 -1.48470 0.85073 -0.00847 0.80220 -0.02781 0.59634
1403715984984057856.000000000 0.55120 -1.40451 0.85580 -0.03752 0.80076 0.00774 0.59776
1403715985084058112.000000000 0.49918 -1.33285 0.85946 -0.05376 0.79785 0.04268 0.59893
1403715985184057856.000000000 0.44458 -1.26767 0.86324 -0.06234 0.79649 0.06693 0.59770
1403715985284058112.000000000 0.38458 -1.20619 0.86921 -0.05638 0.79480 0.08691 0.59797
1403715985384058112.000000000 0.31739 -1.14785 0.87494 -0.04577 0.79378 0.09815 0.59848
1403715985484057856.000000000 0.24417 -1.08683 0.88044 -0.04553 0.79736 0.08803 0.59531
1403715985584058112.000000000 0.16577 -1.02702 0.88255 -0.04298 0.80944 0.06923 0.58153
1403715985684057856.000000000 0.08689 -0.96720 0.88215 -0.03728 0.82664 0.04927 0.55933
1403715985784058112.000000000 0.00906 -0.90715 0.87588 -0.03784 0.84264 0.02811 0.53641
1403715985884058112.000000000 -0.05867 -0.84668 0.86142 -0.04127 0.84942 0.00731 0.52604
1403715985984057856.000000000 -0.11533 -0.78902 0.83706 -0.04223 0.84638 -0.00762 0.53084
1403715986084058112.000000000 -0.16348 -0.73108 0.79877 -0.04155 0.84021 -0.01747 0.54039
1403715986184057856.000000000 -0.20383 -0.67921 0.75101 -0.04342 0.83468 -0.02490 0.54846
1403715986284058112.000000000 -0.24042 -0.63190 0.70304 -0.03992 0.83116 -0.02573 0.55400
1403715986384058112.000000000 -0.27223 -0.59419 0.65620 -0.02668 0.82341 -0.01727 0.56655
1403715986484057856.000000000 -0.31709 -0.55078 0.61000 -0.01729 0.81957 -0.01050 0.57263
1403715986584058112.000000000 -0.34388 -0.52391 0.55356 -0.01234 0.82962 -0.00505 0.55817
1403715986684057856.000000000 -0.38570 -0.48334 0.49540 -0.01046 0.84432 -0.00214 0.53574
1403715986784058112.000000000 -0.41473 -0.45046 0.44098 -0.00993 0.85133 -0.00005 0.52454
1403715986884058112.000000000 -0.43582 -0.41532 0.39339 -0.00929 0.84842 0.00142 0.52923
1403715986984057856.000000000 -0.44539 -0.38333 0.34980 -0.00907 0.83874 -0.00233 0.54446
1403715987084058112.000000000 -0.43347 -0.36185 0.30759 -0.01171 0.82406 -0.01635 0.56614
1403715987184057856.000000000 -0.43830 -0.33568 0.26757 -0.01801 0.81222 -0.03891 0.58177
1403715987284058112.000000000 -0.43944 -0.31991 0.23121 -0.01769 0.80300 -0.05821 0.59287
1403715987384058112.000000000 -0.44377 -0.31492 0.19660 -0.00643 0.80107 -0.06573 0.59491
1403715987484057856.000000000 -0.45139 -0.31640 0.16301 0.01095 0.80381 -0.06280 0.59147
1403715987584058112.000000000 -0.46088 -0.32069 0.12948 0.02152 0.80981 -0.05955 0.58326
1403715987684057856.000000000 -0.47271 -0.32661 0.09818 0.02679 0.81292 -0.05653 0.57900
1403715987784058112.000000000 -0.48593 -0.33231 0.06805 0.03029 0.81718 -0.05245 0.57319
1403715987884058112.000000000 -0.49823 -0.33711 0.03695 0.03085 0.82672 -0.04914 0.55962
1403715987984057856.000000000 -0.50714 -0.34178 0.00709 0.02959 0.83432 -0.04621 0.54854
1403715988084058112.000000000 -0.51021 -0.34618 -0.01846 0.02768 0.83390 -0.04332 0.54952
1403715988184057856.000000000 -0.50781 -0.34997 -0.03980 0.02739 0.82689 -0.03975 0.56028
1403715988284058112.000000000 -0.50238 -0.35287 -0.05979 0.02836 0.81929 -0.03624 0.57154
1403715988384058112.000000000 -0.49706 -0.35368 -0.07728 0.02751 0.81284 -0.03458 0.58082
1403715988484057856.000000000 -0.49198 -0.35231 -0.09208 0.02172 0.80941 -0.03793 0.58561
1403715988584058112.000000000 -0.49258 -0.34973 -0.10609 0.01233 0.80849 -0.04523 0.58663
1403715988684057856.000000000 -0.49065 -0.34769 -0.11712 0.00133 0.80977 -0.05419 0.58424
1403715988784058112.000000000 -0.49769 -0.35053 -0.12873 -0.00291 0.81429 -0.05848 0.57750
1403715988884058112.000000000 -0.50215 -0.36110 -0.13688 0.00284 0.82043 -0.05555 0.56903
1403715988984057856.000000000 -0.50674 -0.37541 -0.14116 0.01002 0.82356 -0.05215 0.56473
1403715989084058112.000000000 -0.51016 -0.39201 -0.14227 0.01584 0.82502 -0.04972 0.56268
1403715989184057856.000000000 -0.51308 -0.40971 -0.14274 0.01907 0.82480 -0.04904 0.56297
1403715989284058112.000000000 -0.51439 -0.42806 -0.14347 0.02083 0.82475 -0.04943 0.56295
1403715989384058112.000000000 -0.51301 -0.44704 -0.14320 0.02221 0.82376 -0.04959 0.56433
1403715989484057856.000000000 -0.51119 -0.46556 -0.14070 0.02269 0.82426 -0.05001 0.56354
1403715989584058112.000000000 -0.50708 -0.48517 -0.14029 0.02362 0.82362 -0.04990 0.56446
1403715989684057856.000000000 -0.49976 -0.50502 -0.13977 0.02622 0.81829 -0.04818 0.57218
1403715989784058112.000000000 -0.49197 -0.52495 -0.14228 0.02818 0.81367 -0.04616 0.57880
1403715989884058112.000000000 -0.48553 -0.54393 -0.14865 0.03037 0.81163 -0.04332 0.58178
1403715989984057856.000000000 -0.48131 -0.56163 -0.15705 0.03337 0.81150 -0.03967 0.58204
1403715990084058112.000000000 -0.47863 -0.57553 -0.16568 0.03384 0.81224 -0.03749 0.58114
1403715990184057856.000000000 -0.47828 -0.58594 -0.17661 0.03341 0.81373 -0.03618 0.57916
1403715990284058112.000000000 -0.47889 -0.59248 -0.19033 0.03424 0.81502 -0.03437 0.57740
1403715990384058112.000000000 -0.48385 -0.58911 -0.20299 0.03574 0.81565 -0.03260 0.57652
1403715990484057856.000000000 -0.48503 -0.58874 -0.22444 0.03711 0.81726 -0.03069 0.57426
1403715990584058112.000000000 -0.48594 -0.58609 -0.25300 0.03699 0.81881 -0.03007 0.57208
1403715990684057856.000000000 -0.48647 -0.57953 -0.28561 0.03749 0.82205 -0.02919 0.56743
1403715990784058112.000000000 -0.48493 -0.56990 -0.31976 0.03712 0.82447 -0.02884 0.56394
1403715990884058112.000000000 -0.48085 -0.55605 -0.35162 0.03726 0.82737 -0.02811 0.55971
1403715990984057856.000000000 -0.47231 -0.53740 -0.37935 0.03800 0.82814 -0.02689 0.55859
1403715991084058112.000000000 -0.45992 -0.51341 -0.40033 0.03821 0.82441 -0.02589 0.56411
1403715991184057856.000000000 -0.45177 -0.49613 -0.40344 0.03573 0.81949 -0.02743 0.57132
1403715991284058112.000000000 -0.45124 -0.49194 -0.40124 0.04426 0.81904 -0.02085 0.57165
1403715991384058112.000000000 -0.45204 -0.49606 -0.40864 0.02983 0.81779 -0.03219 0.57384
1403715991484057856.000000000 -0.45013 -0.49298 -0.40919 0.03198 0.81775 -0.03065 0.57386
1403715991584058112.000000000 -0.45059 -0.49361 -0.41016 0.03163 0.81729 -0.03089 0.57453
1403715991684057856.000000000 -0.45020 -0.49380 -0.41041 0.03164 0.81809 -0.03072 0.57339
1403715991784058112.000000000 -0.45033 -0.49384 -0.41016 0.03161 0.81790 -0.03076 0.57367
1403715991884058112.000000000 -0.45042 -0.49376 -0.41034 0.03139 0.81765 -0.03092 0.57402
1403715991984057856.000000000 -0.45048 -0.49378 -0.41038 0.03117 0.81778 -0.03109 0.57385
1403715992084058112.000000000 -0.45045 -0.49377 -0.41038 0.03095 0.81798 -0.03126 0.57356
1403715992184057856.000000000 -0.45046 -0.49372 -0.41037 0.03074 0.81800 -0.03131 0.57354
1403715992284058112.000000000 -0.45054 -0.49376 -0.41038 0.03083 0.81783 -0.03135 0.57377
1403715992384058112.000000000 -0.45050 -0.49374 -0.41041 0.03082 0.81791 -0.03139 0.57367
1403715992484057856.000000000 -0.45052 -0.49373 -0.41042 0.03084 0.81796 -0.03145 0.57358
1403715992584058112.000000000 -0.45052 -0.49376 -0.41043 0.03079 0.81799 -0.03155 0.57354
1403715992684057856.000000000 -0.45050 -0.49376 -0.41046 0.03080 0.81798 -0.03153 0.57356
1403715992784058112.000000000 -0.45050 -0.49376 -0.41047 0.03073 0.81798 -0.03168 0.57355
1403715992884058112.000000000 -0.45050 -0.49378 -0.41049 0.03077 0.81802 -0.03174 0.57349
1403715992984057856.000000000 -0.45049 -0.49379 -0.41048 0.03075 0.81806 -0.03175 0.57344
1403715993084058112.000000000 -0.45047 -0.49378 -0.41049 0.03077 0.81807 -0.03177 0.57342
1403715993184057856.000000000 -0.45043 -0.49380 -0.41053 0.03079 0.81808 -0.03179 0.57340
1403715993284058112.000000000 -0.45043 -0.49380 -0.41053 0.03074 0.81805 -0.03180 0.57344
1403715993384058112.000000000 -0.45039 -0.49382 -0.41057 0.03070 0.81808 -0.03181 0.57340
1403715993484057856.000000000 -0.45039 -0.49381 -0.41058 0.03071 0.81806 -0.03190 0.57343
1403715993584058112.000000000 -0.45039 -0.49382 -0.41060 0.03058 0.81801 -0.03199 0.57350
1403715993684057856.000000000 -0.45035 -0.49386 -0.41067 0.03055 0.81815 -0.03207 0.57330
1403715993784058112.000000000 -0.45028 -0.49362 -0.41071 0.03052 0.81813 -0.03206 0.57333
