1413393218055760384.000000000 -0.17923 0.17969 0.23963 0.00989 0.80566 0.00425 0.59228
1413393218155760640.000000000 -0.20453 0.21726 0.26107 0.00190 0.80605 -0.00224 0.59183
1413393218255760384.000000000 -0.23203 0.25007 0.27052 -0.01001 0.80639 -0.01069 0.59121
1413393218355760640.000000000 -0.26173 0.27995 0.27218 -0.01475 0.80747 -0.01421 0.58955
1413393218455760384.000000000 -0.29200 0.30712 0.26730 -0.00453 0.80693 -0.00900 0.59056
1413393218555760384.000000000 -0.32428 0.33385 0.26028 0.00651 0.80611 -0.00265 0.59173
1413393218655760640.000000000 -0.35677 0.35980 0.25369 0.01214 0.80484 0.00150 0.59336
1413393218755760384.000000000 -0.39178 0.38672 0.25019 0.01339 0.80599 0.00195 0.59177
1413393218855760640.000000000 -0.42626 0.41358 0.24634 0.00862 0.81416 -0.00227 0.58057
1413393218955760384.000000000 -0.46096 0.44139 0.24418 0.00269 0.82324 -0.00625 0.56765
1413393219055760384.000000000 -0.48957 0.46714 0.24570 -0.00075 0.82735 -0.00900 0.56161
1413393219155760640.000000000 -0.51010 0.49192 0.25256 -0.00150 0.82646 -0.00906 0.56291
1413393219255760384.000000000 -0.51789 0.50951 0.26188 -0.00269 0.82515 -0.00780 0.56485
1413393219355760640.000000000 -0.52528 0.52645 0.27383 -0.00398 0.82432 -0.00664 0.56608
1413393219455760384.000000000 -0.52577 0.53951 0.28593 -0.00590 0.82330 -0.00642 0.56754
1413393219555760384.000000000 -0.52693 0.55550 0.28906 -0.00622 0.82141 -0.00552 0.57028
1413393219655760640.000000000 -0.52372 0.56797 0.28955 -0.00634 0.81871 -0.00484 0.57415
1413393219755760384.000000000 -0.51936 0.57978 0.29818 -0.00460 0.81461 -0.00292 0.57999
1413393219855760640.000000000 -0.51302 0.58878 0.32209 -0.00106 0.81185 -0.00041 0.58387
1413393219955760384.000000000 -0.50611 0.59602 0.35684 0.00209 0.80998 0.00202 0.58645
1413393220055760384.000000000 -0.50139 0.60402 0.38676 0.00373 0.80832 0.00277 0.58873
1413393220155760640.000000000 -0.49802 0.61163 0.40932 0.00493 0.80763 0.00299 0.58966
1413393220255760384.000000000 -0.49610 0.62103 0.43340 0.00598 0.80690 0.00325 0.59065
1413393220355760640.000000000 -0.49614 0.63067 0.45739 0.00687 0.80631 0.00396 0.59144
1413393220455760384.000000000 -0.49598 0.64231 0.48327 0.00729 0.80697 0.00358 0.59054
1413393220555760384.000000000 -0.49954 0.65437 0.50595 0.00653 0.80962 0.00243 0.58691
1413393220655760640.000000000 -0.50264 0.66672 0.51934 0.00628 0.80989 0.00239 0.58654
1413393220755760384.000000000 -0.50573 0.67962 0.52128 0.00309 0.80989 -0.00059 0.58657
1413393220855760640.000000000 -0.50979 0.69215 0.51941 -0.00447 0.81267 -0.00629 0.58268
1413393220955760384.000000000 -0.51156 0.70219 0.52816 -0.00821 0.81435 -0.00835 0.58025
1413393221055760384.000000000 -0.51528 0.70895 0.54921 -0.00581 0.81461 -0.00933 0.57991
1413393221155760640.000000000 -0.51542 0.71328 0.57570 -0.00393 0.81597 -0.00981 0.57800
1413393221255760384.000000000 -0.51499 0.71426 0.60188 -0.00166 0.81805 -0.00921 0.57508
1413393221355760640.000000000 -0.51168 0.71341 0.62919 0.00198 0.82069 -0.00839 0.57131
1413393221455760384.000000000 -0.50553 0.71162 0.65784 0.00599 0.82217 -0.00613 0.56918
1413393221555760384.000000000 -0.49711 0.70941 0.67968 0.01014 0.82340 -0.00310 0.56737
1413393221655760640.000000000 -0.48753 0.70888 0.69815 0.01306 0.82304 -0.00043 0.56783
1413393221755760384.000000000 -0.47319 0.70828 0.71208 0.01284 0.81848 0.00027 0.57439
1413393221855760640.000000000 -0.45806 0.70996 0.72754 0.01228 0.81501 0.00223 0.57931
1413393221955760384.000000000 -0.44882 0.71243 0.74768 0.00947 0.81332 0.00223 0.58173
1413393222055760384.000000000 -0.43493 0.71561 0.75400 0.00820 0.81306 0.00235 0.58212
1413393222155760640.000000000 -0.42648 0.71743 0.75036 0.00629 0.81260 0.00342 0.58277
1413393222255760384.000000000 -0.41528 0.71982 0.73172 0.00490 0.81368 0.00436 0.58127
1413393222355760640.000000000 -0.40651 0.72241 0.70521 0.00492 0.81840 0.00512 0.57461
1413393222455760384.000000000 -0.39693 0.72513 0.68071 0.00513 0.82371 0.00676 0.56695
1413393222555760384.000000000 -0.38765 0.72765 0.66266 0.00101 0.82642 0.00564 0.56303
1413393222655760640.000000000 -0.37279 0.73144 0.65377 -0.00072 0.82836 0.00580 0.56016
1413393222755760384.000000000 -0.35143 0.73679 0.65541 -0.00171 0.82942 0.00712 0.55857
1413393222855760640.000000000 -0.32800 0.74130 0.66530 -0.00329 0.83215 0.00789 0.55449
1413393222955760384.000000000 -0.29788 0.74661 0.68397 -0.00591 0.83415 0.00931 0.55143
1413393223055760384.000000000 -0.26107 0.75201 0.70656 -0.00668 0.83206 0.01219 0.55451
1413393223155760640.000000000 -0.21979 0.75740 0.72906 -0.00685 0.82991 0.01456 0.55766
1413393223255760384.000000000 -0.17873 0.76289 0.75171 -0.00449 0.82810 0.01845 0.56026
1413393223355760640.000000000 -0.13303 0.77005 0.76755 -0.00428 0.82641 0.01995 0.56271
1413393223455760384.000000000 -0.08304 0.77788 0.76513 -0.00316 0.82395 0.02125 0.56625
1413393223555760384.000000000 -0.03418 0.78636 0.74182 -0.00278 0.82018 0.02108 0.57171
1413393223655760640.000000000 0.01545 0.79571 0.70285 -0.00064 0.81698 0.02014 0.57632
1413393223755760384.000000000 0.06333 0.80658 0.66469 0.00159 0.81600 0.01765 0.57779
1413393223855760640.000000000 0.11224 0.82031 0.63842 0.00344 0.81630 0.01442 0.57744
1413393223955760384.000000000 0.15860 0.83584 0.62793 0.00743 0.81659 0.01243 0.57704
1413393224055760384.000000000 0.20639 0.85426 0.62672 0.00838 0.81666 0.00904 0.57699
1413393224155760640.000000000 0.25777 0.87557 0.61971 0.00963 0.81579 0.00682 0.57822
1413393224255760384.000000000 0.29993 0.89730 0.60414 0.01182 0.81480 0.00603 0.57959
1413393224355760640.000000000 0.34883 0.92123 0.57855 0.01275 0.81360 0.00527 0.58125
1413393224455760384.000000000 0.39129 0.94530 0.54139 0.01428 0.81285 -0.00064 0.58230
1413393224555760384.000000000 0.43339 0.97038 0.49587 0.01565 0.81251 -0.01285 0.58259
1413393224655760640.000000000 0.47641 0.99567 0.44847 0.01866 0.81104 -0.02923 0.58396
1413393224755760384.000000000 0.50851 1.01821 0.40312 0.02283 0.81298 -0.04662 0.57998
1413393224855760640.000000000 0.53779 1.03938 0.36314 0.03066 0.81467 -0.06305 0.57566
1413393224955760384.000000000 0.56316 1.05834 0.33490 0.03746 0.81528 -0.07442 0.57304
1413393225055760384.000000000 0.58771 1.07503 0.32022 0.04514 0.81668 -0.07888 0.56988
1413393225155760640.000000000 0.61566 1.08888 0.31422 0.05099 0.81680 -0.08187 0.56880
1413393225255760384.000000000 0.64064 1.10262 0.30970 0.05286 0.81764 -0.08451 0.56703
1413393225355760640.000000000 0.67631 1.11346 0.30139 0.05560 0.81780 -0.08888 0.56587
1413393225455760384.000000000 0.70185 1.12214 0.30145 0.05838 0.81720 -0.10199 0.56424
1413393225555760384.000000000 0.72863 1.12653 0.30390 0.06429 0.81495 -0.12194 0.56290
1413393225655760640.000000000 0.76765 1.12386 0.29984 0.07440 0.81102 -0.14493 0.56188
1413393225755760384.000000000 0.79911 1.11504 0.30444 0.09271 0.80608 -0.16667 0.56024
1413393225855760640.000000000 0.82565 1.10165 0.31201 0.11797 0.79973 -0.18598 0.55851
1413393225955760384.000000000 0.84942 1.08678 0.30718 0.14499 0.79311 -0.20300 0.55565
1413393226055760384.000000000 0.87127 1.07217 0.28707 0.16796 0.78481 -0.22124 0.55400
1413393226155760640.000000000 0.89522 1.06115 0.26498 0.18046 0.77677 -0.24167 0.55286
1413393226255760384.000000000 0.92179 1.05272 0.25340 0.18773 0.77075 -0.25996 0.55057
1413393226355760640.000000000 0.95014 1.04442 0.25355 0.18848 0.76742 -0.27519 0.54755
1413393226455760384.000000000 0.97795 1.03495 0.25460 0.18695 0.76918 -0.28605 0.53999
1413393226555760384.000000000 1.00911 1.02510 0.24757 0.18353 0.77144 -0.29326 0.53403
1413393226655760640.000000000 1.04011 1.01277 0.23381 0.18291 0.77260 -0.29726 0.53035
1413393226755760384.000000000 1.07345 0.99646 0.21983 0.19208 0.77148 -0.29032 0.53258
1413393226855760640.000000000 1.10878 0.97857 0.20929 0.19897 0.77164 -0.28294 0.53379
1413393226955760384.000000000 1.14540 0.96083 0.20043 0.20372 0.77260 -0.27754 0.53344
1413393227055760384.000000000 1.18694 0.94328 0.19271 0.20336 0.77278 -0.27471 0.53478
1413393227155760640.000000000 1.22732 0.92819 0.18665 0.20030 0.77059 -0.27505 0.53891
1413393227255760384.000000000 1.27343 0.91316 0.18303 0.19404 0.76801 -0.27782 0.54344
1413393227355760640.000000000 1.31467 0.89903 0.18116 0.19125 0.76675 -0.28039 0.54488
1413393227455760384.000000000 1.35309 0.88509 0.18116 0.18857 0.76642 -0.28363 0.54461
1413393227555760384.000000000 1.39407 0.86974 0.18290 0.18857 0.76446 -0.28671 0.54574
1413393227655760640.000000000 1.42893 0.85351 0.18409 0.19150 0.76094 -0.29360 0.54599
1413393227755760384.000000000 1.46481 0.83398 0.18499 0.19743 0.75687 -0.30478 0.54339
1413393227855760640.000000000 1.49592 0.81285 0.18286 0.20531 0.75073 -0.31908 0.54077
1413393227955760384.000000000 1.52289 0.79004 0.18035 0.21572 0.74266 -0.33539 0.53800
1413393228055760384.000000000 1.54610 0.76418 0.17634 0.22934 0.73346 -0.35397 0.53306
1413393228155760640.000000000 1.56768 0.73600 0.17231 0.24396 0.72456 -0.37304 0.52568
1413393228255760384.000000000 1.59045 0.70516 0.16893 0.25764 0.71770 -0.38904 0.51688
1413393228355760640.000000000 1.61245 0.67262 0.16730 0.27008 0.71167 -0.40087 0.50978
1413393228455760384.000000000 1.63406 0.63856 0.16733 0.28267 0.70425 -0.41339 0.50323
1413393228555760384.000000000 1.65334 0.60526 0.16834 0.29388 0.69492 -0.42489 0.50019
1413393228655760640.000000000 1.67132 0.57336 0.16903 0.30114 0.68799 -0.43714 0.49487
1413393228755760384.000000000 1.68997 0.54140 0.17013 0.30618 0.68425 -0.44567 0.48933
1413393228855760640.000000000 1.71001 0.50812 0.16987 0.30367 0.68337 -0.45436 0.48410
1413393228955760384.000000000 1.73036 0.47243 0.16759 0.30044 0.68412 -0.46034 0.47937
1413393229055760384.000000000 1.75013 0.43446 0.16450 0.30698 0.68610 -0.45749 0.47511
1413393229155760640.000000000 1.77073 0.39381 0.15819 0.31552 0.68734 -0.45107 0.47386
1413393229255760384.000000000 1.79341 0.35275 0.14939 0.32195 0.68906 -0.44479 0.47298
1413393229355760640.000000000 1.81954 0.31214 0.13658 0.32553 0.68892 -0.44058 0.47466
1413393229455760384.000000000 1.84961 0.27142 0.12186 0.32269 0.68577 -0.44050 0.48120
1413393229555760384.000000000 1.88276 0.22940 0.10669 0.31401 0.68254 -0.44414 0.48813
1413393229655760640.000000000 1.91539 0.18922 0.09360 0.30379 0.68178 -0.44988 0.49041
1413393229755760384.000000000 1.94885 0.14274 0.08210 0.29722 0.68462 -0.45281 0.48777
1413393229855760640.000000000 1.97885 0.09679 0.07472 0.29134 0.68969 -0.45544 0.48169
1413393229955760384.000000000 2.00636 0.04975 0.07240 0.28903 0.69365 -0.45558 0.47724
1413393230055760384.000000000 2.03695 -0.00699 0.07378 0.29678 0.69677 -0.44830 0.47482
1413393230155760640.000000000 2.06873 -0.06699 0.07648 0.30561 0.69799 -0.44003 0.47517
1413393230255760384.000000000 2.10743 -0.13253 0.07421 0.31042 0.69849 -0.43399 0.47686
1413393230355760640.000000000 2.14824 -0.19681 0.06848 0.30850 0.69691 -0.43296 0.48135
1413393230455760384.000000000 2.18965 -0.26015 0.06051 0.30438 0.69397 -0.43572 0.48571
1413393230555760384.000000000 2.23016 -0.32324 0.05321 0.30148 0.68894 -0.44467 0.48655
1413393230655760640.000000000 2.27096 -0.39100 0.04861 0.30219 0.68080 -0.45858 0.48465
1413393230755760384.000000000 2.30690 -0.45812 0.05130 0.30797 0.67025 -0.47397 0.48090
1413393230855760640.000000000 2.34380 -0.53519 0.05480 0.31697 0.65906 -0.48977 0.47466
1413393230955760384.000000000 2.37370 -0.61158 0.06208 0.33284 0.64955 -0.50259 0.46336
1413393231055760384.000000000 2.40476 -0.69378 0.07200 0.35193 0.64394 -0.50978 0.44901
1413393231155760640.000000000 2.43465 -0.77295 0.08359 0.36729 0.63933 -0.51340 0.43906
1413393231255760384.000000000 2.47197 -0.85690 0.09516 0.37519 0.63580 -0.51772 0.43239
1413393231355760640.000000000 2.51285 -0.93888 0.10193 0.37612 0.63016 -0.52323 0.43319
1413393231455760384.000000000 2.55731 -1.02108 0.09841 0.37394 0.62222 -0.52812 0.44058
1413393231555760384.000000000 2.60095 -1.09947 0.08853 0.37536 0.60992 -0.52809 0.45631
1413393231655760640.000000000 2.64229 -1.17339 0.07107 0.37832 0.59898 -0.52702 0.46942
1413393231755760384.000000000 2.67697 -1.23817 0.05101 0.38065 0.59446 -0.53052 0.46934
1413393231855760640.000000000 2.70551 -1.29555 0.03382 0.37750 0.59053 -0.54119 0.46463
1413393231955760384.000000000 2.72830 -1.35080 0.02185 0.37241 0.58495 -0.55750 0.45645
1413393232055760384.000000000 2.74087 -1.40101 0.01290 0.37367 0.57757 -0.57199 0.44679
1413393232155760640.000000000 2.74475 -1.45073 0.00938 -0.38189 -0.56931 0.58386 -0.43491
1413393232255760384.000000000 2.74337 -1.50249 0.00596 -0.39634 -0.55956 0.59276 -0.42243
1413393232355760640.000000000 2.73831 -1.55616 -0.00363 -0.40754 -0.54651 0.60444 -0.41219
1413393232455760384.000000000 2.72777 -1.60694 -0.01988 -0.41519 -0.53435 0.61762 -0.40080
1413393232555760384.000000000 2.71385 -1.65802 -0.04248 -0.42119 -0.52272 0.62936 -0.39149
1413393232655760640.000000000 2.69667 -1.70872 -0.07056 -0.42560 -0.51425 0.63692 -0.38568
1413393232755760384.000000000 2.67529 -1.76017 -0.09629 -0.42996 -0.50918 0.64068 -0.38131
1413393232855760640.000000000 2.64990 -1.81417 -0.11947 -0.43287 -0.50630 0.64289 -0.37812
1413393232955760384.000000000 2.62072 -1.87027 -0.13994 -0.43558 -0.50807 0.64298 -0.37244
1413393233055760384.000000000 2.58885 -1.92871 -0.15316 -0.43860 -0.51251 0.64093 -0.36630
1413393233155760640.000000000 2.55584 -1.98778 -0.15796 -0.43969 -0.51570 0.63996 -0.36217
1413393233255760384.000000000 2.52256 -2.04744 -0.15250 -0.44547 -0.51478 0.63744 -0.36086
1413393233355760640.000000000 2.48920 -2.10702 -0.13754 -0.45589 -0.50816 0.63554 -0.36058
1413393233455760384.000000000 2.45658 -2.16473 -0.11550 -0.46627 -0.49481 0.63790 -0.36171
1413393233555760384.000000000 2.42469 -2.22118 -0.08586 -0.47471 -0.48238 0.64432 -0.35612
1413393233655760640.000000000 2.39369 -2.27420 -0.05283 -0.48012 -0.47293 0.65559 -0.34063
1413393233755760384.000000000 2.36420 -2.32568 -0.01205 -0.48697 -0.46188 0.66688 -0.32371
1413393233855760640.000000000 2.33809 -2.37538 0.03506 -0.49773 -0.44721 0.67223 -0.31681
1413393233955760384.000000000 2.31474 -2.42318 0.08112 0.50690 0.43140 -0.67655 0.31500
1413393234055760384.000000000 2.29457 -2.46761 0.12524 0.50837 0.41404 -0.68737 0.31249
1413393234155760640.000000000 2.27599 -2.50787 0.16559 0.50750 0.39938 -0.70006 0.30473
1413393234255760384.000000000 2.25727 -2.54638 0.19799 0.51136 0.38086 -0.70695 0.30608
1413393234355760640.000000000 2.23743 -2.57927 0.22244 0.52040 0.35133 -0.70875 0.32158
1413393234455760384.000000000 2.21450 -2.60244 0.24010 0.52820 0.32345 -0.71113 0.33268
1413393234555760384.000000000 2.18817 -2.61018 0.25334 0.53747 0.30607 -0.71417 0.32773
1413393234655760640.000000000 2.15673 -2.60185 0.27287 0.55424 0.30704 -0.71561 0.29402
1413393234755760384.000000000 2.12810 -2.57831 0.31036 0.56435 0.31378 -0.72146 0.25011
1413393234855760640.000000000 2.10622 -2.54738 0.35167 0.56138 0.31322 -0.73512 0.21529
1413393234955760384.000000000 2.08977 -2.51684 0.37821 0.55628 0.29631 -0.74958 0.20218
1413393235055760384.000000000 2.07772 -2.48635 0.38317 0.55237 0.26993 -0.76276 0.20054
1413393235155760640.000000000 2.06755 -2.45522 0.36764 0.55165 0.24398 -0.77328 0.19542
1413393235255760384.000000000 2.05556 -2.42413 0.34237 0.55541 0.22907 -0.78005 0.17485
1413393235355760640.000000000 2.04300 -2.39390 0.31747 0.55699 0.22164 -0.78652 0.14839
1413393235455760384.000000000 2.02962 -2.36842 0.29594 0.55418 0.21752 -0.79312 0.12859
1413393235555760384.000000000 2.01388 -2.35095 0.27873 0.55527 0.21791 -0.79503 0.11011
1413393235655760640.000000000 1.99734 -2.34293 0.26518 0.56509 0.21898 -0.79022 0.09095
1413393235755760384.000000000 1.98357 -2.34817 0.25316 0.57274 0.21372 -0.78673 0.08568
1413393235855760640.000000000 1.97511 -2.36611 0.24435 0.57560 0.20014 -0.78672 0.09853
1413393235955760384.000000000 1.97001 -2.38982 0.23836 0.57603 0.17867 -0.78853 0.12036
1413393236055760384.000000000 1.96784 -2.41250 0.23602 0.57850 0.15809 -0.78930 0.13171
1413393236155760640.000000000 1.96585 -2.43113 0.23863 0.57970 0.13862 -0.79200 0.13216
1413393236255760384.000000000 1.96782 -2.44266 0.24542 0.57941 0.12675 -0.79710 0.11337
1413393236355760640.000000000 1.97250 -2.45016 0.25464 0.58034 0.11576 -0.80135 0.08749
1413393236455760384.000000000 1.97697 -2.45892 0.26604 0.57972 0.09800 -0.80568 0.07219
1413393236555760384.000000000 1.97961 -2.46912 0.27772 0.57315 0.07795 -0.81350 0.06034
1413393236655760640.000000000 1.97905 -2.48174 0.28726 0.56155 0.05840 -0.82389 0.04963
1413393236755760384.000000000 1.97386 -2.49642 0.28765 0.55808 0.03900 -0.82756 0.04649
1413393236855760640.000000000 1.96223 -2.51051 0.28010 0.56138 0.02002 -0.82596 0.04733
1413393236955760384.000000000 1.94387 -2.52033 0.27790 0.56830 0.01136 -0.82167 0.04199
1413393237055760384.000000000 1.92071 -2.52597 0.29052 0.57636 0.01271 -0.81649 0.03146
1413393237155760640.000000000 1.89555 -2.52892 0.31377 0.58351 0.02115 -0.81167 0.01641
1413393237255760384.000000000 1.86732 -2.53194 0.33023 0.58798 0.03144 -0.80825 0.00429
1413393237355760640.000000000 1.84210 -2.54049 0.33376 0.58734 0.03807 -0.80844 -0.00224
1413393237455760384.000000000 1.81767 -2.55580 0.32392 0.58863 0.03977 -0.80742 0.00012
1413393237555760384.000000000 1.79939 -2.57447 0.31220 0.58876 0.03324 -0.80747 0.01592
1413393237655760640.000000000 1.78190 -2.59527 0.30192 0.58654 0.02472 -0.80882 0.03422
1413393237755760384.000000000 1.76126 -2.61654 0.29338 0.58360 0.02018 -0.81044 0.04691
1413393237855760640.000000000 1.74053 -2.63366 0.28754 0.57983 0.02140 -0.81292 0.05003
1413393237955760384.000000000 1.72028 -2.64576 0.28319 0.57593 0.02633 -0.81579 0.04574
1413393238055760384.000000000 1.70098 -2.65412 0.27570 0.56906 0.03711 -0.82086 0.03127
1413393238155760640.000000000 1.67750 -2.66356 0.27223 0.56549 0.04269 -0.82339 0.02053
1413393238255760384.000000000 1.65063 -2.67482 0.27222 0.56441 0.04485 -0.82417 0.01326
1413393238355760640.000000000 1.61836 -2.69136 0.28185 0.56313 0.04238 -0.82523 0.00935
1413393238455760384.000000000 1.57936 -2.71119 0.30051 0.56559 0.03661 -0.82378 0.01203
1413393238555760384.000000000 1.53884 -2.73284 0.31799 0.56998 0.02305 -0.82093 0.02603
1413393238655760640.000000000 1.50483 -2.75042 0.33181 0.57408 0.00811 -0.81764 0.04277
1413393238755760384.000000000 1.46615 -2.76501 0.33410 0.57596 -0.00178 -0.81572 0.05346
1413393238855760640.000000000 1.42168 -2.77456 0.33173 0.57767 -0.00292 -0.81458 0.05235
1413393238955760384.000000000 1.37190 -2.77857 0.32646 0.57851 0.00518 -0.81474 0.03861
1413393239055760384.000000000 1.32811 -2.77626 0.33355 0.57953 0.01572 -0.81453 0.02104
1413393239155760640.000000000 1.28305 -2.77517 0.33946 0.58010 0.02224 -0.81418 0.00955
1413393239255760384.000000000 1.23734 -2.77657 0.34407 0.58012 0.02582 -0.81411 0.00354
1413393239355760640.000000000 1.19298 -2.78032 0.34826 0.57874 0.02745 -0.81505 0.00022
1413393239455760384.000000000 1.14707 -2.78776 0.35224 0.57771 0.02633 -0.81581 0.00027
1413393239555760384.000000000 1.10515 -2.79838 0.36201 0.57731 0.02661 -0.81609 0.00012
1413393239655760640.000000000 1.05613 -2.81498 0.37024 0.57662 0.01982 -0.81669 0.01185
1413393239755760384.000000000 1.00608 -2.83212 0.37975 0.57615 0.00690 -0.81670 0.03153
1413393239855760640.000000000 0.95312 -2.84606 0.39093 0.57403 0.00146 -0.81786 0.03980
1413393239955760384.000000000 0.89745 -2.85558 0.40038 0.57290 0.00427 -0.81880 0.03654
1413393240055760384.000000000 0.84096 -2.86110 0.41121 0.57555 0.01167 -0.81723 0.02719
1413393240155760640.000000000 0.78563 -2.86530 0.42335 0.57973 0.02192 -0.81439 0.01382
1413393240255760384.000000000 0.72779 -2.87104 0.42902 0.58078 0.02811 -0.81354 0.00723
1413393240355760640.000000000 0.67093 -2.87958 0.42489 0.58035 0.02718 -0.81385 0.01017
1413393240455760384.000000000 0.61605 -2.88998 0.41121 0.58111 0.02171 -0.81331 0.01913
1413393240555760384.000000000 0.55806 -2.90049 0.39342 0.58138 0.01452 -0.81297 0.02956
1413393240655760640.000000000 0.50403 -2.90844 0.38359 0.58121 0.01047 -0.81298 0.03391
1413393240755760384.000000000 0.44040 -2.91336 0.39150 0.58244 0.01122 -0.81229 0.02869
1413393240855760640.000000000 0.38199 -2.91659 0.40579 0.58754 0.01494 -0.80884 0.01893
1413393240955760384.000000000 0.32469 -2.91960 0.41106 0.59520 0.01523 -0.80333 0.01283
1413393241055760384.000000000 0.26934 -2.92298 0.40357 0.60166 0.01352 -0.79857 0.01057
1413393241155760640.000000000 0.22190 -2.92565 0.37827 0.60230 0.00510 -0.79806 0.01780
1413393241255760384.000000000 0.17912 -2.92864 0.34945 0.59898 -0.00401 -0.80031 0.02663
1413393241355760640.000000000 0.13931 -2.92831 0.32167 0.58843 -0.00875 -0.80799 0.02881
1413393241455760384.000000000 0.10204 -2.92365 0.29721 0.57979 -0.00941 -0.81431 0.02552
1413393241555760384.000000000 0.06268 -2.91555 0.27761 0.57962 -0.00412 -0.81472 0.01570
1413393241655760640.000000000 0.02285 -2.90593 0.26098 0.58410 0.00244 -0.81166 0.00583
1413393241755760384.000000000 -0.01688 -2.89745 0.24500 0.58662 0.00702 -0.80983 -0.00059
1413393241855760640.000000000 -0.05411 -2.89145 0.23076 0.58498 0.01076 -0.81097 -0.00356
1413393241955760384.000000000 -0.09271 -2.88924 0.21878 0.58956 0.01365 -0.80760 -0.00427
1413393242055760384.000000000 -0.12798 -2.89135 0.20945 0.59562 0.01602 -0.80310 -0.00306
1413393242155760640.000000000 -0.16342 -2.89701 0.20176 0.60375 0.01694 -0.79699 0.00073
1413393242255760384.000000000 -0.19193 -2.90660 0.19672 0.61206 0.01591 -0.79062 0.00679
1413393242355760640.000000000 -0.20787 -2.91725 0.19537 0.61195 0.01294 -0.79068 0.01326
1413393242455760384.000000000 -0.21755 -2.92821 0.19311 0.60049 0.00622 -0.79922 0.02496
1413393242555760384.000000000 -0.22426 -2.93734 0.18996 0.58408 -0.00085 -0.81086 0.03681
1413393242655760640.000000000 -0.22725 -2.94107 0.19120 0.57385 -0.00378 -0.81787 0.04199
1413393242755760384.000000000 -0.23359 -2.93906 0.19568 0.57225 -0.00683 -0.81865 0.04781
1413393242855760640.000000000 -0.24285 -2.93118 0.20415 0.57454 -0.00069 -0.81702 0.04877
1413393242955760384.000000000 -0.25787 -2.91891 0.21241 0.57529 0.01976 -0.81676 0.03954
1413393243055760384.000000000 -0.27394 -2.90570 0.22258 0.57166 0.04217 -0.81856 0.03727
1413393243155760640.000000000 -0.29079 -2.89413 0.23580 0.56886 0.06365 -0.81877 0.04436
1413393243255760384.000000000 -0.31122 -2.88515 0.25132 0.57741 0.08363 -0.81018 0.05665
1413393243355760640.000000000 -0.33204 -2.87724 0.26170 0.58750 0.09810 -0.80037 0.06798
1413393243455760384.000000000 -0.35140 -2.86938 0.26277 0.59387 0.10767 -0.79364 0.07651
1413393243555760384.000000000 -0.36859 -2.86204 0.25304 0.59630 0.11406 -0.79023 0.08335
1413393243655760640.000000000 -0.38146 -2.85453 0.23788 0.59527 0.11902 -0.78991 0.08675
1413393243755760384.000000000 -0.38908 -2.84709 0.22461 0.59103 0.12326 -0.79235 0.08762
1413393243855760640.000000000 -0.39226 -2.84010 0.21528 0.58791 0.12528 -0.79424 0.08860
1413393243955760384.000000000 -0.39138 -2.83322 0.21007 0.58727 0.12668 -0.79451 0.08843
1413393244055760384.000000000 -0.38832 -2.82868 0.20756 0.58749 0.12780 -0.79431 0.08716
1413393244155760640.000000000 -0.38206 -2.82485 0.20869 0.58678 0.12997 -0.79462 0.08583
1413393244255760384.000000000 -0.37244 -2.82517 0.20975 0.58539 0.13690 -0.79401 0.09019
1413393244355760640.000000000 -0.36030 -2.82933 0.21016 0.58230 0.14939 -0.79314 0.09765
1413393244455760384.000000000 -0.34360 -2.83577 0.20868 0.58322 0.15837 -0.78934 0.10826
1413393244555760384.000000000 -0.32462 -2.84295 0.19554 0.58303 0.16358 -0.78685 0.11908
1413393244655760640.000000000 -0.30382 -2.84986 0.17471 0.58017 0.16741 -0.78682 0.12765
1413393244755760384.000000000 -0.27941 -2.85509 0.16025 0.57823 0.16853 -0.78673 0.13527
1413393244855760640.000000000 -0.25159 -2.85753 0.15438 0.57522 0.16629 -0.78791 0.14375
1413393244955760384.000000000 -0.22747 -2.85824 0.16780 0.57501 0.16516 -0.78781 0.14645
1413393245055760384.000000000 -0.20591 -2.85499 0.18855 0.57048 0.16789 -0.79150 0.14104
1413393245155760640.000000000 -0.18386 -2.84851 0.20047 0.56330 0.17024 -0.79703 0.13584
1413393245255760384.000000000 -0.16307 -2.84025 0.20281 0.55792 0.17213 -0.80116 0.13125
1413393245355760640.000000000 -0.14711 -2.83289 0.19856 0.55806 0.17450 -0.80129 0.12672
1413393245455760384.000000000 -0.12900 -2.82626 0.18071 0.56195 0.17661 -0.79872 0.12271
1413393245555760384.000000000 -0.11273 -2.82161 0.16045 0.56710 0.17814 -0.79526 0.11922
1413393245655760640.000000000 -0.09641 -2.81917 0.13813 0.57237 0.17875 -0.79188 0.11561
1413393245755760384.000000000 -0.07850 -2.81821 0.12082 0.57388 0.17842 -0.79151 0.11104
1413393245855760640.000000000 -0.06025 -2.82082 0.10403 0.57293 0.17397 -0.79324 0.11071
1413393245955760384.000000000 -0.04066 -2.82508 0.08994 0.56875 0.16596 -0.79721 0.11596
1413393246055760384.000000000 -0.01812 -2.82932 0.07802 0.56095 0.15500 -0.80329 0.12663
1413393246155760640.000000000 0.00019 -2.83213 0.06661 0.55378 0.14687 -0.80842 0.13492
1413393246255760384.000000000 0.01247 -2.83340 0.05828 0.55528 0.15209 -0.80584 0.13841
1413393246355760640.000000000 0.01935 -2.83257 0.05225 0.56251 0.17132 -0.79741 0.13554
1413393246455760384.000000000 0.02444 -2.83169 0.04647 0.57056 0.18785 -0.78780 0.13616
1413393246555760384.000000000 0.03135 -2.82926 0.04017 0.57498 0.19914 -0.78122 0.13939
1413393246655760640.000000000 0.04016 -2.82709 0.03268 0.57295 0.20720 -0.78026 0.14137
1413393246755760384.000000000 0.05149 -2.82520 0.02504 0.57085 0.21195 -0.78028 0.14270
1413393246855760640.000000000 0.06154 -2.82556 0.01814 0.57085 0.21495 -0.77935 0.14330
1413393246955760384.000000000 0.07760 -2.82520 0.00493 0.57323 0.21733 -0.77640 0.14621
1413393247055760384.000000000 0.09364 -2.82778 -0.01018 0.57277 0.21981 -0.77565 0.14829
1413393247155760640.000000000 0.11472 -2.83243 -0.03040 0.57103 0.22158 -0.77583 0.15136
1413393247255760384.000000000 0.13716 -2.83860 -0.05443 0.56186 0.22211 -0.78137 0.15634
1413393247355760640.000000000 0.15860 -2.84598 -0.08117 0.54678 0.22281 -0.79109 0.15988
1413393247455760384.000000000 0.17591 -2.85456 -0.10706 0.53539 0.22278 -0.79787 0.16470
1413393247555760384.000000000 0.18629 -2.86385 -0.13086 0.52869 0.22122 -0.80154 0.17052
1413393247655760640.000000000 0.18774 -2.87325 -0.15275 0.52420 0.21943 -0.80334 0.17808
1413393247755760384.000000000 0.17965 -2.88264 -0.17384 0.52427 0.21972 -0.80192 0.18384
1413393247855760640.000000000 0.16303 -2.89108 -0.19378 0.52437 0.21874 -0.80033 0.19148
1413393247955760384.000000000 0.13861 -2.89791 -0.20805 0.54333 0.21768 -0.78577 0.19994
1413393248055760384.000000000 0.10898 -2.89914 -0.22082 0.56302 0.22132 -0.77084 0.19959
1413393248155760640.000000000 0.08178 -2.89298 -0.23601 0.57231 0.22604 -0.76366 0.19541
1413393248255760384.000000000 0.05716 -2.88077 -0.24902 0.57142 0.23074 -0.76454 0.18896
1413393248355760640.000000000 0.03576 -2.86398 -0.25791 0.56761 0.23414 -0.76795 0.18236
1413393248455760384.000000000 0.01918 -2.84345 -0.26354 0.57271 0.23207 -0.76521 0.18057
1413393248555760384.000000000 0.00669 -2.82070 -0.26480 0.58174 0.22639 -0.75955 0.18278
1413393248655760640.000000000 -0.00225 -2.79593 -0.25895 0.58708 0.22212 -0.75650 0.18360
1413393248755760384.000000000 -0.00406 -2.76608 -0.25022 0.58418 0.22161 -0.76038 0.17734
1413393248855760640.000000000 -0.00035 -2.73398 -0.23774 0.57414 0.22258 -0.76984 0.16782
1413393248955760384.000000000 0.00728 -2.70391 -0.22082 0.55645 0.22291 -0.78477 0.15752
1413393249055760384.000000000 0.01270 -2.68044 -0.20506 0.54556 0.22104 -0.79429 0.15037
1413393249155760640.000000000 0.01424 -2.67686 -0.18068 0.54409 0.21645 -0.79740 0.14583
1413393249255760384.000000000 -0.00637 -2.67835 -0.17228 0.54926 0.21249 -0.79541 0.14312
1413393249355760640.000000000 -0.01305 -2.66343 -0.17432 0.55390 0.21106 -0.79291 0.14120
1413393249455760384.000000000 -0.02034 -2.64903 -0.17646 0.55793 0.21443 -0.79013 0.13575
1413393249555760384.000000000 -0.02688 -2.63723 -0.18111 0.56166 0.22381 -0.78657 0.12553
1413393249655760640.000000000 -0.03203 -2.63116 -0.18937 0.56621 0.23252 -0.78175 0.11917
1413393249755760384.000000000 -0.03362 -2.63240 -0.20237 0.56743 0.23138 -0.77995 0.12715
1413393249855760640.000000000 -0.03280 -2.63994 -0.22019 0.56862 0.22790 -0.77839 0.13725
1413393249955760384.000000000 -0.02880 -2.64998 -0.23806 0.56800 0.22644 -0.77803 0.14409
1413393250055760384.000000000 -0.02161 -2.66167 -0.25438 0.56129 0.22559 -0.78296 0.14504
1413393250155760640.000000000 -0.01326 -2.67508 -0.26758 0.55553 0.22495 -0.78746 0.14383
1413393250255760384.000000000 -0.00679 -2.69458 -0.28051 0.55568 0.22173 -0.78817 0.14440
1413393250355760640.000000000 -0.00102 -2.71821 -0.29248 0.56086 0.21680 -0.78577 0.14487
1413393250455760384.000000000 0.00490 -2.74441 -0.30336 0.56787 0.20847 -0.78172 0.15159
1413393250555760384.000000000 0.01206 -2.77083 -0.31245 0.57536 0.19813 -0.77637 0.16418
1413393250655760640.000000000 0.02248 -2.79387 -0.32135 0.57717 0.19340 -0.77486 0.17048
1413393250755760384.000000000 0.03422 -2.81238 -0.32872 0.57250 0.19333 -0.77802 0.17190
1413393250855760640.000000000 0.04691 -2.82627 -0.33534 0.56141 0.19486 -0.78580 0.17140
1413393250955760384.000000000 0.05808 -2.83751 -0.33918 0.55436 0.19792 -0.79129 0.16546
1413393251055760384.000000000 0.06596 -2.84578 -0.33999 0.55172 0.19561 -0.79559 0.15615
1413393251155760640.000000000 0.06975 -2.85174 -0.33684 0.55689 0.18352 -0.79692 0.14530
1413393251255760384.000000000 0.07103 -2.85455 -0.33144 0.56627 0.16231 -0.79738 0.13105
1413393251355760640.000000000 0.07035 -2.85639 -0.32519 0.57654 0.13670 -0.79753 0.11336
1413393251455760384.000000000 0.07148 -2.85521 -0.31645 0.58686 0.10905 -0.79665 0.09516
1413393251555760384.000000000 0.07416 -2.85298 -0.30647 0.59718 0.08218 -0.79422 0.07641
1413393251655760640.000000000 0.08141 -2.84886 -0.29373 0.60584 0.05679 -0.79132 0.05955
1413393251755760384.000000000 0.09415 -2.84289 -0.28005 0.61073 0.03329 -0.79003 0.04197
1413393251855760640.000000000 0.11158 -2.83685 -0.26499 0.60572 0.01072 -0.79524 0.02419
1413393251955760384.000000000 0.13502 -2.82888 -0.25086 0.59116 -0.00969 -0.80648 0.00521
1413393252055760384.000000000 0.15791 -2.82189 -0.23243 0.58021 -0.02693 -0.81387 -0.01602
1413393252155760640.000000000 0.18177 -2.81672 -0.21255 0.57620 -0.04743 -0.81537 -0.03015
1413393252255760384.000000000 0.20339 -2.81250 -0.19274 0.57562 -0.06832 -0.81373 -0.04281
1413393252355760640.000000000 0.22238 -2.80962 -0.17368 0.57645 -0.08788 -0.81048 -0.05573
1413393252455760384.000000000 0.24058 -2.80713 -0.15833 0.57230 -0.11051 -0.80998 -0.06473
1413393252555760384.000000000 0.25634 -2.80447 -0.15075 0.56986 -0.12777 -0.80876 -0.06951
1413393252655760640.000000000 0.26835 -2.80003 -0.15123 0.56968 -0.13707 -0.80681 -0.07569
1413393252755760384.000000000 0.27820 -2.79445 -0.15758 0.56949 -0.14411 -0.80474 -0.08549
1413393252855760640.000000000 0.28636 -2.78811 -0.16263 0.57030 -0.14999 -0.80150 -0.09930
1413393252955760384.000000000 0.29303 -2.78232 -0.16441 0.57170 -0.15477 -0.79788 -0.11222
1413393253055760384.000000000 0.29759 -2.77859 -0.16245 0.56923 -0.15747 -0.79753 -0.12302
1413393253155760640.000000000 0.29967 -2.77908 -0.15983 0.56121 -0.16218 -0.80169 -0.12664
1413393253255760384.000000000 0.29827 -2.78259 -0.15837 0.55131 -0.17001 -0.80755 -0.12255
1413393253355760640.000000000 0.29180 -2.78600 -0.15440 0.54554 -0.17504 -0.81114 -0.11752
1413393253455760384.000000000 0.27722 -2.78916 -0.14943 0.54603 -0.17912 -0.81043 -0.11390
1413393253555760384.000000000 0.25700 -2.79006 -0.14091 0.54999 -0.18077 -0.80752 -0.11289
1413393253655760640.000000000 0.23191 -2.78920 -0.12816 0.55818 -0.17852 -0.80222 -0.11404
1413393253755760384.000000000 0.20347 -2.78686 -0.11345 0.56411 -0.17470 -0.79861 -0.11609
1413393253855760640.000000000 0.17403 -2.78403 -0.09834 0.56640 -0.17594 -0.79651 -0.11754
1413393253955760384.000000000 0.14311 -2.78080 -0.08250 0.56627 -0.18211 -0.79477 -0.12049
1413393254055760384.000000000 0.11087 -2.77622 -0.06355 0.56589 -0.19263 -0.79179 -0.12541
1413393254155760640.000000000 0.07850 -2.77080 -0.04256 0.56558 -0.20641 -0.78728 -0.13302
1413393254255760384.000000000 0.04650 -2.76393 -0.01975 0.56435 -0.22166 -0.78230 -0.14278
1413393254355760640.000000000 0.01566 -2.75670 0.00566 0.55997 -0.23042 -0.77991 -0.15835
1413393254455760384.000000000 -0.01547 -2.75041 0.03145 0.55007 -0.23530 -0.78245 -0.17269
1413393254555760384.000000000 -0.05010 -2.74625 0.05719 0.54217 -0.24081 -0.78466 -0.17990
1413393254655760640.000000000 -0.08896 -2.74440 0.08142 0.53933 -0.24797 -0.78456 -0.17917
1413393254755760384.000000000 -0.13328 -2.74439 0.10771 0.54838 -0.25185 -0.77737 -0.17762
1413393254855760640.000000000 -0.18017 -2.74395 0.13270 0.55601 -0.25232 -0.77222 -0.17571
1413393254955760384.000000000 -0.22519 -2.74590 0.15463 0.56194 -0.25184 -0.76840 -0.17423
1413393255055760384.000000000 -0.26929 -2.74747 0.17407 0.56472 -0.25133 -0.76717 -0.17139
1413393255155760640.000000000 -0.31105 -2.74937 0.19133 0.56841 -0.25347 -0.76519 -0.16477
1413393255255760384.000000000 -0.34920 -2.75019 0.20546 0.57115 -0.25641 -0.76378 -0.15709
1413393255355760640.000000000 -0.38335 -2.74897 0.21608 0.57181 -0.25819 -0.76367 -0.15222
1413393255455760384.000000000 -0.41276 -2.74465 0.22379 0.57250 -0.25942 -0.76316 -0.15011
1413393255555760384.000000000 -0.43892 -2.73739 0.23324 0.57168 -0.26060 -0.76310 -0.15147
1413393255655760640.000000000 -0.46232 -2.72654 0.24194 0.56908 -0.26191 -0.76381 -0.15538
1413393255755760384.000000000 -0.48282 -2.71306 0.24907 0.56375 -0.26392 -0.76623 -0.15947
1413393255855760640.000000000 -0.49962 -2.69704 0.25332 0.55578 -0.26634 -0.77022 -0.16408
1413393255955760384.000000000 -0.51828 -2.67949 0.25717 0.54732 -0.26421 -0.77495 -0.17344
1413393256055760384.000000000 -0.53675 -2.66038 0.25869 0.54310 -0.26174 -0.77685 -0.18174
1413393256155760640.000000000 -0.55779 -2.64140 0.25545 0.54171 -0.26191 -0.77673 -0.18611
1413393256255760384.000000000 -0.58138 -2.62304 0.25121 0.54156 -0.26472 -0.77613 -0.18509
1413393256355760640.000000000 -0.60782 -2.60481 0.24689 0.54155 -0.26783 -0.77594 -0.18139
1413393256455760384.000000000 -0.63782 -2.58503 0.24739 0.54110 -0.27255 -0.77619 -0.17455
1413393256555760384.000000000 -0.66954 -2.56208 0.25396 0.54175 -0.27483 -0.77627 -0.16849
1413393256655760640.000000000 -0.70403 -2.53584 0.26537 0.54182 -0.26749 -0.77774 -0.17319
1413393256755760384.000000000 -0.74263 -2.50814 0.27429 0.54196 -0.25994 -0.77912 -0.17797
1413393256855760640.000000000 -0.78347 -2.48021 0.27211 0.54337 -0.25393 -0.77957 -0.18041
1413393256955760384.000000000 -0.82488 -2.45467 0.26234 0.54592 -0.25294 -0.77909 -0.17608
1413393257055760384.000000000 -0.86756 -2.43008 0.24868 0.54864 -0.25298 -0.77819 -0.17151
1413393257155760640.000000000 -0.91044 -2.40551 0.23491 0.55084 -0.25436 -0.77716 -0.16705
1413393257255760384.000000000 -0.95382 -2.38060 0.22056 0.55118 -0.25537 -0.77701 -0.16507
1413393257355760640.000000000 -0.99813 -2.35533 0.20931 0.55277 -0.25530 -0.77581 -0.16550
1413393257455760384.000000000 -1.04074 -2.32915 0.19553 0.55262 -0.25591 -0.77557 -0.16616
1413393257555760384.000000000 -1.08620 -2.30081 0.18452 0.55309 -0.25796 -0.77455 -0.16621
1413393257655760640.000000000 -1.12993 -2.27146 0.17008 0.55434 -0.26122 -0.77259 -0.16606
1413393257755760384.000000000 -1.17437 -2.24098 0.15629 0.55384 -0.26316 -0.77179 -0.16836
1413393257855760640.000000000 -1.21749 -2.20947 0.14187 0.55110 -0.26147 -0.77275 -0.17542
1413393257955760384.000000000 -1.26309 -2.17716 0.13237 0.54877 -0.25871 -0.77347 -0.18346
1413393258055760384.000000000 -1.31069 -2.14519 0.12434 0.54820 -0.25740 -0.77319 -0.18813
1413393258155760640.000000000 -1.36216 -2.11540 0.11709 0.54935 -0.25618 -0.77292 -0.18759
1413393258255760384.000000000 -1.41432 -2.08925 0.11300 0.55353 -0.25041 -0.77284 -0.18336
1413393258355760640.000000000 -1.46727 -2.06732 0.11119 0.56682 -0.23781 -0.76812 -0.17933
1413393258455760384.000000000 -1.51804 -2.05010 0.10959 0.57703 -0.22455 -0.76726 -0.16713
1413393258555760384.000000000 -1.56835 -2.03575 0.10758 0.58652 -0.20944 -0.76841 -0.14723
1413393258655760640.000000000 -1.61586 -2.02437 0.10796 0.58991 -0.18696 -0.77484 -0.12910
1413393258755760384.000000000 -1.65809 -2.01574 0.10821 0.58545 -0.16291 -0.78659 -0.10944
1413393258855760640.000000000 -1.69703 -2.00877 0.10875 0.58263 -0.14013 -0.79595 -0.08590
1413393258955760384.000000000 -1.73397 -2.00199 0.11012 0.57888 -0.11343 -0.80465 -0.06759
1413393259055760384.000000000 -1.76924 -1.99581 0.11211 0.57740 -0.08560 -0.81043 -0.04983
1413393259155760640.000000000 -1.80287 -1.99058 0.11496 0.57665 -0.05766 -0.81438 -0.03061
1413393259255760384.000000000 -1.83724 -1.98523 0.11790 0.57692 -0.03044 -0.81615 -0.01157
1413393259355760640.000000000 -1.87348 -1.97998 0.12073 0.57544 -0.00421 -0.81779 0.00824
1413393259455760384.000000000 -1.91187 -1.97452 0.12468 0.57518 0.02250 -0.81722 0.02852
1413393259555760384.000000000 -1.95335 -1.96945 0.13021 0.57341 0.05083 -0.81632 0.04736
1413393259655760640.000000000 -1.99638 -1.96406 0.13665 0.57088 0.08031 -0.81438 0.06656
1413393259755760384.000000000 -2.04076 -1.95889 0.14427 0.56757 0.10959 -0.81136 0.08689
1413393259855760640.000000000 -2.08555 -1.95376 0.15342 0.56527 0.13757 -0.80638 0.10624
1413393259955760384.000000000 -2.13103 -1.94891 0.16296 0.56222 0.16343 -0.80111 0.12422
1413393260055760384.000000000 -2.17802 -1.94410 0.17231 0.55861 0.18768 -0.79551 0.14106
1413393260155760640.000000000 -2.22504 -1.93956 0.18208 0.55554 0.21051 -0.78857 0.15883
1413393260255760384.000000000 -2.27263 -1.93483 0.19140 0.55199 0.23295 -0.78125 0.17520
1413393260355760640.000000000 -2.32079 -1.92981 0.19831 0.55972 0.25392 -0.76560 0.18996
1413393260455760384.000000000 -2.36557 -1.92221 0.20005 0.57670 0.27425 -0.74482 0.19353
1413393260555760384.000000000 -2.40003 -1.91229 0.19524 0.59593 0.29042 -0.72440 0.18911
1413393260655760640.000000000 -2.42440 -1.90162 0.18533 0.60590 0.30478 -0.71229 0.18064
1413393260755760384.000000000 -2.42836 -1.89279 0.17314 0.59980 0.31738 -0.71347 0.17457
1413393260855760640.000000000 -2.41898 -1.88745 0.16162 0.57648 0.31953 -0.73046 0.17890
1413393260955760384.000000000 -2.39727 -1.88684 0.15419 0.55445 0.31262 -0.74685 0.19254
1413393261055760384.000000000 -2.37136 -1.88975 0.14975 0.53845 0.30547 -0.75888 0.20214
1413393261155760640.000000000 -2.34501 -1.89622 0.14718 0.52743 0.30170 -0.76758 0.20399
1413393261255760384.000000000 -2.32086 -1.90684 0.14527 0.52224 0.30048 -0.77202 0.20239
1413393261355760640.000000000 -2.29999 -1.92314 0.14648 0.52651 0.30250 -0.76740 0.20585
1413393261455760384.000000000 -2.28189 -1.94476 0.14887 0.53006 0.30972 -0.76033 0.21215
1413393261555760384.000000000 -2.26450 -1.97067 0.15154 0.52422 0.31661 -0.75669 0.22884
1413393261655760640.000000000 -2.24828 -1.99755 0.15322 0.51201 0.32524 -0.75459 0.25032
1413393261755760384.000000000 -2.23621 -2.02464 0.15576 -0.49792 -0.33998 0.75082 -0.26973
1413393261855760640.000000000 -2.23170 -2.05153 0.15971 -0.48885 -0.36067 0.74133 -0.28525
1413393261955760384.000000000 -2.23689 -2.07707 0.16733 -0.49269 -0.38099 0.72516 -0.29369
1413393262055760384.000000000 -2.24835 -2.10145 0.17556 -0.49601 -0.39656 0.71235 -0.29878
1413393262155760640.000000000 -2.26315 -2.12506 0.18461 -0.49707 -0.40639 0.70412 -0.30329
1413393262255760384.000000000 -2.28022 -2.14809 0.19591 -0.49709 -0.41264 0.69993 -0.30452
1413393262355760640.000000000 -2.29795 -2.17050 0.20697 -0.49545 -0.41770 0.69883 -0.30282
1413393262455760384.000000000 -2.31629 -2.19342 0.21712 -0.49389 -0.41890 0.69893 -0.30345
1413393262555760384.000000000 -2.33478 -2.21612 0.22468 -0.49365 -0.42018 0.69858 -0.30290
1413393262655760640.000000000 -2.35395 -2.24003 0.22114 -0.49363 -0.42117 0.69840 -0.30195
1413393262755760384.000000000 -2.37226 -2.26384 0.20717 -0.49369 -0.42176 0.69807 -0.30180
1413393262855760640.000000000 -2.39055 -2.28869 0.18592 -0.49270 -0.42176 0.69851 -0.30240
1413393262955760384.000000000 -2.40754 -2.31470 0.16567 -0.49047 -0.42128 0.69946 -0.30448
1413393263055760384.000000000 -2.42510 -2.34136 0.14722 -0.48771 -0.41952 0.70071 -0.30846
1413393263155760640.000000000 -2.44430 -2.37018 0.13276 -0.48425 -0.41817 0.70236 -0.31197
1413393263255760384.000000000 -2.46534 -2.39897 0.12184 -0.48239 -0.41689 0.70299 -0.31514
1413393263355760640.000000000 -2.48807 -2.42660 0.11482 -0.48227 -0.41602 0.70278 -0.31693
1413393263455760384.000000000 -2.51414 -2.45451 0.10777 -0.48275 -0.41577 0.70304 -0.31594
1413393263555760384.000000000 -2.54181 -2.48189 0.09433 -0.48845 -0.41595 0.69985 -0.31402
1413393263655760640.000000000 -2.57054 -2.50945 0.07290 -0.49916 -0.41497 0.69263 -0.31450
1413393263755760384.000000000 -2.59660 -2.53432 0.04494 0.50756 0.41538 -0.68454 0.31820
1413393263855760640.000000000 -2.61828 -2.55600 0.01460 0.51053 0.42195 -0.67587 0.32330
1413393263955760384.000000000 -2.63520 -2.57376 -0.01369 0.50912 0.43193 -0.66723 0.33021
1413393264055760384.000000000 -2.64844 -2.58743 -0.04017 0.50100 0.44186 -0.66392 0.33612
1413393264155760640.000000000 -2.65891 -2.59727 -0.06444 -0.48817 -0.45138 0.66713 -0.33598
1413393264255760384.000000000 -2.66692 -2.60305 -0.08604 -0.47643 -0.45949 0.67237 -0.33135
1413393264355760640.000000000 -2.67532 -2.60933 -0.10521 -0.46965 -0.46416 0.67676 -0.32554
1413393264455760384.000000000 -2.68293 -2.61818 -0.12106 -0.46708 -0.46577 0.67931 -0.32162
1413393264555760384.000000000 -2.69003 -2.63065 -0.13429 -0.46813 -0.46351 0.68071 -0.32040
1413393264655760640.000000000 -2.69601 -2.64614 -0.14505 -0.47057 -0.45813 0.68125 -0.32340
1413393264755760384.000000000 -2.70169 -2.66501 -0.15548 -0.46985 -0.45583 0.68087 -0.32845
1413393264855760640.000000000 -2.70794 -2.68522 -0.16675 -0.47106 -0.45760 0.67841 -0.32935
1413393264955760384.000000000 -2.71491 -2.70710 -0.17873 -0.47244 -0.46009 0.67672 -0.32736
1413393265055760384.000000000 -2.72102 -2.72976 -0.19039 -0.47499 -0.46141 0.67463 -0.32613
1413393265155760640.000000000 -2.72666 -2.75469 -0.20125 -0.48221 -0.45913 0.66971 -0.32888
1413393265255760384.000000000 -2.73020 -2.77848 -0.20941 -0.49623 -0.45266 0.66025 -0.33604
1413393265355760640.000000000 -2.73009 -2.79787 -0.21727 0.50049 0.44381 -0.65707 0.34757
1413393265455760384.000000000 -2.72722 -2.81055 -0.22511 -0.49224 -0.43886 0.66369 -0.35301
1413393265555760384.000000000 -2.72385 -2.81755 -0.23071 -0.48057 -0.44135 0.67099 -0.35219
1413393265655760640.000000000 -2.72079 -2.82024 -0.23125 -0.47776 -0.45607 0.66715 -0.34448
1413393265755760384.000000000 -2.71715 -2.82181 -0.22867 -0.47462 -0.47219 0.65902 -0.34273
1413393265855760640.000000000 -2.71216 -2.82342 -0.22196 -0.47002 -0.48693 0.64983 -0.34598
1413393265955760384.000000000 -2.70410 -2.82532 -0.21289 -0.46173 -0.50139 0.64072 -0.35340
1413393266055760384.000000000 -2.69261 -2.82790 -0.20109 -0.44943 -0.51664 0.63002 -0.36629
1413393266155760640.000000000 -2.67876 -2.83169 -0.18608 -0.43812 -0.53603 0.61311 -0.38054
1413393266255760384.000000000 -2.66200 -2.83573 -0.16776 -0.42174 -0.55895 0.59311 -0.39741
1413393266355760640.000000000 -2.64310 -2.83948 -0.14585 0.40197 0.58534 -0.56736 0.41702
1413393266455760384.000000000 -2.62233 -2.84319 -0.12114 0.37854 0.61454 -0.53639 0.43742
1413393266555760384.000000000 -2.60054 -2.84516 -0.09295 0.35235 0.64187 -0.50122 0.46112
1413393266655760640.000000000 -2.57944 -2.84586 -0.07033 0.32879 0.66211 -0.46503 0.48708
1413393266755760384.000000000 -2.56185 -2.84360 -0.06151 0.30636 0.67845 -0.43522 0.50639
1413393266855760640.000000000 -2.54927 -2.83916 -0.05758 0.28916 0.69009 -0.40946 0.52203
1413393266955760384.000000000 -2.54353 -2.83341 -0.04117 0.27772 0.70059 -0.39190 0.52769
1413393267055760384.000000000 -2.54243 -2.82459 -0.00692 0.26630 0.71039 -0.38562 0.52510
1413393267155760640.000000000 -2.55342 -2.81577 0.03032 0.26045 0.71427 -0.38390 0.52403
1413393267255760384.000000000 -2.56682 -2.80635 0.05804 0.25666 0.71558 -0.38636 0.52230
1413393267355760640.000000000 -2.58133 -2.79902 0.07556 0.25640 0.71472 -0.39040 0.52059
1413393267455760384.000000000 -2.60059 -2.79387 0.07974 0.25988 0.71345 -0.39272 0.51887
1413393267555760384.000000000 -2.62085 -2.78894 0.07585 0.26840 0.71296 -0.39318 0.51483
1413393267655760640.000000000 -2.64259 -2.78425 0.05813 0.27584 0.71307 -0.39342 0.51055
1413393267755760384.000000000 -2.66299 -2.77905 0.03622 0.28232 0.71350 -0.39284 0.50685
1413393267855760640.000000000 -2.68131 -2.77208 0.01189 0.28689 0.71438 -0.39048 0.50485
1413393267955760384.000000000 -2.69539 -2.76648 -0.01170 0.28726 0.71454 -0.38957 0.50513
1413393268055760384.000000000 -2.70724 -2.75901 -0.03033 0.27845 0.71248 -0.39499 0.50874
1413393268155760640.000000000 -2.71889 -2.75042 -0.04311 0.27052 0.71217 -0.39931 0.51008
1413393268255760384.000000000 -2.72795 -2.74796 -0.05556 0.27020 0.71389 -0.39870 0.50832
1413393268355760640.000000000 -2.73867 -2.74230 -0.06284 0.27776 0.71848 -0.39313 0.50208
1413393268455760384.000000000 -2.74422 -2.74216 -0.06789 0.28464 0.72327 -0.38794 0.49534
1413393268555760384.000000000 -2.74629 -2.74113 -0.06870 0.28351 0.72373 -0.39053 0.49328
1413393268655760640.000000000 -2.74574 -2.74032 -0.06369 0.28012 0.71933 -0.39564 0.49756
1413393268755760384.000000000 -2.74386 -2.73830 -0.05358 0.27769 0.71553 -0.39990 0.50098
1413393268855760640.000000000 -2.74041 -2.73806 -0.04064 0.27496 0.71361 -0.40416 0.50181
1413393268955760384.000000000 -2.73596 -2.74283 -0.03118 0.27479 0.71208 -0.40559 0.50291
1413393269055760384.000000000 -2.73191 -2.74796 -0.02793 0.28535 0.71172 -0.39903 0.50279
1413393269155760640.000000000 -2.72572 -2.75046 -0.02741 0.29685 0.71501 -0.38907 0.49926
1413393269255760384.000000000 -2.71484 -2.75046 -0.02474 0.29333 0.71523 -0.38150 0.50681
1413393269355760640.000000000 -2.70058 -2.74642 -0.01928 0.28176 0.71306 -0.37360 0.52209
1413393269455760384.000000000 -2.68738 -2.73866 -0.01567 0.26939 0.71218 -0.36652 0.53468
1413393269555760384.000000000 -2.67812 -2.72786 -0.02327 0.25769 0.71491 -0.36381 0.53865
1413393269655760640.000000000 -2.67384 -2.71533 -0.04559 0.24858 0.71840 -0.36342 0.53855
1413393269755760384.000000000 -2.67538 -2.70338 -0.07865 0.24268 0.72277 -0.36325 0.53550
1413393269855760640.000000000 -2.68189 -2.69401 -0.11378 0.24103 0.72908 -0.36205 0.52846
1413393269955760384.000000000 -2.69159 -2.68599 -0.14477 0.24500 0.73501 -0.35725 0.52164
1413393270055760384.000000000 -2.69827 -2.67944 -0.17096 0.24827 0.73902 -0.35344 0.51700
1413393270155760640.000000000 -2.70319 -2.67284 -0.19651 0.24565 0.74129 -0.35423 0.51445
1413393270255760384.000000000 -2.70620 -2.66691 -0.22037 0.24322 0.74222 -0.35453 0.51406
1413393270355760640.000000000 -2.70758 -2.66318 -0.24202 0.24171 0.74176 -0.35480 0.51526
1413393270455760384.000000000 -2.70843 -2.66208 -0.26048 0.24101 0.73866 -0.36044 0.51612
1413393270555760384.000000000 -2.71128 -2.66190 -0.27695 0.24501 0.73492 -0.36879 0.51367
1413393270655760640.000000000 -2.71810 -2.66010 -0.29386 0.25381 0.73082 -0.37810 0.50845
1413393270755760384.000000000 -2.72328 -2.66233 -0.30137 0.26745 0.72593 -0.38447 0.50366
1413393270855760640.000000000 -2.72433 -2.66814 -0.29329 0.27835 0.72278 -0.38932 0.49854
1413393270955760384.000000000 -2.72092 -2.67559 -0.27442 0.28811 0.72057 -0.39112 0.49477
1413393271055760384.000000000 -2.71036 -2.68673 -0.25727 0.29407 0.71964 -0.39329 0.49088
1413393271155760640.000000000 -2.69459 -2.70000 -0.25108 0.29664 0.71572 -0.39616 0.49275
1413393271255760384.000000000 -2.67607 -2.71211 -0.25429 0.30311 0.71314 -0.39502 0.49347
1413393271355760640.000000000 -2.65924 -2.71673 -0.26187 0.31376 0.71022 -0.39444 0.49150
1413393271455760384.000000000 -2.63743 -2.72191 -0.27368 0.32035 0.70264 -0.40271 0.49142
1413393271555760384.000000000 -2.61543 -2.71896 -0.27853 0.32290 0.69124 -0.41775 0.49336
1413393271655760640.000000000 -2.58874 -2.71649 -0.28327 0.32553 0.68277 -0.43000 0.49291
1413393271755760384.000000000 -2.56289 -2.70848 -0.28254 0.32834 0.67905 -0.44519 0.48258
1413393271855760640.000000000 -2.53778 -2.70122 -0.27990 0.33138 0.67489 -0.46079 0.47156
1413393271955760384.000000000 -2.51146 -2.69109 -0.27499 0.33962 0.66870 -0.46963 0.46577
1413393272055760384.000000000 -2.48251 -2.68045 -0.26799 0.34654 0.66330 -0.47542 0.46251
1413393272155760640.000000000 -2.45156 -2.66975 -0.25934 0.35190 0.65833 -0.48042 0.46040
1413393272255760384.000000000 -2.42443 -2.65621 -0.24963 0.35402 0.64772 -0.49039 0.46330
1413393272355760640.000000000 -2.39465 -2.64427 -0.23878 0.35653 0.63628 -0.50293 0.46379
1413393272455760384.000000000 -2.36955 -2.62995 -0.22851 0.36494 0.62842 -0.51302 0.45686
1413393272555760384.000000000 -2.34487 -2.61683 -0.21678 0.37683 0.62039 -0.52246 0.44737
1413393272655760640.000000000 -2.32444 -2.60076 -0.20476 0.39005 0.61259 -0.53200 0.43540
1413393272755760384.000000000 -2.30325 -2.58486 -0.19324 0.40141 0.60356 -0.54331 0.42355
1413393272855760640.000000000 -2.27860 -2.56875 -0.18033 0.41347 0.59270 -0.55489 0.41214
1413393272955760384.000000000 -2.25042 -2.55247 -0.16669 0.42254 0.57984 -0.56826 0.40290
1413393273055760384.000000000 -2.22063 -2.53453 -0.15308 -0.42787 -0.56462 0.58506 -0.39476
1413393273155760640.000000000 -2.18930 -2.51756 -0.13947 -0.43237 -0.54906 0.60307 -0.38457
1413393273255760384.000000000 -2.15799 -2.50233 -0.12637 -0.43747 -0.53310 0.62167 -0.37141
1413393273355760640.000000000 -2.12673 -2.48851 -0.11330 -0.44447 -0.51552 0.63925 -0.35783
1413393273455760384.000000000 -2.09588 -2.47614 -0.10049 -0.45468 -0.49786 0.65349 -0.34402
1413393273555760384.000000000 -2.06578 -2.46673 -0.08593 -0.46913 -0.47806 0.66360 -0.33320
1413393273655760640.000000000 -2.03545 -2.45903 -0.06911 -0.48297 -0.45751 0.67203 -0.32526
1413393273755760384.000000000 -2.00490 -2.45104 -0.05095 -0.49436 -0.43902 0.68047 -0.31595
1413393273855760640.000000000 -1.97384 -2.44140 -0.03365 0.50055 0.42003 -0.69246 0.30581
1413393273955760384.000000000 -1.94309 -2.43120 -0.01693 0.50283 0.40172 -0.70615 0.29520
1413393274055760384.000000000 -1.91307 -2.41886 0.00219 0.50501 0.38482 -0.71856 0.28380
1413393274155760640.000000000 -1.88561 -2.40759 0.02223 0.50996 0.36603 -0.72888 0.27329
1413393274255760384.000000000 -1.86068 -2.39653 0.04302 0.51433 0.34782 -0.73826 0.26354
1413393274355760640.000000000 -1.83813 -2.38584 0.06422 0.51979 0.33102 -0.74597 0.25254
1413393274455760384.000000000 -1.81919 -2.37493 0.08342 0.52590 0.31388 -0.75317 0.24011
1413393274555760384.000000000 -1.80184 -2.36263 0.09372 0.53153 0.29550 -0.76020 0.22858
1413393274655760640.000000000 -1.78653 -2.35005 0.09384 0.53676 0.27720 -0.76709 0.21591
1413393274755760384.000000000 -1.77345 -2.33711 0.08802 0.54410 0.26047 -0.77170 0.20150
1413393274855760640.000000000 -1.76166 -2.32211 0.08228 0.55539 0.24504 -0.77253 0.18625
1413393274955760384.000000000 -1.75085 -2.30694 0.07875 0.56574 0.23002 -0.77304 0.17159
1413393275055760384.000000000 -1.73992 -2.29215 0.07673 0.57360 0.21311 -0.77471 0.15936
1413393275155760640.000000000 -1.72748 -2.27700 0.07466 0.57852 0.19604 -0.77790 0.14751
1413393275255760384.000000000 -1.71292 -2.26089 0.07215 0.57963 0.17729 -0.78345 0.13711
1413393275355760640.000000000 -1.69618 -2.24293 0.07063 0.57932 0.15715 -0.78992 0.12539
1413393275455760384.000000000 -1.67804 -2.22267 0.07014 0.58019 0.13524 -0.79501 0.11420
1413393275555760384.000000000 -1.65869 -2.20016 0.07257 0.58194 0.11497 -0.79862 0.10166
1413393275655760640.000000000 -1.63954 -2.17648 0.07697 0.58404 0.09395 -0.80117 0.09051
1413393275755760384.000000000 -1.62055 -2.15068 0.08395 0.58354 0.07469 -0.80506 0.07608
1413393275855760640.000000000 -1.60160 -2.12355 0.09074 0.57266 0.05874 -0.81502 0.06600
1413393275955760384.000000000 -1.58551 -2.09548 0.09885 0.55959 0.04551 -0.82514 0.06263
1413393276055760384.000000000 -1.57630 -2.06611 0.10910 0.55549 0.04017 -0.82860 0.05688
1413393276155760640.000000000 -1.57476 -2.03596 0.12516 0.56876 0.04779 -0.82007 0.04146
1413393276255760384.000000000 -1.57578 -2.00835 0.14213 0.58126 0.05701 -0.81118 0.02940
1413393276355760640.000000000 -1.57691 -1.98503 0.15610 0.58633 0.06339 -0.80721 0.02452
1413393276455760384.000000000 -1.57763 -1.96582 0.16120 0.58609 0.06506 -0.80713 0.02830
1413393276555760384.000000000 -1.57963 -1.95017 0.15439 0.58022 0.06275 -0.81115 0.03800
1413393276655760640.000000000 -1.58042 -1.93529 0.14142 0.57417 0.06014 -0.81515 0.04730
1413393276755760384.000000000 -1.58487 -1.92109 0.12989 0.57042 0.06036 -0.81754 0.05111
1413393276855760640.000000000 -1.59545 -1.90710 0.12102 0.57020 0.06063 -0.81756 0.05296
1413393276955760384.000000000 -1.60732 -1.89389 0.11538 0.57123 0.06243 -0.81670 0.05285
1413393277055760384.000000000 -1.62267 -1.88060 0.11081 0.57133 0.06278 -0.81664 0.05236
1413393277155760640.000000000 -1.64067 -1.86770 0.10818 0.57287 0.06274 -0.81558 0.05198
1413393277255760384.000000000 -1.66091 -1.85488 0.10861 0.57709 0.06265 -0.81263 0.05167
1413393277355760640.000000000 -1.68374 -1.84252 0.11050 0.57996 0.06314 -0.81072 0.04889
1413393277455760384.000000000 -1.70483 -1.83124 0.11448 0.58025 0.06341 -0.81059 0.04716
1413393277555760384.000000000 -1.72778 -1.82125 0.12086 0.58031 0.06330 -0.81061 0.04626
1413393277655760640.000000000 -1.74970 -1.81260 0.12832 0.58436 0.05866 -0.80785 0.04963
1413393277755760384.000000000 -1.77242 -1.80255 0.12894 0.58951 0.04885 -0.80463 0.05157
1413393277855760640.000000000 -1.79405 -1.79140 0.12099 0.59303 0.03656 -0.80289 0.04840
1413393277955760384.000000000 -1.81140 -1.77785 0.10434 0.59808 0.02191 -0.80010 0.04084
1413393278055760384.000000000 -1.82253 -1.76192 0.08778 0.60007 0.00338 -0.79932 0.03143
1413393278155760640.000000000 -1.82975 -1.74080 0.07519 0.59602 -0.01549 -0.80265 0.01664
1413393278255760384.000000000 -1.83464 -1.71590 0.06650 0.59056 -0.03656 -0.80616 0.00265
1413393278355760640.000000000 -1.83895 -1.68757 0.06089 0.58301 -0.06130 -0.81015 -0.00158
1413393278455760384.000000000 -1.84390 -1.65566 0.05768 0.57464 -0.08236 -0.81425 -0.00107
1413393278555760384.000000000 -1.85098 -1.61835 0.05803 0.56785 -0.09608 -0.81750 -0.00054
1413393278655760640.000000000 -1.85962 -1.57330 0.06050 0.56545 -0.10235 -0.81840 -0.00247
1413393278755760384.000000000 -1.87129 -1.52001 0.06616 0.57030 -0.09302 -0.81589 -0.02066
1413393278855760640.000000000 -1.88528 -1.46117 0.07581 0.57805 -0.07906 -0.81111 -0.04127
1413393278955760384.000000000 -1.89946 -1.40317 0.08678 0.58100 -0.06950 -0.80920 -0.05299
1413393279055760384.000000000 -1.91356 -1.34828 0.09952 0.58054 -0.06355 -0.80973 -0.05716
1413393279155760640.000000000 -1.92801 -1.29626 0.11001 0.57855 -0.06019 -0.81141 -0.05718
1413393279255760384.000000000 -1.94327 -1.24663 0.11027 0.57457 -0.05641 -0.81456 -0.05640
1413393279355760640.000000000 -1.96010 -1.19843 0.10172 0.56806 -0.05413 -0.81947 -0.05335
1413393279455760384.000000000 -1.97918 -1.15453 0.09261 0.56209 -0.05115 -0.82390 -0.05128
1413393279555760384.000000000 -2.00208 -1.11131 0.08757 0.56352 -0.04808 -0.82323 -0.04923
1413393279655760640.000000000 -2.02904 -1.07302 0.08621 0.57073 -0.04368 -0.81851 -0.04902
1413393279755760384.000000000 -2.05880 -1.04076 0.08462 0.57644 -0.04055 -0.81474 -0.04774
1413393279855760640.000000000 -2.08944 -1.01021 0.08056 0.58258 -0.03919 -0.81063 -0.04422
1413393279955760384.000000000 -2.11876 -0.98565 0.07562 0.58757 -0.03964 -0.80720 -0.04019
1413393280055760384.000000000 -2.14599 -0.96374 0.07202 0.58871 -0.03937 -0.80661 -0.03536
1413393280155760640.000000000 -2.17129 -0.94531 0.07131 0.58982 -0.04140 -0.80606 -0.02560
1413393280255760384.000000000 -2.19297 -0.92779 0.07289 0.59057 -0.04379 -0.80566 -0.01499
1413393280355760640.000000000 -2.21310 -0.90898 0.07795 0.59290 -0.04472 -0.80399 -0.00782
1413393280455760384.000000000 -2.23008 -0.88788 0.08539 0.59727 -0.04889 -0.80055 0.00269
1413393280555760384.000000000 -2.24309 -0.86317 0.09235 0.59403 -0.05057 -0.80279 0.01017
1413393280655760640.000000000 -2.25361 -0.83202 0.09279 0.58840 -0.05129 -0.80679 0.01565
1413393280755760384.000000000 -2.26013 -0.79649 0.08413 0.58387 -0.05446 -0.80971 0.02247
1413393280855760640.000000000 -2.26655 -0.75222 0.06754 0.57794 -0.05729 -0.81357 0.02842
1413393280955760384.000000000 -2.27359 -0.69975 0.05337 0.57569 -0.05433 -0.81540 0.02727
1413393281055760384.000000000 -2.28506 -0.63850 0.04887 0.57526 -0.04302 -0.81675 0.01201
1413393281155760640.000000000 -2.29869 -0.57135 0.05236 0.57529 -0.03259 -0.81729 -0.00379
1413393281255760384.000000000 -2.31381 -0.50255 0.05916 0.57596 -0.02559 -0.81695 -0.01439
1413393281355760640.000000000 -2.33010 -0.43427 0.06708 0.57670 -0.02237 -0.81636 -0.02149
1413393281455760384.000000000 -2.34705 -0.36806 0.07251 0.57761 -0.02239 -0.81561 -0.02548
1413393281555760384.000000000 -2.36553 -0.30520 0.07619 0.57748 -0.02456 -0.81558 -0.02741
1413393281655760640.000000000 -2.38612 -0.24792 0.08290 0.58077 -0.02741 -0.81304 -0.03038
1413393281755760384.000000000 -2.40806 -0.19470 0.09362 0.58652 -0.03025 -0.80869 -0.03308
1413393281855760640.000000000 -2.42845 -0.14753 0.10728 0.59650 -0.03490 -0.80118 -0.03276
1413393281955760384.000000000 -2.44567 -0.10346 0.12060 0.59843 -0.04164 -0.79953 -0.02986
1413393282055760384.000000000 -2.45958 -0.06257 0.13546 0.59169 -0.04815 -0.80428 -0.02664
1413393282155760640.000000000 -2.47128 -0.02443 0.15282 0.58472 -0.05646 -0.80905 -0.01900
1413393282255760384.000000000 -2.48313 0.01463 0.17193 0.57913 -0.06192 -0.81278 -0.01302
1413393282355760640.000000000 -2.49630 0.05669 0.19416 0.57928 -0.05997 -0.81275 -0.01629
1413393282455760384.000000000 -2.51002 0.10043 0.21791 0.58372 -0.05181 -0.80984 -0.02738
1413393282555760384.000000000 -2.52442 0.14328 0.23592 0.58589 -0.04472 -0.80837 -0.03553
1413393282655760640.000000000 -2.53928 0.18314 0.24325 0.58958 -0.03924 -0.80573 -0.04083
1413393282755760384.000000000 -2.55263 0.21756 0.24317 0.59388 -0.03523 -0.80281 -0.03958
1413393282855760640.000000000 -2.56298 0.24541 0.24151 0.59812 -0.03024 -0.80038 -0.02681
1413393282955760384.000000000 -2.57044 0.26985 0.24087 0.59226 -0.01885 -0.80540 -0.01426
1413393283055760384.000000000 -2.57574 0.29119 0.24082 0.58245 -0.00223 -0.81286 -0.00262
1413393283155760640.000000000 -2.58123 0.30995 0.24418 0.57659 0.01949 -0.81676 0.00802
1413393283255760384.000000000 -2.58843 0.32569 0.24956 0.57362 0.04335 -0.81777 0.01852
1413393283355760640.000000000 -2.59782 0.33732 0.25531 0.57115 0.06647 -0.81755 0.03137
1413393283455760384.000000000 -2.60980 0.34376 0.25939 0.56924 0.08955 -0.81593 0.04697
1413393283555760384.000000000 -2.62385 0.34502 0.25718 0.56718 0.11170 -0.81337 0.06521
1413393283655760640.000000000 -2.63893 0.34267 0.24382 0.56589 0.13210 -0.80960 0.08291
1413393283755760384.000000000 -2.65523 0.33684 0.22162 0.56843 0.15271 -0.80216 0.10051
1413393283855760640.000000000 -2.67281 0.32736 0.19754 0.56948 0.17446 -0.79468 0.11723
1413393283955760384.000000000 -2.68834 0.31538 0.17459 0.56679 0.19863 -0.78864 0.13167
1413393284055760384.000000000 -2.70120 0.30065 0.15392 0.55901 0.22280 -0.78503 0.14696
1413393284155760640.000000000 -2.71227 0.28213 0.13703 0.55248 0.24746 -0.77900 0.16337
1413393284255760384.000000000 -2.72321 0.25982 0.12432 0.54793 0.27188 -0.77042 0.17974
1413393284355760640.000000000 -2.73260 0.23404 0.11476 0.54405 0.29571 -0.75984 0.19802
1413393284455760384.000000000 -2.73994 0.20468 0.10655 0.54038 0.31977 -0.74730 0.21744
1413393284555760384.000000000 -2.74499 0.17263 0.09831 0.53373 0.34425 -0.73527 0.23665
1413393284655760640.000000000 -2.74589 0.14021 0.09052 0.52239 0.36715 -0.72526 0.25751
1413393284755760384.000000000 -2.74420 0.10738 0.08258 0.50422 0.38829 -0.71811 0.28162
1413393284855760640.000000000 -2.74254 0.07320 0.07646 -0.48784 -0.41143 0.70736 -0.30394
1413393284955760384.000000000 -2.74224 0.03914 0.07231 -0.47376 -0.43575 0.69362 -0.32337
1413393285055760384.000000000 -2.74525 0.00444 0.06961 -0.46036 -0.45979 0.67807 -0.34188
1413393285155760640.000000000 -2.75148 -0.03091 0.06881 -0.44775 -0.48262 0.66109 -0.35993
1413393285255760384.000000000 -2.76079 -0.06596 0.06907 -0.43507 -0.50417 0.64393 -0.37666
1413393285355760640.000000000 -2.77304 -0.10144 0.06986 -0.42322 -0.52524 0.62572 -0.39177
1413393285455760384.000000000 -2.78851 -0.13685 0.07080 -0.41112 -0.54641 0.60695 -0.40499
1413393285555760384.000000000 -2.80696 -0.17200 0.07246 -0.40019 -0.56714 0.58650 -0.41739
1413393285655760640.000000000 -2.82713 -0.20671 0.07631 0.39175 0.58689 -0.56340 0.42973
1413393285755760384.000000000 -2.84818 -0.24136 0.08202 0.38813 0.60735 -0.53728 0.43797
1413393285855760640.000000000 -2.86874 -0.27345 0.08919 0.38156 0.62514 -0.51489 0.44553
1413393285955760384.000000000 -2.88857 -0.30256 0.09617 0.36738 0.63523 -0.50483 0.45459
1413393286055760384.000000000 -2.90868 -0.33042 0.10284 0.35543 0.64028 -0.50119 0.46100
1413393286155760640.000000000 -2.92888 -0.35620 0.11026 0.34800 0.64150 -0.50021 0.46601
1413393286255760384.000000000 -2.95089 -0.38063 0.11787 0.34635 0.64102 -0.49982 0.46831
1413393286355760640.000000000 -2.97447 -0.40620 0.11797 0.34867 0.64012 -0.50023 0.46739
1413393286455760384.000000000 -2.99871 -0.42900 0.10756 0.35427 0.63876 -0.50058 0.46465
1413393286555760384.000000000 -3.02544 -0.44404 0.08784 0.35728 0.63590 -0.50361 0.46299
1413393286655760640.000000000 -3.05434 -0.46617 0.07041 0.35791 0.63411 -0.50811 0.46003
1413393286755760384.000000000 -3.08451 -0.48994 0.06139 0.36231 0.63518 -0.50918 0.45388
1413393286855760640.000000000 -3.11313 -0.51369 0.05960 0.37076 0.64003 -0.50571 0.44402
1413393286955760384.000000000 -3.13538 -0.53678 0.06236 0.37646 0.64731 -0.49736 0.43806
1413393287055760384.000000000 -3.14819 -0.55888 0.06754 0.37626 0.65467 -0.48738 0.43851
1413393287155760640.000000000 -3.15078 -0.57745 0.07298 0.36836 0.66267 -0.47787 0.44365
1413393287255760384.000000000 -3.14687 -0.59610 0.08065 0.34985 0.66931 -0.47081 0.45603
1413393287355760640.000000000 -3.13601 -0.61350 0.09079 0.32992 0.67599 -0.45951 0.47228
1413393287455760384.000000000 -3.12111 -0.63126 0.10354 0.31067 0.68509 -0.44354 0.48724
1413393287555760384.000000000 -3.10457 -0.64762 0.11822 0.29297 0.69812 -0.42377 0.49721
1413393287655760640.000000000 -3.08731 -0.66157 0.13162 0.27356 0.71174 -0.40345 0.50577
1413393287755760384.000000000 -3.07018 -0.67581 0.14565 0.25455 0.72274 -0.38191 0.51672
1413393287855760640.000000000 -3.05354 -0.69103 0.15707 0.23633 0.73247 -0.35948 0.52764
1413393287955760384.000000000 -3.03772 -0.70768 0.16642 0.22005 0.74195 -0.33585 0.53693
1413393288055760384.000000000 -3.02286 -0.72749 0.17417 0.20491 0.74999 -0.31457 0.54459
1413393288155760640.000000000 -3.01246 -0.74958 0.17781 0.19468 0.75800 -0.29898 0.54602
1413393288255760384.000000000 -3.00553 -0.77409 0.17721 0.18796 0.76625 -0.29114 0.54108
1413393288355760640.000000000 -2.99893 -0.80132 0.17463 0.18302 0.77395 -0.28845 0.53320
1413393288455760384.000000000 -2.99328 -0.83116 0.17185 0.18343 0.77350 -0.28635 0.53485
1413393288555760384.000000000 -2.98373 -0.86616 0.17122 0.18787 0.76731 -0.28571 0.54250
1413393288655760640.000000000 -2.97271 -0.90255 0.17056 0.19120 0.76114 -0.28188 0.55196
1413393288755760384.000000000 -2.97029 -0.93301 0.16601 0.18962 0.75948 -0.27444 0.55850
1413393288855760640.000000000 -2.96697 -0.96383 0.16015 0.18803 0.76232 -0.26859 0.55800
1413393288955760384.000000000 -2.96075 -0.99533 0.15218 0.18460 0.76594 -0.26552 0.55566
1413393289055760384.000000000 -2.96145 -1.02385 0.13721 0.18292 0.76820 -0.26202 0.55475
1413393289155760640.000000000 -2.95937 -1.04983 0.11376 0.18012 0.76747 -0.26008 0.55760
1413393289255760384.000000000 -2.95854 -1.07504 0.09187 0.17695 0.76745 -0.25727 0.55993
1413393289355760640.000000000 -2.96347 -1.09703 0.07578 0.17616 0.76837 -0.25426 0.56029
1413393289455760384.000000000 -2.96410 -1.12253 0.06623 0.17710 0.77087 -0.25183 0.55765
1413393289555760384.000000000 -2.96538 -1.14779 0.06386 0.17681 0.77320 -0.25157 0.55463
1413393289655760640.000000000 -2.96641 -1.17249 0.06431 0.17738 0.77458 -0.25167 0.55247
1413393289755760384.000000000 -2.96845 -1.19629 0.06547 0.17765 0.77457 -0.25267 0.55193
1413393289855760640.000000000 -2.96654 -1.21956 0.06989 0.17881 0.77246 -0.25381 0.55399
1413393289955760384.000000000 -2.96493 -1.24376 0.07628 0.18163 0.76984 -0.25477 0.55628
1413393290055760384.000000000 -2.96225 -1.26542 0.08051 0.18252 0.76861 -0.25734 0.55650
1413393290155760640.000000000 -2.96087 -1.28452 0.07623 0.18282 0.76716 -0.26060 0.55690
1413393290255760384.000000000 -2.96010 -1.29879 0.06137 0.18254 0.76656 -0.26455 0.55595
1413393290355760640.000000000 -2.95982 -1.30961 0.03756 0.18354 0.76847 -0.26693 0.55183
1413393290455760384.000000000 -2.95813 -1.32041 0.01362 0.18160 0.77238 -0.26541 0.54772
1413393290555760384.000000000 -2.95400 -1.33245 -0.01051 0.17813 0.77651 -0.26096 0.54517
1413393290655760640.000000000 -2.94855 -1.34704 -0.03215 0.17444 0.77897 -0.25745 0.54451
1413393290755760384.000000000 -2.94008 -1.36246 -0.05431 0.17239 0.78053 -0.25407 0.54452
1413393290855760640.000000000 -2.93111 -1.37795 -0.07708 0.17233 0.78067 -0.25092 0.54580
1413393290955760384.000000000 -2.91999 -1.39193 -0.10028 0.16632 0.77788 -0.25301 0.55066
1413393291055760384.000000000 -2.90728 -1.41079 -0.12479 0.15945 0.77272 -0.25704 0.55804
1413393291155760640.000000000 -2.89658 -1.43099 -0.14985 0.15586 0.76709 -0.25961 0.56558
1413393291255760384.000000000 -2.88799 -1.45441 -0.17327 0.15578 0.76302 -0.26080 0.57055
1413393291355760640.000000000 -2.88434 -1.47953 -0.19696 0.16133 0.76493 -0.25923 0.56716
1413393291455760384.000000000 -2.88307 -1.50517 -0.22014 0.16667 0.77004 -0.25373 0.56115
1413393291555760384.000000000 -2.88442 -1.52965 -0.23919 0.16911 0.77452 -0.24716 0.55717
1413393291655760640.000000000 -2.88506 -1.55445 -0.25315 0.17059 0.77709 -0.24136 0.55567
1413393291755760384.000000000 -2.88622 -1.57920 -0.26254 0.17076 0.77945 -0.23733 0.55406
1413393291855760640.000000000 -2.88238 -1.60492 -0.26711 0.16910 0.78185 -0.23141 0.55368
1413393291955760384.000000000 -2.87852 -1.62736 -0.25548 0.16703 0.78356 -0.22448 0.55474
1413393292055760384.000000000 -2.87410 -1.64806 -0.23492 0.16732 0.78197 -0.21736 0.55972
1413393292155760640.000000000 -2.86526 -1.66906 -0.21618 0.16705 0.77881 -0.21201 0.56622
1413393292255760384.000000000 -2.85782 -1.68246 -0.19665 0.16668 0.77653 -0.20521 0.57193
1413393292355760640.000000000 -2.85225 -1.68896 -0.17819 0.16367 0.77549 -0.20131 0.57559
1413393292455760384.000000000 -2.84897 -1.69072 -0.15892 0.15934 0.77432 -0.19928 0.57907
1413393292555760384.000000000 -2.84713 -1.68887 -0.14248 0.15633 0.77664 -0.19641 0.57777
1413393292655760640.000000000 -2.84894 -1.68226 -0.12798 0.15535 0.78102 -0.19188 0.57363
1413393292755760384.000000000 -2.85009 -1.67191 -0.11170 0.15445 0.78441 -0.18646 0.57103
1413393292855760640.000000000 -2.85192 -1.65642 -0.09500 0.15246 0.78438 -0.18178 0.57311
1413393292955760384.000000000 -2.85476 -1.63577 -0.07229 0.14727 0.78365 -0.17859 0.57646
1413393293055760384.000000000 -2.85682 -1.61103 -0.05380 0.14075 0.78482 -0.17668 0.57709
1413393293155760640.000000000 -2.86313 -1.58022 -0.02869 0.13379 0.78631 -0.17597 0.57694
1413393293255760384.000000000 -2.87212 -1.54586 -0.00432 0.12729 0.78720 -0.17621 0.57712
1413393293355760640.000000000 -2.88204 -1.51043 0.01173 0.12014 0.78746 -0.17765 0.57786
1413393293455760384.000000000 -2.89517 -1.47554 0.01705 0.11278 0.78701 -0.18061 0.57903
1413393293555760384.000000000 -2.90877 -1.44257 0.01424 0.11274 0.78842 -0.17992 0.57733
1413393293655760640.000000000 -2.92397 -1.41017 0.00770 0.11942 0.79123 -0.17490 0.57368
1413393293755760384.000000000 -2.93778 -1.37840 0.00210 0.12675 0.79493 -0.16838 0.56893
1413393293855760640.000000000 -2.95496 -1.34458 0.00212 0.13001 0.79676 -0.16462 0.56672
1413393293955760384.000000000 -2.96758 -1.30776 0.00420 0.13203 0.79828 -0.16153 0.56500
1413393294055760384.000000000 -2.97988 -1.26649 0.00994 0.13197 0.79851 -0.15994 0.56515
1413393294155760640.000000000 -2.98854 -1.22207 0.01901 0.13052 0.79325 -0.15982 0.57286
1413393294255760384.000000000 -2.99970 -1.17181 0.02784 0.12903 0.78929 -0.16156 0.57817
1413393294355760640.000000000 -3.01213 -1.11896 0.03449 0.13049 0.79100 -0.16264 0.57519
1413393294455760384.000000000 -3.02402 -1.06387 0.04009 0.13412 0.79364 -0.16318 0.57054
1413393294555760384.000000000 -3.03379 -1.00701 0.04600 0.13524 0.79626 -0.16581 0.56585
1413393294655760640.000000000 -3.04314 -0.94698 0.04955 0.13153 0.79628 -0.17150 0.56499
1413393294755760384.000000000 -3.05250 -0.88550 0.05227 0.12544 0.79542 -0.17807 0.56556
1413393294855760640.000000000 -3.06018 -0.82550 0.05488 0.11962 0.79474 -0.18381 0.56594
1413393294955760384.000000000 -3.06635 -0.76746 0.05915 0.12186 0.79565 -0.18412 0.56408
1413393295055760384.000000000 -3.07124 -0.71016 0.06510 0.12906 0.79728 -0.17977 0.56158
1413393295155760640.000000000 -3.07433 -0.65288 0.07330 0.13279 0.79810 -0.17704 0.56040
1413393295255760384.000000000 -3.07541 -0.59603 0.08045 0.12925 0.79709 -0.18032 0.56162
1413393295355760640.000000000 -3.07458 -0.53894 0.08875 0.12362 0.79619 -0.18473 0.56275
1413393295455760384.000000000 -3.07127 -0.48558 0.09670 0.11527 0.79522 -0.19017 0.56406
1413393295555760384.000000000 -3.06718 -0.43575 0.10357 0.10721 0.79381 -0.19512 0.56596
1413393295655760640.000000000 -3.06407 -0.38801 0.10307 0.10306 0.79289 -0.19798 0.56701
1413393295755760384.000000000 -3.06319 -0.34563 0.09419 0.10297 0.79322 -0.19748 0.56675
1413393295855760640.000000000 -3.06161 -0.30861 0.08125 0.11174 0.79516 -0.19029 0.56482
1413393295955760384.000000000 -3.05966 -0.27569 0.07198 0.12626 0.79813 -0.17937 0.56113
1413393296055760384.000000000 -3.05393 -0.24140 0.06549 0.13603 0.79976 -0.17201 0.55883
1413393296155760640.000000000 -3.04639 -0.20668 0.06363 0.13921 0.80083 -0.16910 0.55740
1413393296255760384.000000000 -3.03377 -0.16745 0.06360 0.14005 0.80255 -0.16852 0.55488
1413393296355760640.000000000 -3.01849 -0.12619 0.06713 0.13851 0.80291 -0.17054 0.55413
1413393296455760384.000000000 -2.99841 -0.08056 0.06872 0.13093 0.80211 -0.17852 0.55462
1413393296555760384.000000000 -2.97816 -0.03641 0.06239 0.12682 0.79985 -0.18975 0.55512
1413393296655760640.000000000 -2.95593 0.00549 0.04403 0.12735 0.79644 -0.20230 0.55546
1413393296755760384.000000000 -2.93178 0.04322 0.02276 0.12908 0.79308 -0.21430 0.55537
1413393296855760640.000000000 -2.90528 0.07726 0.00270 0.13275 0.79021 -0.22248 0.55538
1413393296955760384.000000000 -2.87783 0.10767 -0.01382 0.13861 0.78838 -0.22679 0.55481
1413393297055760384.000000000 -2.84802 0.13212 -0.02697 0.14510 0.78690 -0.23127 0.55340
1413393297155760640.000000000 -2.81917 0.15447 -0.03929 0.14977 0.78491 -0.23769 0.55226
1413393297255760384.000000000 -2.78948 0.17365 -0.05011 0.14944 0.78217 -0.24444 0.55329
1413393297355760640.000000000 -2.75972 0.18928 -0.06007 0.15113 0.78037 -0.24799 0.55380
1413393297455760384.000000000 -2.72746 0.20054 -0.06946 0.15464 0.77954 -0.24904 0.55351
1413393297555760384.000000000 -2.69660 0.21037 -0.07744 0.15789 0.77939 -0.24772 0.55340
1413393297655760640.000000000 -2.66509 0.21726 -0.08545 0.15632 0.77826 -0.24852 0.55508
1413393297755760384.000000000 -2.63103 0.22159 -0.09469 0.15144 0.77596 -0.25072 0.55865
1413393297855760640.000000000 -2.60115 0.22330 -0.10306 0.14725 0.77317 -0.25219 0.56297
1413393297955760384.000000000 -2.57079 0.22252 -0.11361 0.14482 0.77302 -0.25157 0.56408
1413393298055760384.000000000 -2.54585 0.21596 -0.12216 0.14335 0.77357 -0.25050 0.56418
1413393298155760640.000000000 -2.52075 0.20672 -0.13190 0.14394 0.77717 -0.24843 0.55997
1413393298255760384.000000000 -2.49848 0.19250 -0.14067 0.14897 0.78226 -0.24329 0.55380
1413393298355760640.000000000 -2.47508 0.17611 -0.14969 0.15686 0.78784 -0.23524 0.54715
1413393298455760384.000000000 -2.44697 0.15917 -0.15894 0.16743 0.79030 -0.22543 0.54458
1413393298555760384.000000000 -2.41620 0.14270 -0.16558 0.17375 0.78928 -0.21871 0.54681
1413393298655760640.000000000 -2.38051 0.12844 -0.17054 0.16914 0.78742 -0.21936 0.55068
1413393298755760384.000000000 -2.34182 0.11722 -0.17487 0.15836 0.78496 -0.22519 0.55502
1413393298855760640.000000000 -2.29931 0.10711 -0.17889 0.15051 0.78281 -0.23024 0.55817
1413393298955760384.000000000 -2.25708 0.09578 -0.18196 0.14643 0.78157 -0.23461 0.55917
1413393299055760384.000000000 -2.21799 0.08219 -0.18228 0.14603 0.78091 -0.23764 0.55892
1413393299155760640.000000000 -2.17923 0.06707 -0.18130 0.15349 0.77984 -0.23587 0.55915
1413393299255760384.000000000 -2.13997 0.05096 -0.17870 0.16640 0.77569 -0.23067 0.56339
1413393299355760640.000000000 -2.10177 0.03869 -0.17430 0.17464 0.76759 -0.22813 0.57295
1413393299455760384.000000000 -2.06639 0.03091 -0.17241 0.17504 0.76196 -0.23014 0.57950
1413393299555760384.000000000 -2.03385 0.02803 -0.17043 0.17056 0.76092 -0.23505 0.58023
1413393299655760640.000000000 -2.00700 0.02939 -0.16756 0.16354 0.76280 -0.24072 0.57745
1413393299755760384.000000000 -1.98472 0.03256 -0.16219 0.16038 0.76524 -0.24296 0.57416
1413393299855760640.000000000 -1.96936 0.03698 -0.15390 0.16260 0.76703 -0.24022 0.57229
1413393299955760384.000000000 -1.95465 0.04284 -0.14601 0.16864 0.77260 -0.23464 0.56532
1413393300055760384.000000000 -1.94063 0.05123 -0.13700 0.17595 0.77717 -0.22772 0.55963
1413393300155760640.000000000 -1.92605 0.06221 -0.12805 0.17624 0.77915 -0.22627 0.55738
1413393300255760384.000000000 -1.90793 0.07796 -0.11893 0.16419 0.77941 -0.22956 0.55934
1413393300355760640.000000000 -1.88866 0.09585 -0.10892 0.14425 0.78017 -0.22899 0.56399
1413393300455760384.000000000 -1.86861 0.11342 -0.09718 0.12276 0.78274 -0.22235 0.56816
1413393300555760384.000000000 -1.84962 0.12812 -0.08453 0.10529 0.78625 -0.20797 0.57225
1413393300655760640.000000000 -1.83327 0.13911 -0.07271 0.09229 0.79132 -0.18616 0.57501
1413393300755760384.000000000 -1.82016 0.14495 -0.06051 0.08367 0.79789 -0.15872 0.57549
1413393300855760640.000000000 -1.80789 0.14834 -0.05133 0.08023 0.80154 -0.13341 0.57732
1413393300955760384.000000000 -1.79544 0.15035 -0.05294 0.07821 0.80098 -0.11458 0.58240
1413393301055760384.000000000 -1.78238 0.15360 -0.06604 0.07410 0.79729 -0.10245 0.59021
1413393301155760640.000000000 -1.77001 0.15867 -0.08642 0.06754 0.79482 -0.09171 0.59606
1413393301255760384.000000000 -1.76049 0.16650 -0.11393 0.05765 0.79473 -0.07979 0.59893
1413393301355760640.000000000 -1.75530 0.17738 -0.14053 0.04664 0.79562 -0.06441 0.60055
1413393301455760384.000000000 -1.75846 0.19133 -0.16431 0.03227 0.79740 -0.04758 0.60071
1413393301555760384.000000000 -1.76508 0.20739 -0.18486 0.01831 0.80281 -0.02789 0.59530
1413393301655760640.000000000 -1.77527 0.22571 -0.20209 0.00635 0.80979 -0.00576 0.58665
1413393301755760384.000000000 -1.79044 0.24527 -0.21511 -0.00242 0.81366 0.01341 0.58118
1413393301855760640.000000000 -1.80495 0.26804 -0.22608 -0.00852 0.81456 0.02722 0.57938
1413393301955760384.000000000 -1.81950 0.29370 -0.23435 -0.01226 0.81464 0.03669 0.57867
1413393302055760384.000000000 -1.83193 0.32112 -0.23923 -0.01452 0.81313 0.04212 0.58037
1413393302155760640.000000000 -1.84047 0.35124 -0.24193 -0.01797 0.81251 0.04286 0.58109
1413393302255760384.000000000 -1.84644 0.38481 -0.24279 -0.02064 0.81257 0.04062 0.58109
1413393302355760640.000000000 -1.85189 0.42141 -0.24212 -0.02412 0.81199 0.03500 0.58211
1413393302455760384.000000000 -1.85726 0.45952 -0.23905 -0.02595 0.81207 0.02854 0.58228
1413393302555760384.000000000 -1.86286 0.49769 -0.23319 -0.02855 0.81272 0.02024 0.58161
1413393302655760640.000000000 -1.86893 0.53552 -0.22494 -0.03073 0.81411 0.01212 0.57977
1413393302755760384.000000000 -1.87355 0.56970 -0.21260 -0.03053 0.81523 0.00743 0.57828
1413393302855760640.000000000 -1.87672 0.60190 -0.19772 -0.03105 0.81555 0.00378 0.57784
1413393302955760384.000000000 -1.87789 0.62982 -0.18060 -0.03097 0.81613 0.00250 0.57703
1413393303055760384.000000000 -1.87830 0.65614 -0.16324 -0.02803 0.81564 0.00473 0.57786
1413393303155760640.000000000 -1.87736 0.67929 -0.14580 -0.02599 0.81508 0.00643 0.57873
1413393303255760384.000000000 -1.87534 0.70085 -0.12791 -0.02547 0.81467 0.00738 0.57932
1413393303355760640.000000000 -1.87215 0.71967 -0.10958 -0.01751 0.81522 0.01279 0.57874
1413393303455760384.000000000 -1.86832 0.73964 -0.08937 -0.00973 0.81582 0.01736 0.57796
1413393303555760384.000000000 -1.86312 0.75967 -0.06695 -0.00518 0.81489 0.01869 0.57930
1413393303655760640.000000000 -1.85735 0.78232 -0.04147 -0.00372 0.81251 0.01782 0.58267
1413393303755760384.000000000 -1.85108 0.80743 -0.01548 -0.00473 0.81220 0.01450 0.58318
1413393303855760640.000000000 -1.84551 0.83300 0.01200 -0.00751 0.81164 0.01093 0.58400
1413393303955760384.000000000 -1.84041 0.85901 0.03960 -0.01350 0.81155 0.00625 0.58410
1413393304055760384.000000000 -1.83563 0.88380 0.05729 -0.01910 0.81212 0.00152 0.58318
1413393304155760640.000000000 -1.83069 0.90459 0.06263 -0.02038 0.81581 0.00020 0.57796
1413393304255760384.000000000 -1.82357 0.92526 0.05796 -0.01713 0.82041 0.00343 0.57151
1413393304355760640.000000000 -1.81289 0.94354 0.05126 -0.01132 0.82339 0.00903 0.56730
1413393304455760384.000000000 -1.80017 0.96061 0.03978 -0.00710 0.82407 0.01426 0.56627
1413393304555760384.000000000 -1.78162 0.98361 0.03881 -0.00565 0.82218 0.01846 0.56891
1413393304655760640.000000000 -1.76296 1.00258 0.03434 -0.00347 0.81945 0.02284 0.57269
1413393304755760384.000000000 -1.74344 1.02393 0.03299 -0.00495 0.81727 0.02504 0.57570
1413393304855760640.000000000 -1.72135 1.04455 0.02749 -0.01072 0.81656 0.02547 0.57659
1413393304955760384.000000000 -1.69939 1.06795 0.02808 -0.01279 0.81705 0.02737 0.57577
1413393305055760384.000000000 -1.67718 1.09120 0.02868 -0.01315 0.81847 0.02902 0.57366
1413393305155760640.000000000 -1.65343 1.11463 0.03114 -0.01474 0.81953 0.02764 0.57217
1413393305255760384.000000000 -1.62613 1.13748 0.03549 -0.00869 0.81965 0.03029 0.57199
1413393305355760640.000000000 -1.59866 1.16193 0.04682 -0.00348 0.81872 0.02839 0.57348
1413393305455760384.000000000 -1.57004 1.18894 0.05532 -0.00252 0.81957 0.02155 0.57257
1413393305555760384.000000000 -1.54083 1.22024 0.06814 -0.00199 0.81954 0.01508 0.57282
1413393305655760640.000000000 -1.51025 1.25252 0.07959 -0.00003 0.81990 0.00976 0.57242
1413393305755760384.000000000 -1.47621 1.28702 0.09487 0.00935 0.81902 0.00502 0.57366
1413393305855760640.000000000 -1.44155 1.32312 0.11081 0.02400 0.81688 0.00218 0.57630
1413393305955760384.000000000 -1.40501 1.36375 0.12713 0.03625 0.81565 -0.00022 0.57740
1413393306055760384.000000000 -1.36761 1.41123 0.14362 0.03454 0.81447 -0.00853 0.57911
1413393306155760640.000000000 -1.33046 1.46486 0.15963 0.03091 0.81430 -0.01491 0.57943
1413393306255760384.000000000 -1.29416 1.52196 0.17523 0.02721 0.81465 -0.01903 0.57900
1413393306355760640.000000000 -1.25850 1.58052 0.18992 0.02389 0.81708 -0.02495 0.57549
1413393306455760384.000000000 -1.22260 1.63953 0.20002 0.02437 0.81968 -0.03755 0.57107
1413393306555760384.000000000 -1.18688 1.69510 0.20145 0.03083 0.81944 -0.05553 0.56964
1413393306655760640.000000000 -1.14881 1.74874 0.19570 0.04244 0.81539 -0.07598 0.57233
1413393306755760384.000000000 -1.11117 1.80040 0.18447 0.04433 0.81061 -0.10182 0.57495
1413393306855760640.000000000 -1.07421 1.84858 0.17659 0.04514 0.80645 -0.12215 0.57678
1413393306955760384.000000000 -1.03985 1.88886 0.17257 0.04978 0.80347 -0.13934 0.57666
1413393307055760384.000000000 -1.00720 1.92185 0.17283 0.06112 0.80154 -0.15427 0.57445
1413393307155760640.000000000 -0.97584 1.94621 0.17343 0.07962 0.79971 -0.16612 0.57142
1413393307255760384.000000000 -0.94420 1.96393 0.17483 0.09880 0.79732 -0.17933 0.56776
1413393307355760640.000000000 -0.91311 1.97938 0.17734 0.11699 0.79412 -0.19492 0.56364
1413393307455760384.000000000 -0.88215 1.99121 0.18174 0.13570 0.78977 -0.21387 0.55867
1413393307555760384.000000000 -0.85054 2.00051 0.18765 0.15248 0.78600 -0.23621 0.55060
1413393307655760640.000000000 -0.81667 2.00843 0.19494 0.16549 0.78165 -0.26171 0.54143
1413393307755760384.000000000 -0.78039 2.01343 0.20345 0.18015 0.77628 -0.28523 0.53253
1413393307855760640.000000000 -0.74189 2.01430 0.21465 0.20263 0.76619 -0.30099 0.53038
1413393307955760384.000000000 -0.70113 2.01391 0.22656 0.22395 0.75573 -0.31634 0.52787
1413393308055760384.000000000 -0.65821 2.01356 0.23915 0.24192 0.74559 -0.33356 0.52375
1413393308155760640.000000000 -0.61270 2.01502 0.25207 0.25776 0.73624 -0.35185 0.51741
1413393308255760384.000000000 -0.56459 2.01770 0.26543 0.27284 0.72655 -0.37013 0.51058
1413393308355760640.000000000 -0.51344 2.02206 0.27859 0.28577 0.71384 -0.39069 0.50609
1413393308455760384.000000000 -0.46197 2.02816 0.29090 0.29468 0.70113 -0.41338 0.50070
1413393308555760384.000000000 -0.41043 2.03475 0.29713 0.30019 0.68945 -0.43762 0.49298
1413393308655760640.000000000 -0.36139 2.04194 0.29498 0.30625 0.67612 -0.46209 0.48534
1413393308755760384.000000000 -0.31454 2.04606 0.28570 0.31342 0.66042 -0.48604 0.47893
1413393308855760640.000000000 -0.27356 2.04934 0.26920 0.32874 0.64279 -0.50354 0.47455
1413393308955760384.000000000 -0.23908 2.04973 0.24606 0.34598 0.62656 -0.51811 0.46828
1413393309055760384.000000000 -0.21049 2.04902 0.22322 0.36143 0.61211 -0.53228 0.45975
1413393309155760640.000000000 -0.18557 2.04871 0.20239 0.37502 0.59781 -0.54563 0.45196
1413393309255760384.000000000 -0.16458 2.04924 0.18380 0.38565 0.58718 -0.55564 0.44470
1413393309355760640.000000000 -0.14385 2.05125 0.16866 0.39602 0.58332 -0.55902 0.43635
1413393309455760384.000000000 -0.12158 2.05399 0.15463 0.40256 0.58412 -0.55943 0.42870
1413393309555760384.000000000 -0.09641 2.05721 0.14367 0.40180 0.58849 -0.56043 0.42207
1413393309655760640.000000000 -0.07121 2.06390 0.13957 0.39591 0.59593 -0.56241 0.41452
1413393309755760384.000000000 -0.04154 2.06357 0.12912 0.38877 0.59887 -0.56488 0.41368
1413393309855760640.000000000 -0.01353 2.05792 0.12163 0.37946 0.59701 -0.56833 0.42022
1413393309955760384.000000000 0.01195 2.04876 0.11529 0.37238 0.59555 -0.57091 0.42512
1413393310055760384.000000000 0.03435 2.03665 0.11029 0.36755 0.59360 -0.57241 0.42999
1413393310155760640.000000000 0.05199 2.02059 0.10922 0.37088 0.59253 -0.56862 0.43362
1413393310255760384.000000000 0.06546 2.00165 0.10728 0.38224 0.59632 -0.55943 0.43050
1413393310355760640.000000000 0.07673 1.98382 0.10812 0.39168 0.60093 -0.55217 0.42495
1413393310455760384.000000000 0.08902 1.96380 0.10690 0.39717 0.60241 -0.54870 0.42223
1413393310555760384.000000000 0.10184 1.94505 0.10533 0.39452 0.59982 -0.55069 0.42580
1413393310655760640.000000000 0.11523 1.92543 0.10184 0.38755 0.59547 -0.55586 0.43156
1413393310755760384.000000000 0.12497 1.90699 0.09974 0.37971 0.59121 -0.56155 0.43697
1413393310855760640.000000000 0.13215 1.88590 0.09627 0.37458 0.58813 -0.56626 0.43947
1413393310955760384.000000000 0.13367 1.86481 0.09417 0.37996 0.59191 -0.56509 0.43122
1413393311055760384.000000000 0.13254 1.84064 0.08909 0.38657 0.59604 -0.56410 0.42081
1413393311155760640.000000000 0.13087 1.81431 0.07998 0.39076 0.59708 -0.56455 0.41484
1413393311255760384.000000000 0.12988 1.78462 0.06010 0.38900 0.59357 -0.56843 0.41623
1413393311355760640.000000000 0.12733 1.75373 0.03623 0.38971 0.59383 -0.56920 0.41414
1413393311455760384.000000000 0.12435 1.71898 0.01334 0.39231 0.59552 -0.56829 0.41048
1413393311555760384.000000000 0.12240 1.67931 -0.00624 0.39416 0.59731 -0.56778 0.40679
1413393311655760640.000000000 0.12084 1.63843 -0.02118 0.39700 0.59791 -0.56562 0.40616
1413393311755760384.000000000 0.12168 1.59329 -0.02970 0.40153 0.59623 -0.56129 0.41016
1413393311855760640.000000000 0.12548 1.54494 -0.03628 0.40422 0.59522 -0.55621 0.41587
1413393311955760384.000000000 0.13179 1.49535 -0.04156 0.40315 0.59673 -0.55118 0.42142
1413393312055760384.000000000 0.14011 1.44743 -0.04451 0.40614 0.59792 -0.54210 0.42858
1413393312155760640.000000000 0.15083 1.40248 -0.04741 0.40872 0.59971 -0.53391 0.43387
1413393312255760384.000000000 0.16461 1.35983 -0.05061 0.40434 0.60227 -0.53300 0.43553
1413393312355760640.000000000 0.17990 1.32128 -0.05289 0.39363 0.59880 -0.53873 0.44301
1413393312455760384.000000000 0.19466 1.28601 -0.05479 0.37957 0.59654 -0.54702 0.44815
1413393312555760384.000000000 0.20665 1.25026 -0.05706 0.37179 0.59527 -0.55218 0.45003
1413393312655760640.000000000 0.21417 1.21599 -0.05654 0.37908 0.59818 -0.54736 0.44595
1413393312755760384.000000000 0.21980 1.18352 -0.05574 0.38541 0.60291 -0.54292 0.43954
1413393312855760640.000000000 0.22317 1.15449 -0.05508 0.38689 0.60439 -0.54050 0.43919
1413393312955760384.000000000 0.22853 1.12281 -0.05254 0.38650 0.60278 -0.53741 0.44549
1413393313055760384.000000000 0.23257 1.09693 -0.04788 0.38513 0.60293 -0.53324 0.45145
1413393313155760640.000000000 0.23619 1.07362 -0.04263 0.38245 0.61316 -0.52928 0.44455
1413393313255760384.000000000 0.24075 1.04948 -0.03305 0.37908 0.62280 -0.52467 0.43948
1413393313355760640.000000000 0.24574 1.02784 -0.02389 0.37203 0.62590 -0.52332 0.44270
1413393313455760384.000000000 0.25019 1.00626 -0.01372 0.36795 0.62510 -0.52283 0.44777
1413393313555760384.000000000 0.25369 0.98119 -0.00479 0.36734 0.61775 -0.52282 0.45838
1413393313655760640.000000000 0.25254 0.95890 -0.00252 0.36867 0.60554 -0.52578 0.47006
1413393313755760384.000000000 0.24362 0.94140 -0.00325 0.37986 0.59623 -0.52609 0.47269
1413393313855760640.000000000 0.22781 0.93406 -0.00374 0.39146 0.59209 -0.52707 0.46733
1413393313955760384.000000000 0.20725 0.93588 -0.00747 0.39207 0.59579 -0.53796 0.44934
1413393314055760384.000000000 0.18480 0.94067 -0.01225 0.38933 0.59697 -0.55158 0.43337
1413393314155760640.000000000 0.16402 0.94158 -0.01529 0.38848 0.59592 -0.55827 0.42696
1413393314255760384.000000000 0.14431 0.93818 -0.01605 0.39036 0.59859 -0.55592 0.42457
1413393314355760640.000000000 0.12575 0.93358 -0.01291 0.38806 0.60521 -0.54858 0.42684
1413393314455760384.000000000 0.10951 0.92817 -0.01137 0.38151 0.61817 -0.53684 0.42909
1413393314555760384.000000000 0.09655 0.91998 -0.01000 0.37128 0.63329 -0.52066 0.43591
1413393314655760640.000000000 0.08797 0.90929 -0.01184 0.35833 0.65061 -0.50194 0.44313
1413393314755760384.000000000 0.08486 0.89807 -0.01426 0.34478 0.66614 -0.48517 0.44944
1413393314855760640.000000000 0.08280 0.88172 -0.01838 0.33121 0.67835 -0.47135 0.45604
1413393314955760384.000000000 0.08473 0.86249 -0.02402 0.31712 0.68940 -0.45787 0.46317
1413393315055760384.000000000 0.09070 0.83958 -0.03075 0.30364 0.69727 -0.44697 0.47099
1413393315155760640.000000000 0.09962 0.81342 -0.03968 0.29571 0.70307 -0.43838 0.47547
1413393315255760384.000000000 0.11130 0.78326 -0.04956 0.29785 0.70658 -0.42914 0.47735
1413393315355760640.000000000 0.12663 0.75069 -0.06106 0.30702 0.70729 -0.42049 0.47819
1413393315455760384.000000000 0.14712 0.71644 -0.07227 0.32059 0.70546 -0.41233 0.47910
1413393315555760384.000000000 0.17470 0.68523 -0.08258 0.32725 0.70088 -0.41075 0.48265
1413393315655760640.000000000 0.20899 0.65822 -0.08651 0.32725 0.69423 -0.41329 0.49005
1413393315755760384.000000000 0.24732 0.63602 -0.07905 0.32339 0.68951 -0.41836 0.49494
1413393315855760640.000000000 0.28711 0.61919 -0.05770 0.31436 0.68549 -0.42558 0.50016
1413393315955760384.000000000 0.32660 0.60515 -0.02851 0.30799 0.68445 -0.42992 0.50183
1413393316055760384.000000000 0.36413 0.59233 0.00232 0.30716 0.68410 -0.43027 0.50252
1413393316155760640.000000000 0.40244 0.58030 0.03517 0.31083 0.68582 -0.42689 0.50079
1413393316255760384.000000000 0.43763 0.57021 0.07169 0.31466 0.68714 -0.42262 0.50021
1413393316355760640.000000000 0.47587 0.56019 0.10938 0.31343 0.68801 -0.42135 0.50087
1413393316455760384.000000000 0.51599 0.55246 0.14731 0.30992 0.68932 -0.42140 0.50120
1413393316555760384.000000000 0.55700 0.54653 0.18489 0.30564 0.69086 -0.42200 0.50121
1413393316655760640.000000000 0.59957 0.54097 0.21961 0.30202 0.69353 -0.42183 0.49985
1413393316755760384.000000000 0.64239 0.53668 0.24677 0.29892 0.69721 -0.42094 0.49735
1413393316855760640.000000000 0.68516 0.53262 0.26257 0.29625 0.70015 -0.41897 0.49648
1413393316955760384.000000000 0.72968 0.52842 0.26571 0.29417 0.70251 -0.41649 0.49647
1413393317055760384.000000000 0.77530 0.52402 0.26153 0.29553 0.70209 -0.41254 0.49955
1413393317155760640.000000000 0.82203 0.52076 0.25156 0.29861 0.69897 -0.40779 0.50595
1413393317255760384.000000000 0.86872 0.51925 0.24220 0.30242 0.69568 -0.40454 0.51080
1413393317355760640.000000000 0.91479 0.52092 0.23467 0.30449 0.69282 -0.40347 0.51430
1413393317455760384.000000000 0.96065 0.52699 0.22854 0.30644 0.69170 -0.40356 0.51458
1413393317555760384.000000000 1.00662 0.53840 0.21878 0.30793 0.69014 -0.40418 0.51530
1413393317655760640.000000000 1.05231 0.55320 0.19923 0.30720 0.68979 -0.40625 0.51457
1413393317755760384.000000000 1.09787 0.57376 0.17284 0.30598 0.68857 -0.40920 0.51458
1413393317855760640.000000000 1.14389 0.59606 0.14819 0.30611 0.68856 -0.41188 0.51239
1413393317955760384.000000000 1.18758 0.62232 0.12527 0.30820 0.68991 -0.41433 0.50732
1413393318055760384.000000000 1.23520 0.64916 0.10264 0.30874 0.69063 -0.41923 0.50196
1413393318155760640.000000000 1.27906 0.68199 0.07664 0.30594 0.68989 -0.42628 0.49874
1413393318255760384.000000000 1.32932 0.71080 0.05055 0.30020 0.68671 -0.43495 0.49913
1413393318355760640.000000000 1.37666 0.74029 0.02241 0.29617 0.68189 -0.44152 0.50237
1413393318455760384.000000000 1.42027 0.76932 -0.00729 0.29408 0.67925 -0.44505 0.50406
1413393318555760384.000000000 1.45870 0.79857 -0.04022 0.29436 0.67746 -0.44671 0.50483
1413393318655760640.000000000 1.49401 0.82524 -0.07118 0.29413 0.67653 -0.44788 0.50516
1413393318755760384.000000000 1.52624 0.85041 -0.10015 0.29297 0.67590 -0.44845 0.50618
1413393318855760640.000000000 1.55183 0.87316 -0.12072 0.29629 0.67521 -0.44546 0.50781
1413393318955760384.000000000 1.57463 0.89649 -0.13699 0.30278 0.67102 -0.43957 0.51463
1413393319055760384.000000000 1.59007 0.92070 -0.14726 0.30571 0.67007 -0.43603 0.51713
1413393319155760640.000000000 1.60154 0.94883 -0.15529 0.29978 0.67430 -0.43904 0.51255
1413393319255760384.000000000 1.61045 0.97852 -0.15912 0.29333 0.67940 -0.44186 0.50708
1413393319355760640.000000000 1.61188 1.00675 -0.16116 0.28710 0.68430 -0.44497 0.50130
1413393319455760384.000000000 1.61260 1.03305 -0.17076 0.28374 0.68821 -0.44646 0.49652
1413393319555760384.000000000 1.61355 1.05616 -0.18646 0.27511 0.69272 -0.45117 0.49082
1413393319655760640.000000000 1.61133 1.07454 -0.20703 0.26504 0.69571 -0.45657 0.48712
1413393319755760384.000000000 1.60434 1.08617 -0.22569 0.26551 0.69768 -0.45468 0.48581
1413393319855760640.000000000 1.59863 1.08568 -0.24790 0.27867 0.70058 -0.44375 0.48438
1413393319955760384.000000000 1.59578 1.08156 -0.27646 0.29086 0.70088 -0.43351 0.48605
1413393320055760384.000000000 1.59525 1.07576 -0.31002 0.29875 0.69962 -0.42682 0.48898
1413393320155760640.000000000 1.59711 1.07020 -0.34337 0.30521 0.69502 -0.42216 0.49556
1413393320255760384.000000000 1.60163 1.06507 -0.37433 0.30972 0.68940 -0.42023 0.50220
1413393320355760640.000000000 1.60851 1.06184 -0.39441 0.30749 0.68962 -0.42456 0.49962
1413393320455760384.000000000 1.61672 1.06296 -0.40241 0.30121 0.69344 -0.43122 0.49241
1413393320555760384.000000000 1.62694 1.06357 -0.40360 0.30046 0.69634 -0.43383 0.48644
1413393320655760640.000000000 1.63920 1.06437 -0.41241 0.30245 0.69756 -0.43489 0.48250
1413393320755760384.000000000 1.65470 1.06430 -0.44717 0.30413 0.69680 -0.43495 0.48248
1413393320855760640.000000000 1.66557 1.06606 -0.48323 0.31342 0.68487 -0.43089 0.49705
1413393320955760384.000000000 1.65530 1.06974 -0.45652 0.31606 0.69457 -0.43096 0.48162
1413393321055760384.000000000 1.64859 1.07371 -0.45927 0.31460 0.70585 -0.42988 0.46691
1413393321155760640.000000000 1.64333 1.07918 -0.48400 0.31213 0.68021 -0.43067 0.50440
1413393321255760384.000000000 1.63947 1.08355 -0.46671 0.32723 0.68105 -0.42321 0.49998
1413393321355760640.000000000 1.63826 1.08236 -0.48154 0.31388 0.68166 -0.43743 0.49546
1413393321455760384.000000000 1.63701 1.08560 -0.47767 0.31985 0.67707 -0.43380 0.50110
1413393321555760384.000000000 1.63663 1.08480 -0.47900 0.31822 0.67951 -0.43480 0.49794
1413393321655760640.000000000 1.63699 1.08598 -0.47924 0.32026 0.67877 -0.43328 0.49897
1413393321755760384.000000000 1.63667 1.08552 -0.47969 0.31916 0.67921 -0.43393 0.49851
1413393321855760640.000000000 1.63654 1.08575 -0.47954 0.31967 0.67859 -0.43351 0.49939
1413393321955760384.000000000 1.63676 1.08569 -0.47966 0.31926 0.67891 -0.43369 0.49907
1413393322055760384.000000000 1.63654 1.08575 -0.47959 0.31947 0.67850 -0.43342 0.49973
1413393322155760640.000000000 1.63645 1.08565 -0.47966 0.31934 0.67869 -0.43341 0.49955
1413393322255760384.000000000 1.63647 1.08570 -0.47967 0.31941 0.67859 -0.43337 0.49968
1413393322355760640.000000000 1.63648 1.08575 -0.47963 0.31934 0.67864 -0.43329 0.49974
1413393322455760384.000000000 1.63641 1.08567 -0.47968 0.31929 0.67867 -0.43338 0.49964
1413393322555760384.000000000 1.63640 1.08568 -0.47964 0.31923 0.67873 -0.43321 0.49976
1413393322655760640.000000000 1.63641 1.08566 -0.47966 0.31919 0.67873 -0.43332 0.49968
1413393322755760384.000000000 1.63641 1.08565 -0.47966 0.31900 0.67879 -0.43328 0.49975
1413393322855760640.000000000 1.63640 1.08561 -0.47971 0.31901 0.67878 -0.43325 0.49978
1413393322955760384.000000000 1.63637 1.08560 -0.47970 0.31892 0.67876 -0.43328 0.49984
1413393323055760384.000000000 1.63637 1.08560 -0.47974 0.31881 0.67880 -0.43323 0.49991
1413393323155760640.000000000 1.63635 1.08559 -0.47978 0.31871 0.67882 -0.43320 0.49996
1413393323255760384.000000000 1.63635 1.08555 -0.47984 0.31864 0.67883 -0.43319 0.49999
1413393323355760640.000000000 1.63634 1.08553 -0.47988 0.31858 0.67883 -0.43321 0.50003
1413393323455760384.000000000 1.63635 1.08547 -0.47996 0.31845 0.67881 -0.43327 0.50008
1413393323555760384.000000000 1.63634 1.08543 -0.48003 0.31832 0.67883 -0.43327 0.50014
1413393323655760640.000000000 1.63634 1.08541 -0.48006 0.31827 0.67881 -0.43332 0.50016
1413393323755760384.000000000 1.63634 1.08541 -0.48007 0.31823 0.67881 -0.43334 0.50016
1413393323855760640.000000000 1.63633 1.08541 -0.48007 0.31818 0.67884 -0.43330 0.50020
1413393323955760384.000000000 1.63632 1.08541 -0.48008 0.31815 0.67884 -0.43331 0.50021
1413393324055760384.000000000 1.63631 1.08541 -0.48008 0.31812 0.67884 -0.43333 0.50021
1413393324155760640.000000000 1.63631 1.08541 -0.48008 0.31808 0.67885 -0.43334 0.50020
1413393324255760384.000000000 1.63631 1.08541 -0.48010 0.31804 0.67883 -0.43336 0.50023
1413393324355760640.000000000 1.63629 1.08539 -0.48012 0.31800 0.67883 -0.43339 0.50024
1413393324455760384.000000000 1.63628 1.08539 -0.48014 0.31794 0.67881 -0.43340 0.50030
1413393324555760384.000000000 1.63628 1.08537 -0.48014 0.31790 0.67888 -0.43338 0.50024
1413393324655760640.000000000 1.63627 1.08536 -0.48013 0.31792 0.67889 -0.43335 0.50024
1413393324755760384.000000000 1.63626 1.08535 -0.48014 0.31789 0.67891 -0.43333 0.50025
1413393324855760640.000000000 1.63626 1.08534 -0.48015 0.31788 0.67893 -0.43332 0.50024
1413393324955760384.000000000 1.63625 1.08533 -0.48016 0.31784 0.67893 -0.43335 0.50024
1413393325055760384.000000000 1.63624 1.08531 -0.48020 0.31782 0.67890 -0.43335 0.50030
1413393325155760640.000000000 1.63624 1.08528 -0.48022 0.31772 0.67895 -0.43334 0.50030
1413393325255760384.000000000 1.63626 1.08528 -0.48023 0.31770 0.67896 -0.43330 0.50033
1413393325355760640.000000000 1.63628 1.08530 -0.48025 0.31766 0.67898 -0.43327 0.50036
1413393325455760384.000000000 1.63623 1.08530 -0.48027 0.31779 0.67887 -0.43337 0.50033
