1413393890105760512.000000000 0.03131 0.00706 0.18941 0.02734 0.81907 0.02250 0.57260
1413393890205760512.000000000 0.05039 0.02657 0.24780 0.01867 0.81493 0.01649 0.57903
1413393890305760256.000000000 0.07118 0.04951 0.28683 0.01136 0.81255 0.01081 0.58268
1413393890405760512.000000000 0.09287 0.07407 0.30518 0.00608 0.81199 0.00660 0.58360
1413393890505760512.000000000 0.11516 0.09936 0.30718 0.00082 0.80547 0.00277 0.59263
1413393890605760512.000000000 0.13512 0.12531 0.30893 -0.00178 0.79318 0.00118 0.60898
1413393890705760512.000000000 0.14940 0.14949 0.30730 0.00032 0.79474 0.00277 0.60695
1413393890805760256.000000000 0.15649 0.17282 0.30735 0.00239 0.80229 0.00461 0.59691
1413393890905760512.000000000 0.16003 0.19724 0.31413 0.00394 0.80777 0.00550 0.58946
1413393891005760512.000000000 0.15988 0.22130 0.32035 0.00545 0.81051 0.00668 0.58567
1413393891105760512.000000000 0.16235 0.24842 0.33413 0.00590 0.81092 0.00771 0.58508
1413393891205760512.000000000 0.16229 0.27418 0.34842 0.00404 0.81065 0.00756 0.58547
1413393891305760256.000000000 0.16478 0.30320 0.35670 0.00271 0.80439 0.00774 0.59404
1413393891405760512.000000000 0.16344 0.33190 0.35332 -0.00045 0.77266 0.00766 0.63477
1413393891505760512.000000000 0.14873 0.36208 0.34209 -0.00550 0.73801 0.00683 0.67473
1413393891605760512.000000000 0.11091 0.39264 0.32976 -0.00514 0.72513 0.00864 0.68854
1413393891705760512.000000000 0.04573 0.42553 0.32202 -0.00505 0.72480 0.00882 0.68888
1413393891805760256.000000000 -0.04384 0.45855 0.32138 -0.00395 0.72762 0.00927 0.68591
1413393891905760512.000000000 -0.16305 0.48507 0.32326 -0.00193 0.74067 0.00940 0.67180
1413393892005760512.000000000 -0.30147 0.51934 0.33351 -0.00015 0.76967 0.00828 0.63838
1413393892105760512.000000000 -0.45512 0.54911 0.34936 0.00197 0.79540 0.00774 0.60603
1413393892205760512.000000000 -0.61224 0.57869 0.36987 0.00484 0.80906 0.00757 0.58765
1413393892305760256.000000000 -0.76755 0.61045 0.38611 0.00779 0.81386 0.00660 0.58097
1413393892405760512.000000000 -0.91549 0.64012 0.39219 0.00957 0.81815 0.00515 0.57491
1413393892505760512.000000000 -1.05711 0.66937 0.38723 0.01205 0.82047 0.00434 0.57155
1413393892605760512.000000000 -1.19229 0.69848 0.37088 0.01242 0.82431 0.00318 0.56600
1413393892705760512.000000000 -1.32156 0.73025 0.34786 0.01439 0.83424 0.00307 0.55120
1413393892805760256.000000000 -1.44079 0.76661 0.32361 0.01619 0.84928 0.00333 0.52769
1413393892905760512.000000000 -1.54399 0.80645 0.30424 0.01731 0.86181 0.00289 0.50693
1413393893005760512.000000000 -1.62480 0.84836 0.29034 0.01813 0.87096 0.00451 0.49100
1413393893105760512.000000000 -1.67926 0.89262 0.28333 0.01731 0.87367 0.00601 0.48617
1413393893205760512.000000000 -1.70165 0.93886 0.28623 0.01634 0.86889 0.00787 0.49468
1413393893305760256.000000000 -1.68494 0.98179 0.29933 0.01273 0.86304 0.00602 0.50494
1413393893405760512.000000000 -1.65311 1.02547 0.31399 0.00337 0.85924 -0.00173 0.51157
1413393893505760512.000000000 -1.60738 1.06857 0.32875 -0.00627 0.85703 -0.00804 0.51517
1413393893605760512.000000000 -1.54719 1.11010 0.34431 -0.01405 0.85463 -0.01226 0.51890
1413393893705760512.000000000 -1.47108 1.14684 0.35894 -0.02220 0.85420 -0.01726 0.51918
1413393893805760256.000000000 -1.37985 1.17758 0.37689 -0.02650 0.85022 -0.01999 0.52538
1413393893905760512.000000000 -1.27632 1.20210 0.39879 -0.02509 0.84005 -0.01921 0.54159
1413393894005760512.000000000 -1.16287 1.22004 0.42153 -0.02262 0.82869 -0.01760 0.55897
1413393894105760512.000000000 -1.04384 1.23241 0.44424 -0.02169 0.82308 -0.01585 0.56730
1413393894205760512.000000000 -0.92089 1.24028 0.46774 -0.02405 0.82179 -0.01645 0.56904
1413393894305760256.000000000 -0.79573 1.24122 0.49043 -0.02627 0.82116 -0.01848 0.56979
1413393894405760512.000000000 -0.66849 1.23673 0.50259 -0.02544 0.82079 -0.01780 0.57038
1413393894505760512.000000000 -0.53851 1.22751 0.49652 -0.02192 0.81976 -0.01477 0.57209
1413393894605760512.000000000 -0.40571 1.21343 0.47919 -0.01638 0.81814 -0.01138 0.57468
1413393894705760512.000000000 -0.27104 1.19476 0.45799 -0.01253 0.81600 -0.00885 0.57785
1413393894805760256.000000000 -0.13690 1.17254 0.43833 -0.01241 0.81518 -0.00712 0.57904
1413393894905760512.000000000 -0.00485 1.14776 0.42227 -0.01206 0.81236 -0.00522 0.58301
1413393895005760512.000000000 0.12640 1.12172 0.41084 -0.01075 0.80591 -0.00293 0.59194
1413393895105760512.000000000 0.25593 1.09489 0.40225 -0.00990 0.80137 -0.00062 0.59809
1413393895205760512.000000000 0.38151 1.06680 0.39501 -0.00932 0.80398 0.00119 0.59458
1413393895305760256.000000000 0.50252 1.03834 0.38898 -0.00891 0.80451 0.00215 0.59387
1413393895405760512.000000000 0.61630 1.01047 0.37776 -0.00823 0.80119 0.00263 0.59834
1413393895505760512.000000000 0.72460 0.98118 0.35643 -0.00568 0.79947 0.00107 0.60068
1413393895605760512.000000000 0.83099 0.94969 0.33281 -0.00203 0.80014 -0.00779 0.59976
1413393895705760512.000000000 0.93238 0.91680 0.31502 0.00971 0.79798 -0.01719 0.60236
1413393895805760256.000000000 1.02853 0.88278 0.30102 0.02235 0.79452 -0.03298 0.60593
1413393895905760512.000000000 1.11826 0.84710 0.29132 0.04105 0.79186 -0.05442 0.60689
1413393896005760512.000000000 1.19729 0.81115 0.28449 0.06315 0.79095 -0.08150 0.60314
1413393896105760512.000000000 1.26969 0.77650 0.27792 0.09089 0.78771 -0.11230 0.59886
1413393896205760512.000000000 1.33511 0.74516 0.27494 0.11833 0.77985 -0.14484 0.59737
1413393896305760256.000000000 1.39135 0.71877 0.27516 0.14921 0.76546 -0.17613 0.60065
1413393896405760512.000000000 1.44049 0.69913 0.27824 0.17559 0.74961 -0.21160 0.60207
1413393896505760512.000000000 1.47479 0.68987 0.28558 0.18764 0.73420 -0.25677 0.59984
1413393896605760512.000000000 1.49548 0.68688 0.29469 0.19640 0.72400 -0.30442 0.58701
1413393896705760512.000000000 1.50889 0.68401 0.30636 0.20513 0.71387 -0.34844 0.57176
1413393896805760256.000000000 1.51489 0.67825 0.31986 0.21054 0.70124 -0.39128 0.55752
1413393896905760512.000000000 1.51177 0.66714 0.33390 0.21401 0.69115 -0.43282 0.53776
1413393897005760512.000000000 1.49713 0.64674 0.34865 0.22232 0.69251 -0.46458 0.50514
1413393897105760512.000000000 1.47841 0.61065 0.35911 0.24465 0.70820 -0.47511 0.46138
1413393897205760512.000000000 1.46215 0.55815 0.36753 0.28059 0.71962 -0.46514 0.43251
1413393897305760256.000000000 1.45824 0.49239 0.37580 0.32597 0.72071 -0.43836 0.42680
1413393897405760512.000000000 1.46895 0.42215 0.38405 0.35124 0.71310 -0.42028 0.43760
1413393897505760512.000000000 1.49533 0.35308 0.39018 0.34852 0.70134 -0.42103 0.45760
1413393897605760512.000000000 1.53360 0.28760 0.39399 0.33879 0.69536 -0.42547 0.46975
1413393897705760512.000000000 1.58225 0.22450 0.39720 0.32933 0.69589 -0.42833 0.47309
1413393897805760256.000000000 1.63783 0.16239 0.40244 0.32613 0.69857 -0.42694 0.47261
1413393897905760512.000000000 1.69900 0.10067 0.40904 0.32977 0.69936 -0.42668 0.46915
1413393898005760512.000000000 1.76434 0.04166 0.41995 0.34297 0.69713 -0.42894 0.46086
1413393898105760512.000000000 1.83910 -0.01743 0.43168 0.36670 0.68635 -0.43301 0.45492
1413393898205760512.000000000 1.92015 -0.06781 0.44809 0.39176 0.65765 -0.44177 0.46782
1413393898305760256.000000000 2.00573 -0.10511 0.47171 0.41151 0.62171 -0.45033 0.49127
1413393898405760512.000000000 2.09718 -0.12502 0.49550 0.41990 0.58354 -0.45920 0.52182
1413393898505760512.000000000 2.18359 -0.12059 0.51781 0.41810 0.55056 -0.46728 0.55112
1413393898605760512.000000000 2.26210 -0.09383 0.52436 0.38569 0.55534 -0.49633 0.54453
1413393898705760512.000000000 2.32552 -0.04563 0.51977 0.34622 0.57930 -0.53099 0.51245
1413393898805760256.000000000 2.37132 0.01425 0.50680 0.30538 0.61001 -0.56418 0.46512
1413393898905760512.000000000 2.39924 0.06777 0.49753 0.27287 0.63560 -0.59020 0.41620
1413393899005760512.000000000 2.41358 0.09806 0.49946 0.25871 0.65588 -0.60260 0.37385
1413393899105760512.000000000 2.42373 0.09016 0.51609 0.28171 0.66932 -0.59095 0.35131
1413393899205760512.000000000 2.43867 0.04422 0.55070 0.34069 0.65585 -0.55668 0.37933
1413393899305760256.000000000 2.46195 -0.01624 0.59442 0.40144 0.61699 -0.51490 0.43937
1413393899405760512.000000000 2.49013 -0.06921 0.63712 0.44098 0.57367 -0.47928 0.49672
1413393899505760512.000000000 2.51777 -0.09845 0.67865 0.45750 0.53624 -0.45491 0.54424
1413393899605760512.000000000 2.53952 -0.09243 0.71747 0.45630 0.50815 -0.44192 0.58162
1413393899705760512.000000000 2.54929 -0.04606 0.74533 0.42845 0.51034 -0.45376 0.59169
1413393899805760256.000000000 2.54555 0.03085 0.75984 0.37776 0.54350 -0.49045 0.56689
1413393899905760512.000000000 2.52418 0.12895 0.76533 0.31544 0.58413 -0.53499 0.52257
1413393900005760512.000000000 2.48487 0.23216 0.76483 0.25794 0.62121 -0.57584 0.46473
1413393900105760512.000000000 2.42769 0.32004 0.76472 0.23114 0.64132 -0.59902 0.42008
1413393900205760512.000000000 2.35635 0.37889 0.76257 0.23428 0.65762 -0.60388 0.38467
1413393900305760256.000000000 2.27834 0.40402 0.75785 0.26245 0.67284 -0.59113 0.35913
1413393900405760512.000000000 2.20540 0.39802 0.75226 0.30904 0.67467 -0.56607 0.35900
1413393900505760512.000000000 2.13760 0.36322 0.74426 0.35725 0.66166 -0.53381 0.38681
1413393900605760512.000000000 2.08419 0.32053 0.72886 0.40431 0.63111 -0.50141 0.43224
1413393900705760512.000000000 2.03814 0.28360 0.70318 0.43975 0.59309 -0.47194 0.48180
1413393900805760256.000000000 1.99627 0.26724 0.66729 0.45201 0.56416 -0.45734 0.51793
1413393900905760512.000000000 1.95432 0.27891 0.62969 0.43633 0.55589 -0.46665 0.53182
1413393901005760512.000000000 1.90745 0.31960 0.59102 0.39716 0.56947 -0.49618 0.52131
1413393901105760512.000000000 1.85309 0.37830 0.55586 0.35724 0.59474 -0.52625 0.49166
1413393901205760512.000000000 1.78977 0.44227 0.52554 0.33036 0.63054 -0.54687 0.44070
1413393901305760256.000000000 1.72412 0.49497 0.50371 0.31898 0.65749 -0.55502 0.39737
1413393901405760512.000000000 1.66303 0.52879 0.49014 0.31359 0.67186 -0.55882 0.37146
1413393901505760512.000000000 1.61231 0.53942 0.47986 0.31128 0.68063 -0.56101 0.35371
1413393901605760512.000000000 1.56816 0.52475 0.47520 0.31809 0.68668 -0.55607 0.34362
1413393901705760512.000000000 1.53808 0.48170 0.47860 0.34825 0.68292 -0.53477 0.35547
1413393901805760256.000000000 1.52554 0.41723 0.48746 0.38016 0.66650 -0.51181 0.38640
1413393901905760512.000000000 1.52689 0.34794 0.49354 0.39054 0.64941 -0.50548 0.41260
1413393902005760512.000000000 1.54053 0.28067 0.49893 0.38860 0.64257 -0.50896 0.42078
1413393902105760512.000000000 1.56056 0.21281 0.50541 0.38585 0.64114 -0.51229 0.42144
1413393902205760512.000000000 1.58463 0.14357 0.51448 0.38716 0.64116 -0.51159 0.42106
1413393902305760256.000000000 1.62000 0.07456 0.52235 0.38863 0.64095 -0.51125 0.42044
1413393902405760512.000000000 1.65845 -0.00062 0.52660 0.39103 0.64011 -0.50978 0.42129
1413393902505760512.000000000 1.70692 -0.07053 0.52432 0.39584 0.63698 -0.50632 0.42569
1413393902605760512.000000000 1.75941 -0.14201 0.52456 0.39587 0.63621 -0.50629 0.42684
1413393902705760512.000000000 1.82157 -0.21129 0.53622 0.39471 0.63674 -0.50782 0.42530
1413393902805760256.000000000 1.89565 -0.27563 0.55957 0.38640 0.63589 -0.51455 0.42612
1413393902905760512.000000000 1.97447 -0.34543 0.58905 0.36356 0.63280 -0.53158 0.42991
1413393903005760512.000000000 2.05533 -0.41771 0.62120 0.33958 0.63043 -0.54920 0.43084
1413393903105760512.000000000 2.13494 -0.49770 0.65572 0.33183 0.62728 -0.55573 0.43310
1413393903205760512.000000000 2.20897 -0.58461 0.69214 0.34440 0.62409 -0.54811 0.43758
1413393903305760256.000000000 2.27850 -0.67817 0.72506 0.36052 0.61919 -0.54239 0.43869
1413393903405760512.000000000 2.34209 -0.77273 0.75013 0.37563 0.60938 -0.54773 0.43307
1413393903505760512.000000000 2.40140 -0.86624 0.75769 0.38742 0.58966 -0.56494 0.42785
1413393903605760512.000000000 2.45718 -0.95720 0.74714 -0.40050 -0.56179 0.58365 -0.42819
1413393903705760512.000000000 2.50670 -1.04230 0.73469 -0.41366 -0.53157 0.59965 -0.43213
1413393903805760256.000000000 2.55066 -1.12519 0.72397 -0.42081 -0.50777 0.61583 -0.43110
1413393903905760512.000000000 2.58577 -1.20068 0.71583 -0.41621 -0.49027 0.63377 -0.42981
1413393904005760512.000000000 2.61014 -1.26975 0.71338 -0.41298 -0.47732 0.64597 -0.42934
1413393904105760512.000000000 2.61952 -1.33070 0.70962 -0.41506 -0.47352 0.65089 -0.42408
1413393904205760512.000000000 2.61907 -1.38746 0.69908 -0.41984 -0.47906 0.65159 -0.41191
1413393904305760256.000000000 2.60611 -1.43799 0.69039 -0.42507 -0.48519 0.65002 -0.40172
1413393904405760512.000000000 2.58421 -1.48638 0.69958 -0.42907 -0.48616 0.64884 -0.39819
1413393904505760512.000000000 2.54910 -1.53018 0.72733 -0.43406 -0.48249 0.65126 -0.39327
1413393904605760512.000000000 2.50596 -1.57360 0.76413 -0.44479 -0.48280 0.65592 -0.37261
1413393904705760512.000000000 2.45749 -1.61326 0.79283 -0.45021 -0.48979 0.66849 -0.33248
1413393904805760256.000000000 2.40876 -1.65477 0.81177 -0.45329 -0.48782 0.68445 -0.29682
1413393904905760512.000000000 2.36131 -1.70278 0.82543 -0.46356 -0.47516 0.69606 -0.27355
1413393905005760512.000000000 2.31600 -1.76302 0.83405 -0.48924 -0.45015 0.69814 -0.26574
1413393905105760512.000000000 2.27488 -1.83154 0.83270 0.51403 0.42191 -0.70004 0.26023
1413393905205760512.000000000 2.23953 -1.90376 0.81563 0.52980 0.39180 -0.70771 0.25487
1413393905305760256.000000000 2.21089 -1.97489 0.78879 0.53885 0.36033 -0.71926 0.24995
1413393905405760512.000000000 2.18727 -2.04681 0.76282 0.54398 0.33145 -0.73190 0.24198
1413393905505760512.000000000 2.16751 -2.11829 0.74080 0.54845 0.30389 -0.74403 0.23081
1413393905605760512.000000000 2.15148 -2.18570 0.72077 0.54616 0.27212 -0.76013 0.22330
1413393905705760512.000000000 2.13660 -2.24697 0.70418 0.54515 0.23849 -0.77383 0.21708
1413393905805760256.000000000 2.11931 -2.29996 0.69187 0.54555 0.20348 -0.78466 0.21280
1413393905905760512.000000000 2.09701 -2.34332 0.68120 0.53425 0.17199 -0.80124 0.20741
1413393906005760512.000000000 2.06395 -2.37681 0.67669 0.52249 0.14816 -0.81699 0.19384
1413393906105760512.000000000 2.01653 -2.40091 0.68023 0.52536 0.14105 -0.82359 0.16063
1413393906205760512.000000000 1.95868 -2.41924 0.68308 0.54369 0.13892 -0.81820 0.12511
1413393906305760256.000000000 1.89545 -2.43583 0.67831 0.56767 0.13485 -0.80632 0.09709
1413393906405760512.000000000 1.83038 -2.45436 0.66100 0.58149 0.12695 -0.79970 0.07897
1413393906505760512.000000000 1.77207 -2.47358 0.63065 0.59013 0.11460 -0.79618 0.06868
1413393906605760512.000000000 1.71913 -2.49383 0.58763 0.59416 0.09586 -0.79571 0.06809
1413393906705760512.000000000 1.67261 -2.51239 0.53587 0.59458 0.07000 -0.79716 0.07822
1413393906805760256.000000000 1.63139 -2.52662 0.48584 0.59557 0.04680 -0.79647 0.09347
1413393906905760512.000000000 1.59390 -2.53313 0.43952 0.60073 0.03655 -0.79282 0.09602
1413393907005760512.000000000 1.55831 -2.53163 0.39529 0.60607 0.03441 -0.78926 0.09252
1413393907105760512.000000000 1.52741 -2.52233 0.35220 0.60624 0.04623 -0.79055 0.07328
1413393907205760512.000000000 1.50335 -2.50714 0.30977 0.60355 0.05867 -0.79335 0.05363
1413393907305760256.000000000 1.48616 -2.49084 0.27035 0.60129 0.07896 -0.79478 0.02315
1413393907405760512.000000000 1.47539 -2.48117 0.23498 0.59858 0.09376 -0.79556 -0.00124
1413393907505760512.000000000 1.46980 -2.48440 0.20939 0.59375 0.08585 -0.80001 0.00905
1413393907605760512.000000000 1.46760 -2.49831 0.20304 0.59327 0.06847 -0.80138 0.03366
1413393907705760512.000000000 1.46831 -2.51501 0.19975 0.58893 0.05838 -0.80467 0.04743
1413393907805760256.000000000 1.47013 -2.53085 0.18365 0.58780 0.05387 -0.80543 0.05360
1413393907905760512.000000000 1.47545 -2.54440 0.14752 0.59266 0.05046 -0.80182 0.05737
1413393908005760512.000000000 1.48195 -2.55571 0.09464 0.59844 0.05284 -0.79774 0.05172
1413393908105760512.000000000 1.49392 -2.56559 0.04274 0.59896 0.05684 -0.79756 0.04361
1413393908205760512.000000000 1.51233 -2.57546 -0.00108 0.59187 0.05893 -0.80298 0.03788
1413393908305760256.000000000 1.54605 -2.58524 -0.03142 0.59440 0.05879 -0.80121 0.03613
1413393908405760512.000000000 1.57906 -2.59653 -0.05439 0.60400 0.05637 -0.79410 0.03758
1413393908505760512.000000000 1.60999 -2.60953 -0.07808 0.60087 0.05361 -0.79660 0.03885
1413393908605760512.000000000 1.64569 -2.62306 -0.10084 0.59378 0.05047 -0.80204 0.04005
1413393908705760512.000000000 1.68387 -2.63611 -0.12346 0.58557 0.03514 -0.80777 0.05808
1413393908805760256.000000000 1.72669 -2.64331 -0.13600 0.58715 0.01299 -0.80481 0.08582
1413393908905760512.000000000 1.76834 -2.63605 -0.12894 0.60123 0.01093 -0.79449 0.08481
1413393909005760512.000000000 1.81059 -2.61671 -0.11159 0.60217 0.02807 -0.79581 0.05726
1413393909105760512.000000000 1.85578 -2.59307 -0.08654 0.59722 0.04143 -0.80032 0.03314
1413393909205760512.000000000 1.90344 -2.57114 -0.05923 0.59421 0.04630 -0.80274 0.01974
1413393909305760256.000000000 1.95405 -2.55299 -0.03869 0.59613 0.04661 -0.80143 0.01285
1413393909405760512.000000000 2.00867 -2.53827 -0.02904 0.59636 0.04549 -0.80139 0.00765
1413393909505760512.000000000 2.06530 -2.52611 -0.03183 0.59516 0.04277 -0.80244 0.00649
1413393909605760512.000000000 2.12819 -2.51892 -0.04604 0.58705 0.04018 -0.80854 0.00499
1413393909705760512.000000000 2.18861 -2.51505 -0.07307 0.56952 0.03712 -0.82114 0.00161
1413393909805760256.000000000 2.24733 -2.51520 -0.10686 0.55202 0.03277 -0.83318 -0.00210
1413393909905760512.000000000 2.29730 -2.52090 -0.14854 0.53846 0.02823 -0.84215 -0.00615
1413393910005760512.000000000 2.33890 -2.53220 -0.19718 0.52895 0.02392 -0.84825 -0.00998
1413393910105760512.000000000 2.36753 -2.55009 -0.24269 0.52067 0.01853 -0.85348 -0.01124
1413393910205760512.000000000 2.37566 -2.57443 -0.27261 0.51416 0.01198 -0.85755 -0.01039
1413393910305760256.000000000 2.35920 -2.60384 -0.28368 0.50817 0.00755 -0.86116 -0.01066
1413393910405760512.000000000 2.31168 -2.63618 -0.27792 -0.49451 0.00266 0.86916 0.00215
1413393910505760512.000000000 2.25309 -2.66833 -0.26302 -0.48576 0.01389 0.87390 -0.01221
1413393910605760512.000000000 2.15271 -2.69144 -0.24789 -0.48533 0.01563 0.87392 -0.02175
1413393910705760512.000000000 2.05079 -2.71267 -0.24674 -0.49771 0.01312 0.86675 -0.02931
1413393910805760256.000000000 1.93479 -2.73010 -0.25639 0.51363 -0.00702 -0.85727 0.03499
1413393910905760512.000000000 1.80564 -2.74454 -0.27448 0.52882 0.00466 -0.84790 0.03734
1413393911005760512.000000000 1.66631 -2.75538 -0.29959 0.55096 0.01874 -0.83340 0.03919
1413393911105760512.000000000 1.52241 -2.76353 -0.33202 0.56694 0.03166 -0.82193 0.04483
1413393911205760512.000000000 1.37845 -2.77026 -0.36587 0.57511 0.04268 -0.81545 0.04958
1413393911305760256.000000000 1.23577 -2.77506 -0.40029 0.58031 0.05031 -0.81120 0.05164
1413393911405760512.000000000 1.09538 -2.77887 -0.43018 0.59659 0.05602 -0.79912 0.04843
1413393911505760512.000000000 0.96362 -2.78270 -0.45531 0.61150 0.05967 -0.78780 0.04320
1413393911605760512.000000000 0.84438 -2.78728 -0.47251 0.61825 0.06039 -0.78278 0.03712
1413393911705760512.000000000 0.73962 -2.79434 -0.47275 0.62538 0.05914 -0.77740 0.03232
1413393911805760256.000000000 0.65421 -2.80348 -0.46214 0.61191 0.05610 -0.78844 0.02799
1413393911905760512.000000000 0.58592 -2.81562 -0.43547 0.58944 0.04772 -0.80579 0.03158
1413393912005760512.000000000 0.51868 -2.83042 -0.39796 0.55705 0.02977 -0.82851 0.04879
1413393912105760512.000000000 0.43616 -2.84176 -0.34509 0.52538 0.01696 -0.84869 0.05845
1413393912205760512.000000000 0.34028 -2.84823 -0.28332 0.50463 0.00898 -0.86117 0.06039
1413393912305760256.000000000 0.22733 -2.84931 -0.21939 -0.49592 -0.00473 0.86640 -0.05819
1413393912405760512.000000000 0.09500 -2.84433 -0.15196 0.50505 0.00190 -0.86129 0.05568
1413393912505760512.000000000 -0.05514 -2.83314 -0.08176 0.53239 0.00150 -0.84487 0.05245
1413393912605760512.000000000 -0.21443 -2.81646 -0.02076 0.55429 0.00237 -0.83073 0.05140
1413393912705760512.000000000 -0.37757 -2.79566 0.02643 0.57116 0.00778 -0.81944 0.04730
1413393912805760256.000000000 -0.54140 -2.77127 0.06144 0.58537 0.01331 -0.80964 0.04065
1413393912905760512.000000000 -0.70225 -2.74256 0.08472 0.59358 0.01209 -0.80412 0.03002
1413393913005760512.000000000 -0.85606 -2.71123 0.09511 0.59558 -0.00185 -0.80299 0.02230
1413393913105760512.000000000 -1.00254 -2.67664 0.09756 0.59791 -0.02720 -0.80087 0.01949
1413393913205760512.000000000 -1.14083 -2.63671 0.09258 0.60589 -0.05906 -0.79321 0.01533
1413393913305760256.000000000 -1.26960 -2.59022 0.08076 0.60815 -0.09417 -0.78818 0.00777
1413393913405760512.000000000 -1.38819 -2.53413 0.06187 0.60422 -0.12975 -0.78617 -0.00502
1413393913505760512.000000000 -1.49723 -2.46612 0.04729 0.60520 -0.16745 -0.77799 -0.02055
1413393913605760512.000000000 -1.59395 -2.38444 0.04063 0.61077 -0.20036 -0.76460 -0.04703
1413393913705760512.000000000 -1.67650 -2.29074 0.04284 0.61643 -0.22909 -0.74913 -0.07957
1413393913805760256.000000000 -1.74272 -2.18739 0.05525 0.61880 -0.25796 -0.73380 -0.10990
1413393913905760512.000000000 -1.79117 -2.07884 0.07107 0.61603 -0.28717 -0.72079 -0.13604
1413393914005760512.000000000 -1.81767 -1.96882 0.08986 0.60969 -0.31059 -0.70938 -0.16910
1413393914105760512.000000000 -1.82715 -1.85934 0.11168 0.60077 -0.32906 -0.69762 -0.21005
1413393914205760512.000000000 -1.81867 -1.75485 0.13242 0.57304 -0.34965 -0.69807 -0.24914
1413393914305760256.000000000 -1.79817 -1.65850 0.15289 0.54301 -0.37622 -0.69801 -0.27639
1413393914405760512.000000000 -1.76979 -1.57032 0.17510 0.51971 -0.40419 -0.69156 -0.29711
1413393914505760512.000000000 -1.73862 -1.48842 0.19916 0.50297 -0.43573 -0.68012 -0.30758
1413393914605760512.000000000 -1.70201 -1.41179 0.22437 -0.49579 0.46400 0.66223 0.31679
1413393914705760512.000000000 -1.66634 -1.33473 0.25051 -0.48861 0.49038 0.64429 0.32508
1413393914805760256.000000000 -1.62661 -1.25974 0.27790 -0.48060 0.51873 0.62602 0.32869
1413393914905760512.000000000 -1.58089 -1.18445 0.30667 -0.46579 0.54104 0.61399 0.33665
1413393915005760512.000000000 -1.53070 -1.10639 0.33668 -0.44246 0.55177 0.61475 0.34907
1413393915105760512.000000000 -1.47951 -1.02328 0.36753 -0.42463 0.55770 0.61719 0.35741
1413393915205760512.000000000 -1.42978 -0.93406 0.39764 -0.41332 0.56126 0.61915 0.36166
1413393915305760256.000000000 -1.38363 -0.83819 0.42160 -0.40985 0.56050 0.61994 0.36543
1413393915405760512.000000000 -1.34114 -0.73766 0.43599 -0.41404 0.54599 0.62474 0.37439
1413393915505760512.000000000 -1.30511 -0.63452 0.44743 -0.41997 0.52085 0.63317 0.38916
1413393915605760512.000000000 -1.27918 -0.53104 0.45747 -0.42921 0.50538 0.63764 0.39215
1413393915705760512.000000000 -1.26152 -0.43283 0.46737 -0.43788 0.49826 0.63994 0.38791
1413393915805760256.000000000 -1.25235 -0.33920 0.47699 -0.44113 0.48990 0.64406 0.38806
1413393915905760512.000000000 -1.25196 -0.25134 0.48565 -0.44011 0.48419 0.64955 0.38723
1413393916005760512.000000000 -1.25920 -0.16730 0.49592 -0.44109 0.47769 0.65205 0.38996
1413393916105760512.000000000 -1.27427 -0.08900 0.50926 -0.44171 0.47102 0.65356 0.39485
1413393916205760512.000000000 -1.30141 -0.01826 0.52244 -0.44296 0.46736 0.65164 0.40090
1413393916305760256.000000000 -1.33554 0.04795 0.53591 -0.44981 0.47963 0.63984 0.39778
1413393916405760512.000000000 -1.37438 0.11136 0.55202 -0.44823 0.50124 0.62637 0.39435
1413393916505760512.000000000 -1.41599 0.16812 0.57242 -0.43940 0.52560 0.61034 0.39768
1413393916605760512.000000000 -1.45790 0.21723 0.59427 -0.42192 0.55259 0.59238 0.40707
1413393916705760512.000000000 -1.50072 0.26148 0.61743 -0.39826 0.58439 0.57183 0.41580
1413393916805760256.000000000 -1.54369 0.30057 0.63828 -0.37629 0.61383 0.54577 0.42866
1413393916905760512.000000000 -1.58626 0.34235 0.65867 -0.35932 0.63855 0.51314 0.44703
1413393917005760512.000000000 -1.62974 0.38627 0.68087 -0.35112 0.66396 0.47215 0.46146
1413393917105760512.000000000 -1.67109 0.43003 0.70534 -0.34426 0.68745 0.42856 0.47458
1413393917205760512.000000000 -1.70744 0.47049 0.73164 -0.33043 0.70787 0.38856 0.48864
1413393917305760256.000000000 -1.73845 0.50498 0.75742 -0.31049 0.73070 0.35379 0.49447
1413393917405760512.000000000 -1.76223 0.53373 0.78005 -0.28605 0.75368 0.31971 0.49793
1413393917505760512.000000000 -1.77680 0.55777 0.79457 -0.25810 0.77448 0.28373 0.50305
1413393917605760512.000000000 -1.78194 0.57557 0.79918 -0.22666 0.79372 0.24613 0.50799
1413393917705760512.000000000 -1.77561 0.58838 0.79525 -0.18733 0.80734 0.21152 0.51804
1413393917805760256.000000000 -1.76100 0.59707 0.78628 -0.15019 0.81068 0.17448 0.53833
1413393917905760512.000000000 -1.74155 0.60278 0.77847 -0.12265 0.81114 0.13047 0.55677
1413393918005760512.000000000 -1.71988 0.60560 0.77061 -0.09987 0.81477 0.08481 0.56478
1413393918105760512.000000000 -1.69697 0.60302 0.76489 -0.07857 0.81800 0.03987 0.56843
1413393918205760512.000000000 -1.67172 0.59592 0.75986 -0.05876 0.82213 -0.00447 0.56625
1413393918305760256.000000000 -1.64336 0.58092 0.75683 -0.03595 0.82403 -0.04579 0.56354
1413393918405760512.000000000 -1.61129 0.55563 0.75623 -0.01186 0.82324 -0.08634 0.56097
1413393918505760512.000000000 -1.57543 0.51968 0.75729 0.01512 0.82060 -0.12713 0.55698
1413393918605760512.000000000 -1.53654 0.47232 0.76175 0.04355 0.81349 -0.17020 0.55440
1413393918705760512.000000000 -1.49917 0.41024 0.76960 0.07641 0.79818 -0.21379 0.55800
1413393918805760256.000000000 -1.46398 0.33890 0.77716 0.10418 0.77827 -0.26529 0.55952
1413393918905760512.000000000 -1.43277 0.25607 0.78549 0.13675 0.74866 -0.31762 0.56562
1413393919005760512.000000000 -1.41303 0.16486 0.79408 0.18467 0.71760 -0.36026 0.56671
1413393919105760512.000000000 -1.40516 0.06979 0.80241 0.23347 0.68708 -0.40029 0.55963
1413393919205760512.000000000 -1.40918 -0.02437 0.81008 0.27454 0.65441 -0.44038 0.54994
1413393919305760256.000000000 -1.42590 -0.11358 0.81844 0.31335 0.61557 -0.47558 0.54471
1413393919405760512.000000000 -1.45457 -0.19308 0.82079 0.34394 0.57449 -0.50642 0.54333
1413393919505760512.000000000 -1.49610 -0.26154 0.81151 0.35774 0.54455 -0.53803 0.53480
1413393919605760512.000000000 -1.55195 -0.31814 0.79438 -0.36672 -0.52261 0.56672 -0.52079
1413393919705760512.000000000 -1.62360 -0.36414 0.77096 -0.38263 -0.50648 0.58297 -0.50717
1413393919805760256.000000000 -1.70959 -0.39892 0.74480 -0.41291 -0.50061 0.58008 -0.49234
1413393919905760512.000000000 -1.80695 -0.41804 0.71123 -0.44313 -0.50407 0.56921 -0.47491
1413393920005760512.000000000 -1.90897 -0.41820 0.66498 -0.45630 -0.51453 0.56438 -0.45664
1413393920105760512.000000000 -2.00686 -0.40299 0.60825 -0.45705 -0.52360 0.56418 -0.44570
1413393920205760512.000000000 -2.10145 -0.37758 0.54322 -0.45411 -0.53142 0.56443 -0.43909
1413393920305760256.000000000 -2.19330 -0.33913 0.47480 -0.45071 -0.53698 0.56414 -0.43619
1413393920405760512.000000000 -2.28235 -0.28781 0.40838 -0.44427 -0.54538 0.56619 -0.42967
1413393920505760512.000000000 -2.36827 -0.22937 0.34451 -0.43185 -0.55727 0.57246 -0.41863
1413393920605760512.000000000 -2.45103 -0.16771 0.28570 -0.42400 -0.56610 0.57485 -0.41146
1413393920705760512.000000000 -2.52951 -0.10586 0.23028 -0.42069 -0.57218 0.57411 -0.40747
1413393920805760256.000000000 -2.60328 -0.04424 0.17759 0.41914 0.57568 -0.57230 0.40669
1413393920905760512.000000000 -2.67187 0.01740 0.12635 0.41793 0.58176 -0.57126 0.40068
1413393921005760512.000000000 -2.73525 0.07761 0.07524 0.41018 0.59113 -0.57550 0.38874
1413393921105760512.000000000 -2.79063 0.13348 0.02569 0.39912 0.60220 -0.58171 0.37371
1413393921205760512.000000000 -2.83889 0.17945 -0.01879 0.39402 0.60891 -0.58461 0.36361
1413393921305760256.000000000 -2.87841 0.21252 -0.05878 0.39207 0.61175 -0.58578 0.35902
1413393921405760512.000000000 -2.91124 0.23243 -0.09466 0.38999 0.61021 -0.58710 0.36176
1413393921505760512.000000000 -2.93690 0.23854 -0.12366 0.39796 0.60152 -0.58211 0.37543
1413393921605760512.000000000 -2.95732 0.23582 -0.15029 0.41047 0.59092 -0.57428 0.39055
1413393921705760512.000000000 -2.97302 0.22847 -0.18270 0.41676 0.58473 -0.57076 0.39829
1413393921805760256.000000000 -2.98398 0.22064 -0.22680 0.42168 0.58025 -0.56848 0.40290
1413393921905760512.000000000 -2.99071 0.21195 -0.27815 0.43014 0.57324 -0.56361 0.41075
1413393922005760512.000000000 -2.99348 0.20600 -0.33161 0.43934 0.56574 -0.55791 0.41910
1413393922105760512.000000000 -2.99224 0.20534 -0.38771 0.43593 0.56797 -0.56235 0.41369
1413393922205760512.000000000 -2.98677 0.20828 -0.44573 0.42111 0.57825 -0.57522 0.39676
1413393922305760256.000000000 -2.97765 0.21090 -0.50446 -0.40253 -0.58934 0.59038 -0.37695
1413393922405760512.000000000 -2.96506 0.20560 -0.56035 -0.38619 -0.59710 0.60303 -0.36149
1413393922505760512.000000000 -2.94995 0.18655 -0.61054 -0.37334 -0.59177 0.61375 -0.36569
1413393922605760512.000000000 -2.93443 0.15118 -0.65370 -0.37124 -0.57534 0.61754 -0.38705
1413393922705760512.000000000 -2.92377 0.10310 -0.69248 -0.37233 -0.56221 0.61761 -0.40478
1413393922805760256.000000000 -2.92031 0.04616 -0.72969 -0.37287 -0.55940 0.61635 -0.41006
1413393922905760512.000000000 -2.92493 -0.01763 -0.76346 -0.37360 -0.56832 0.61540 -0.39840
1413393923005760512.000000000 -2.93540 -0.08940 -0.78502 -0.37906 -0.58263 0.61167 -0.37778
1413393923105760512.000000000 -2.94689 -0.17291 -0.79153 -0.38521 -0.59274 0.60810 -0.36123
1413393923205760512.000000000 -2.95514 -0.27151 -0.78575 -0.38804 -0.59721 0.60713 -0.35237
1413393923305760256.000000000 -2.96035 -0.38309 -0.77208 -0.38975 -0.59229 0.60747 -0.35814
1413393923405760512.000000000 -2.96171 -0.50760 -0.75710 -0.37921 -0.57753 0.61218 -0.38456
1413393923505760512.000000000 -2.96409 -0.64158 -0.74077 -0.36474 -0.56951 0.60716 -0.41711
1413393923605760512.000000000 -2.97321 -0.78090 -0.72298 -0.35163 -0.57604 0.58793 -0.44595
1413393923705760512.000000000 -2.99107 -0.92266 -0.70382 0.34508 0.60254 -0.55409 0.45919
1413393923805760256.000000000 -3.01562 -1.06497 -0.68682 0.33367 0.63991 -0.51626 0.46114
1413393923905760512.000000000 -3.04357 -1.20747 -0.67082 0.31677 0.67251 -0.47929 0.46655
1413393924005760512.000000000 -3.07276 -1.34969 -0.65548 0.29445 0.69978 -0.44619 0.47383
1413393924105760512.000000000 -3.10073 -1.49411 -0.64046 0.27588 0.72450 -0.41363 0.47739
1413393924205760512.000000000 -3.12335 -1.64168 -0.62316 0.27428 0.74799 -0.37158 0.47667
1413393924305760256.000000000 -3.13633 -1.78823 -0.60443 0.28337 0.76679 -0.32388 0.47628
1413393924405760512.000000000 -3.13537 -1.92877 -0.58506 0.29470 0.78054 -0.28291 0.47315
1413393924505760512.000000000 -3.11575 -2.05890 -0.56364 0.30842 0.78894 -0.25072 0.46860
1413393924605760512.000000000 -3.07476 -2.16857 -0.53642 0.32106 0.78960 -0.22651 0.47132
1413393924705760512.000000000 -3.01037 -2.25402 -0.50105 0.33653 0.78305 -0.20644 0.48059
1413393924805760256.000000000 -2.91961 -2.30864 -0.45198 0.34739 0.77492 -0.19834 0.48937
1413393924905760512.000000000 -2.80265 -2.33042 -0.38871 0.33117 0.77099 -0.21927 0.49782
1413393925005760512.000000000 -2.66336 -2.32392 -0.30808 0.28991 0.77084 -0.25640 0.50598
1413393925105760512.000000000 -2.51091 -2.29839 -0.21253 0.25033 0.77109 -0.28208 0.51301
1413393925205760512.000000000 -2.34924 -2.26495 -0.10903 0.20487 0.77477 -0.29892 0.51808
1413393925305760256.000000000 -2.18313 -2.23376 -0.00414 0.16135 0.78214 -0.30251 0.52030
1413393925405760512.000000000 -2.01588 -2.21241 0.10261 0.14369 0.78969 -0.28819 0.52220
1413393925505760512.000000000 -1.84895 -2.20269 0.21123 0.14122 0.79151 -0.27028 0.52965
1413393925605760512.000000000 -1.68149 -2.20356 0.31598 0.13818 0.79183 -0.25818 0.53597
1413393925705760512.000000000 -1.51221 -2.21282 0.40489 0.13703 0.79247 -0.24902 0.53962
1413393925805760256.000000000 -1.34189 -2.22907 0.46454 0.13900 0.79156 -0.24156 0.54383
1413393925905760512.000000000 -1.17280 -2.24794 0.49636 0.14310 0.78785 -0.23556 0.55075
1413393926005760512.000000000 -1.00548 -2.26905 0.50757 0.14754 0.77874 -0.23091 0.56434
1413393926105760512.000000000 -0.84298 -2.29049 0.50773 0.14884 0.76490 -0.22936 0.58324
1413393926205760512.000000000 -0.68941 -2.31176 0.50591 0.14659 0.75783 -0.23122 0.59224
1413393926305760256.000000000 -0.54708 -2.33363 0.50433 0.14267 0.75883 -0.23569 0.59015
1413393926405760512.000000000 -0.41576 -2.35581 0.50284 0.13834 0.76648 -0.23831 0.58015
1413393926505760512.000000000 -0.29511 -2.38058 0.50169 0.13631 0.76813 -0.23207 0.58098
1413393926605760512.000000000 -0.18699 -2.40502 0.48374 0.13654 0.76628 -0.21758 0.58892
1413393926705760512.000000000 -0.08528 -2.42986 0.45599 0.13334 0.76838 -0.19904 0.59346
1413393926805760256.000000000 0.00689 -2.45152 0.43822 0.12274 0.77416 -0.18077 0.59408
1413393926905760512.000000000 0.09072 -2.47112 0.43621 0.10730 0.78439 -0.16162 0.58915
1413393927005760512.000000000 0.16934 -2.48851 0.45092 0.08875 0.79791 -0.14544 0.57819
1413393927105760512.000000000 0.24464 -2.50660 0.48032 0.06809 0.81003 -0.13773 0.56590
1413393927205760512.000000000 0.31976 -2.52918 0.51649 0.04648 0.81546 -0.13653 0.56055
1413393927305760256.000000000 0.39449 -2.55939 0.55331 0.02917 0.82318 -0.13594 0.55049
1413393927405760512.000000000 0.47070 -2.59952 0.59260 0.02837 0.83253 -0.12123 0.53981
1413393927505760512.000000000 0.55527 -2.64869 0.63616 0.04563 0.83366 -0.09292 0.54249
1413393927605760512.000000000 0.64699 -2.69943 0.68333 0.06406 0.83174 -0.06288 0.54786
1413393927705760512.000000000 0.74598 -2.74463 0.73400 0.07823 0.82539 -0.03066 0.55827
1413393927805760256.000000000 0.84802 -2.77795 0.78912 0.09303 0.81478 -0.00084 0.57226
1413393927905760512.000000000 0.95104 -2.79458 0.84736 0.09689 0.80602 0.01454 0.58372
1413393928005760512.000000000 1.05034 -2.79191 0.90497 0.09703 0.80086 0.02099 0.59056
1413393928105760512.000000000 1.14738 -2.77180 0.95426 0.09947 0.79736 0.02506 0.59472
1413393928205760512.000000000 1.24080 -2.73384 0.99498 0.10027 0.79576 0.02549 0.59671
1413393928305760256.000000000 1.33070 -2.67841 1.02635 0.08586 0.80054 0.01328 0.59294
1413393928405760512.000000000 1.41673 -2.60871 1.05027 0.05595 0.80065 -0.00959 0.59643
1413393928505760512.000000000 1.49686 -2.53156 1.06414 0.03176 0.79765 -0.02915 0.60158
1413393928605760512.000000000 1.57164 -2.45300 1.07088 0.01921 0.78798 -0.04090 0.61404
1413393928705760512.000000000 1.63594 -2.37547 1.07626 0.01633 0.78055 -0.04640 0.62316
1413393928805760256.000000000 1.68784 -2.29975 1.08322 0.02558 0.77970 -0.04512 0.62401
1413393928905760512.000000000 1.72649 -2.22503 1.09242 0.04323 0.78019 -0.03988 0.62277
1413393929005760512.000000000 1.75271 -2.14932 1.10342 0.06617 0.78096 -0.03995 0.61978
1413393929105760512.000000000 1.76966 -2.06903 1.11671 0.08578 0.78220 -0.05193 0.61491
1413393929205760512.000000000 1.77624 -1.98094 1.13342 0.10475 0.78313 -0.07051 0.60890
1413393929305760256.000000000 1.77551 -1.88600 1.15119 0.11847 0.78549 -0.09984 0.59916
1413393929405760512.000000000 1.77039 -1.78415 1.17110 0.12816 0.78589 -0.13726 0.58917
1413393929505760512.000000000 1.76008 -1.67734 1.19373 0.14307 0.78371 -0.17375 0.57891
1413393929605760512.000000000 1.74567 -1.56779 1.21863 0.16250 0.77977 -0.20851 0.56752
1413393929705760512.000000000 1.73036 -1.45701 1.24564 0.18477 0.77298 -0.24112 0.55697
1413393929805760256.000000000 1.71593 -1.34583 1.27430 0.20111 0.76303 -0.27658 0.54848
1413393929905760512.000000000 1.70141 -1.23503 1.30293 0.20504 0.74779 -0.31863 0.54521
1413393930005760512.000000000 1.68710 -1.12733 1.33159 0.20672 0.73084 -0.35840 0.54285
1413393930105760512.000000000 1.66748 -1.02673 1.35437 0.21183 0.71566 -0.39137 0.53832
1413393930205760512.000000000 1.64213 -0.93414 1.36938 0.22036 0.70432 -0.41200 0.53444
1413393930305760256.000000000 1.61019 -0.84991 1.37535 0.23280 0.70006 -0.41960 0.52883
1413393930405760512.000000000 1.57221 -0.77270 1.37225 0.25659 0.70540 -0.41157 0.51690
1413393930505760512.000000000 1.53251 -0.69933 1.35501 0.27520 0.71177 -0.40177 0.50619
1413393930605760512.000000000 1.49444 -0.62736 1.31543 0.27782 0.71104 -0.39937 0.50767
1413393930705760512.000000000 1.45880 -0.55782 1.25299 0.27202 0.70557 -0.40058 0.51741
1413393930805760256.000000000 1.42308 -0.49015 1.18219 0.26693 0.69999 -0.39969 0.52822
1413393930905760512.000000000 1.38331 -0.42525 1.11666 0.26352 0.69895 -0.39743 0.53299
1413393931005760512.000000000 1.33832 -0.36287 1.06565 0.26067 0.70283 -0.39400 0.53184
1413393931105760512.000000000 1.28892 -0.30198 1.03352 0.25804 0.70603 -0.39174 0.53054
1413393931205760512.000000000 1.23639 -0.24202 1.01616 0.25335 0.71035 -0.39234 0.52658
1413393931305760256.000000000 1.18246 -0.18475 1.00311 0.24536 0.71357 -0.39467 0.52427
1413393931405760512.000000000 1.12747 -0.13138 0.97896 0.23518 0.71463 -0.39900 0.52421
1413393931505760512.000000000 1.06927 -0.08375 0.94586 0.22579 0.71363 -0.40346 0.52629
1413393931605760512.000000000 1.00456 -0.03991 0.90168 0.21969 0.71390 -0.40529 0.52708
1413393931705760512.000000000 0.93711 -0.00699 0.85041 0.21789 0.71401 -0.40447 0.52832
1413393931805760256.000000000 0.86604 0.01672 0.79326 0.21782 0.71515 -0.40214 0.52859
1413393931905760512.000000000 0.79067 0.03095 0.73405 0.21847 0.71672 -0.39990 0.52788
1413393932005760512.000000000 0.71037 0.03777 0.67929 0.22092 0.71824 -0.39675 0.52717
1413393932105760512.000000000 0.62567 0.03728 0.63046 0.22600 0.72249 -0.39184 0.52287
1413393932205760512.000000000 0.53786 0.02919 0.58573 0.23607 0.72846 -0.38416 0.51579
1413393932305760256.000000000 0.45122 0.01489 0.54569 0.24876 0.73439 -0.37481 0.50823
1413393932405760512.000000000 0.36842 -0.00318 0.50905 0.25761 0.73817 -0.36922 0.50242
1413393932505760512.000000000 0.29053 -0.02360 0.47413 0.26367 0.74029 -0.36662 0.49804
1413393932605760512.000000000 0.21766 -0.04406 0.44214 0.26959 0.73882 -0.36425 0.49878
1413393932705760512.000000000 0.15106 -0.06355 0.41348 0.27419 0.73480 -0.36325 0.50293
1413393932805760256.000000000 0.08976 -0.08097 0.38865 0.27780 0.73077 -0.36339 0.50670
1413393932905760512.000000000 0.03366 -0.09611 0.36792 0.28373 0.72913 -0.36172 0.50698
1413393933005760512.000000000 -0.01452 -0.10838 0.35344 0.29275 0.71961 -0.35638 0.51909
1413393933105760512.000000000 -0.05728 -0.11377 0.34227 0.29986 0.70913 -0.34879 0.53438
1413393933205760512.000000000 -0.09743 -0.10961 0.33335 0.29907 0.70202 -0.34804 0.54461
1413393933305760256.000000000 -0.13794 -0.09602 0.32818 0.28543 0.69629 -0.35664 0.55364
1413393933405760512.000000000 -0.18266 -0.07451 0.32654 0.26683 0.69174 -0.36877 0.56063
1413393933505760512.000000000 -0.23622 -0.05065 0.32574 0.24184 0.69316 -0.38564 0.55886
1413393933605760512.000000000 -0.29752 -0.02729 0.32257 0.22151 0.69745 -0.39988 0.55190
1413393933705760512.000000000 -0.36692 -0.00977 0.31479 0.22111 0.70416 -0.40149 0.54229
1413393933805760256.000000000 -0.44318 0.00219 0.30101 0.23765 0.71386 -0.39189 0.52948
1413393933905760512.000000000 -0.52118 0.01151 0.27925 0.24894 0.72043 -0.38460 0.52067
1413393934005760512.000000000 -0.59667 0.01856 0.25818 0.26414 0.71818 -0.37382 0.52413
1413393934105760512.000000000 -0.67040 0.02750 0.24969 0.28059 0.71087 -0.36115 0.53433
1413393934205760512.000000000 -0.74431 0.04323 0.25224 0.28780 0.70910 -0.35439 0.53735
1413393934305760256.000000000 -0.81808 0.06688 0.25642 0.27999 0.71085 -0.35711 0.53738
1413393934405760512.000000000 -0.89089 0.09367 0.25053 0.26197 0.71511 -0.36759 0.53372
1413393934505760512.000000000 -0.96458 0.12316 0.23127 0.24596 0.71784 -0.37739 0.53084
1413393934605760512.000000000 -1.04037 0.15110 0.20106 0.23240 0.71817 -0.38573 0.53050
1413393934705760512.000000000 -1.11995 0.17546 0.16386 0.21969 0.71521 -0.39383 0.53396
1413393934805760256.000000000 -1.20438 0.19309 0.11712 0.19620 0.71434 -0.40225 0.53798
1413393934905760512.000000000 -1.29370 0.20140 0.06332 0.17153 0.72336 -0.40018 0.53589
1413393935005760512.000000000 -1.38751 0.19712 0.00435 0.16475 0.74651 -0.37499 0.52437
1413393935105760512.000000000 -1.48004 0.18136 -0.05774 0.17272 0.77538 -0.32893 0.51064
1413393935205760512.000000000 -1.56801 0.15825 -0.11231 0.16891 0.79788 -0.28292 0.50480
1413393935305760256.000000000 -1.64279 0.12799 -0.15071 0.15274 0.81361 -0.24191 0.50616
1413393935405760512.000000000 -1.70443 0.09279 -0.17444 0.13218 0.82356 -0.20366 0.51263
1413393935505760512.000000000 -1.75418 0.05569 -0.18324 0.11731 0.82942 -0.16059 0.52203
1413393935605760512.000000000 -1.78874 0.01854 -0.17946 0.10599 0.83503 -0.11685 0.52711
1413393935705760512.000000000 -1.80749 -0.01627 -0.16887 0.10495 0.83937 -0.07703 0.52773
1413393935805760256.000000000 -1.81249 -0.04232 -0.15676 0.11237 0.84010 -0.03927 0.52920
1413393935905760512.000000000 -1.80344 -0.05326 -0.14360 0.11460 0.83803 -0.00506 0.53343
1413393936005760512.000000000 -1.78254 -0.04398 -0.13073 0.07865 0.83680 0.00524 0.54180
1413393936105760512.000000000 -1.75297 -0.01728 -0.11586 0.03103 0.83437 0.01480 0.55013
1413393936205760512.000000000 -1.71538 0.01970 -0.09888 -0.02131 0.83093 0.02809 0.55527
1413393936305760256.000000000 -1.66969 0.05730 -0.08018 -0.06954 0.82827 0.04906 0.55384
1413393936405760512.000000000 -1.61830 0.09136 -0.06140 -0.10980 0.82471 0.07854 0.54921
1413393936505760512.000000000 -1.56168 0.11940 -0.03977 -0.13664 0.81622 0.11750 0.54892
1413393936605760512.000000000 -1.50095 0.14122 -0.01450 -0.15542 0.79990 0.15932 0.55734
1413393936705760512.000000000 -1.43862 0.15829 0.01299 -0.17483 0.77904 0.19453 0.56982
1413393936805760256.000000000 -1.37932 0.17081 0.04144 -0.19323 0.76156 0.22490 0.57630
1413393936905760512.000000000 -1.32550 0.17837 0.07180 -0.20971 0.74523 0.25569 0.57903
1413393937005760512.000000000 -1.27978 0.18066 0.10437 -0.22496 0.72794 0.28943 0.57942
1413393937105760512.000000000 -1.24571 0.17793 0.13962 -0.24062 0.71007 0.32413 0.57692
1413393937205760512.000000000 -1.22476 0.17027 0.17733 -0.25981 0.69304 0.35502 0.57110
1413393937305760256.000000000 -1.21721 0.15703 0.21769 -0.27934 0.67818 0.38228 0.56205
1413393937405760512.000000000 -1.22375 0.13744 0.25952 -0.29473 0.66766 0.40470 0.55098
1413393937505760512.000000000 -1.23785 0.11049 0.29438 -0.30050 0.66945 0.42297 0.53163
1413393937605760512.000000000 -1.25721 0.07997 0.30999 -0.30615 0.67878 0.43225 0.50862
1413393937705760512.000000000 -1.27763 0.04864 0.30715 -0.31100 0.68903 0.43601 0.48826
1413393937805760256.000000000 -1.29735 0.01594 0.30038 -0.30913 0.69974 0.44013 0.47020
1413393937905760512.000000000 -1.31422 -0.01263 0.29952 -0.30721 0.70484 0.44164 0.46236
1413393938005760512.000000000 -1.32722 -0.03541 0.30496 -0.30362 0.69784 0.44368 0.47327
1413393938105760512.000000000 -1.33927 -0.05235 0.31411 -0.29508 0.68487 0.44960 0.49167
1413393938205760512.000000000 -1.35621 -0.06297 0.32804 -0.28555 0.66257 0.46170 0.51604
1413393938305760256.000000000 -1.38585 -0.07121 0.34397 -0.28611 0.64320 0.47311 0.52972
1413393938405760512.000000000 -1.43126 -0.07786 0.36177 -0.30734 0.63482 0.47742 0.52404
1413393938505760512.000000000 -1.49049 -0.08610 0.38127 -0.34082 0.63294 0.47916 0.50362
1413393938605760512.000000000 -1.55791 -0.09837 0.39985 -0.36695 0.62795 0.48783 0.48274
1413393938705760512.000000000 -1.62748 -0.11527 0.40740 -0.38681 0.62232 0.50046 0.46112
1413393938805760256.000000000 -1.69636 -0.13829 0.40410 -0.40456 0.61042 0.51315 0.44766
1413393938905760512.000000000 -1.76454 -0.16825 0.39820 -0.41663 0.59184 0.52849 0.44367
1413393939005760512.000000000 -1.83156 -0.20482 0.39512 -0.42466 0.57583 0.54602 0.43581
1413393939105760512.000000000 -1.89722 -0.24796 0.40069 -0.44058 0.55437 0.55546 0.43591
1413393939205760512.000000000 -1.96155 -0.29995 0.41014 -0.45869 0.53247 0.56196 0.43621
1413393939305760256.000000000 -2.02350 -0.36345 0.41222 -0.45083 0.53319 0.58277 0.41574
1413393939405760512.000000000 -2.08301 -0.43468 0.40595 -0.42351 0.55253 0.61072 0.37731
1413393939505760512.000000000 -2.14128 -0.50278 0.39017 -0.39442 0.58167 0.63129 0.32799
1413393939605760512.000000000 -2.19685 -0.55565 0.36752 -0.37190 0.60657 0.64125 0.28735
1413393939705760512.000000000 -2.24684 -0.58268 0.34071 -0.35163 0.61981 0.64888 0.26675
1413393939805760256.000000000 -2.29056 -0.57442 0.31618 -0.34993 0.61122 0.65040 0.28449
1413393939905760512.000000000 -2.33080 -0.53238 0.29940 -0.39200 0.58463 0.62507 0.33739
1413393940005760512.000000000 -2.36957 -0.47892 0.28975 -0.45007 0.54805 0.58275 0.39684
1413393940105760512.000000000 -2.40479 -0.43343 0.28209 0.50205 -0.51771 -0.53902 -0.43518
1413393940205760512.000000000 -2.43299 -0.41268 0.27337 0.53612 -0.49949 -0.50875 -0.45195
1413393940305760256.000000000 -2.45121 -0.42215 0.26159 0.53941 -0.50185 -0.50675 -0.44765
1413393940405760512.000000000 -2.46070 -0.46370 0.24870 0.50183 -0.52727 -0.53986 -0.42274
1413393940505760512.000000000 -2.46359 -0.52810 0.23390 -0.44754 0.56591 0.58051 0.37744
1413393940605760512.000000000 -2.45912 -0.59313 0.22205 -0.40207 0.60481 0.60646 0.32366
1413393940705760512.000000000 -2.44745 -0.63983 0.22018 -0.38009 0.63159 0.61211 0.28627
1413393940805760256.000000000 -2.41875 -0.65300 0.23120 -0.38138 0.64840 0.60223 0.26730
1413393940905760512.000000000 -2.37711 -0.63100 0.25500 -0.39845 0.63249 0.59182 0.30158
1413393941005760512.000000000 -2.32513 -0.58573 0.28697 -0.42698 0.59958 0.57600 0.35554
1413393941105760512.000000000 -2.26686 -0.53768 0.32228 -0.46596 0.56194 0.54881 0.40733
1413393941205760512.000000000 -2.20424 -0.50109 0.35674 -0.49510 0.53182 0.52695 0.44087
1413393941305760256.000000000 -2.13743 -0.48455 0.38454 -0.49592 0.52561 0.52899 0.44492
1413393941405760512.000000000 -2.06695 -0.48824 0.40471 -0.47032 0.54373 0.55469 0.41891
1413393941505760512.000000000 -1.99342 -0.50443 0.42037 -0.43241 0.56884 0.58669 0.38111
1413393941605760512.000000000 -1.91926 -0.52144 0.43653 -0.39486 0.59040 0.61391 0.34442
1413393941705760512.000000000 -1.84497 -0.52549 0.45425 -0.36909 0.60340 0.62967 0.32124
1413393941805760256.000000000 -1.77062 -0.50892 0.46615 -0.35022 0.61219 0.63685 0.31142
1413393941905760512.000000000 -1.69726 -0.46727 0.47461 -0.35785 0.60815 0.62879 0.32668
1413393942005760512.000000000 -1.62445 -0.40494 0.48471 -0.39029 0.59021 0.60565 0.36401
1413393942105760512.000000000 -1.55077 -0.33376 0.49902 -0.43305 0.56159 0.57250 0.41150
1413393942205760512.000000000 -1.48092 -0.26688 0.51246 -0.46510 0.53505 0.54353 0.44941
1413393942305760256.000000000 -1.41329 -0.21837 0.52548 -0.47890 0.51964 0.52864 0.47027
1413393942405760512.000000000 -1.34779 -0.19478 0.53943 -0.47667 0.51861 0.52905 0.47323
1413393942505760512.000000000 -1.28419 -0.19575 0.55171 -0.45637 0.53329 0.54585 0.45758
1413393942605760512.000000000 -1.22547 -0.21328 0.56035 -0.42216 0.55880 0.57274 0.42602
1413393942705760512.000000000 -1.17160 -0.23778 0.56286 -0.38662 0.58399 0.59765 0.39025
1413393942805760256.000000000 -1.12253 -0.25604 0.55979 -0.35951 0.60039 0.61538 0.36276
1413393942905760512.000000000 -1.07804 -0.26107 0.54719 -0.34313 0.60855 0.62609 0.34632
1413393943005760512.000000000 -1.03763 -0.24862 0.52792 -0.34045 0.60959 0.62893 0.34197
1413393943105760512.000000000 -0.99855 -0.21056 0.51386 -0.36959 0.59095 0.61444 0.36966
1413393943205760512.000000000 -0.96396 -0.15572 0.50700 -0.41305 0.56236 0.58795 0.40922
1413393943305760256.000000000 -0.93122 -0.10420 0.50036 -0.44981 0.53571 0.56101 0.44266
1413393943405760512.000000000 -0.90139 -0.06608 0.49528 -0.47658 0.51650 0.54020 0.46290
1413393943505760512.000000000 -0.87365 -0.04795 0.48948 -0.48035 0.51347 0.53699 0.46611
1413393943605760512.000000000 -0.84875 -0.05222 0.47876 -0.45220 0.53321 0.55830 0.44666
1413393943705760512.000000000 -0.82710 -0.07096 0.46755 -0.41235 0.56104 0.58644 0.41387
1413393943805760256.000000000 -0.80969 -0.09098 0.45853 -0.37631 0.58631 0.60812 0.38056
1413393943905760512.000000000 -0.79023 -0.09844 0.45619 -0.35195 0.60459 0.61505 0.36376
1413393944005760512.000000000 -0.77526 -0.08664 0.46527 -0.34763 0.61294 0.60496 0.37080
1413393944105760512.000000000 -0.76264 -0.05774 0.47993 -0.36701 0.61515 0.57578 0.39417
1413393944205760512.000000000 -0.75048 -0.01980 0.49806 -0.39928 0.61689 0.53319 0.41920
1413393944305760256.000000000 -0.73333 0.01523 0.51939 -0.42588 0.61144 0.49143 0.45084
1413393944405760512.000000000 -0.71359 0.04030 0.53899 -0.43648 0.60612 0.45999 0.48012
1413393944505760512.000000000 -0.69214 0.04876 0.55552 -0.42827 0.60909 0.44742 0.49539
1413393944605760512.000000000 -0.67022 0.03755 0.56805 -0.39153 0.62645 0.46170 0.49102
1413393944705760512.000000000 -0.65004 0.01504 0.57811 -0.35075 0.65365 0.48222 0.46602
1413393944805760256.000000000 -0.63275 -0.00702 0.59083 -0.31753 0.67800 0.49814 0.43744
1413393944905760512.000000000 -0.61595 -0.01875 0.60787 -0.29630 0.69411 0.50697 0.41641
1413393945005760512.000000000 -0.59718 -0.01303 0.63132 -0.28926 0.70260 0.50534 0.40904
1413393945105760512.000000000 -0.57350 0.01315 0.66385 -0.30335 0.69018 0.48773 0.44018
1413393945205760512.000000000 -0.54731 0.04751 0.69288 -0.32667 0.66635 0.45671 0.49058
1413393945305760256.000000000 -0.52416 0.07694 0.70940 -0.34479 0.64405 0.42157 0.53721
1413393945405760512.000000000 -0.50737 0.09435 0.70804 -0.34431 0.64026 0.39512 0.56159
1413393945505760512.000000000 -0.50000 0.09689 0.68854 -0.33077 0.65929 0.37769 0.55972
1413393945605760512.000000000 -0.50028 0.08548 0.65857 -0.30519 0.69090 0.36844 0.54201
1413393945705760512.000000000 -0.50612 0.06358 0.63044 -0.27264 0.72056 0.36219 0.52468
1413393945805760256.000000000 -0.51323 0.03910 0.60504 -0.23785 0.75017 0.35519 0.50450
1413393945905760512.000000000 -0.51779 0.01992 0.58503 -0.20684 0.77412 0.34422 0.48936
1413393946005760512.000000000 -0.51577 0.01278 0.57557 -0.19547 0.77537 0.32175 0.50703
1413393946105760512.000000000 -0.50970 0.01448 0.57261 -0.19434 0.75901 0.29305 0.54796
1413393946205760512.000000000 -0.50676 0.01945 0.57149 -0.19416 0.73756 0.26092 0.59180
1413393946305760256.000000000 -0.51442 0.02098 0.56743 -0.18488 0.73058 0.23198 0.61503
1413393946405760512.000000000 -0.53420 0.01667 0.55693 -0.17457 0.74737 0.20210 0.60837
1413393946505760512.000000000 -0.56416 0.00532 0.54466 -0.15878 0.77443 0.17266 0.58757
1413393946605760512.000000000 -0.59816 -0.01369 0.53342 -0.13061 0.80509 0.14804 0.55933
1413393946705760512.000000000 -0.62860 -0.03567 0.52451 -0.09174 0.83367 0.12597 0.52982
1413393946805760256.000000000 -0.64761 -0.05451 0.52386 -0.05354 0.84910 0.10159 0.51559
1413393946905760512.000000000 -0.65108 -0.06510 0.53298 -0.02578 0.84631 0.07311 0.52702
1413393947005760512.000000000 -0.64388 -0.07165 0.54876 -0.00779 0.82063 0.04328 0.56977
1413393947105760512.000000000 -0.63598 -0.07434 0.55546 0.00875 0.78969 0.01382 0.61329
1413393947205760512.000000000 -0.63476 -0.07341 0.54477 0.02679 0.77448 -0.01649 0.63182
1413393947305760256.000000000 -0.64641 -0.06775 0.51909 0.04602 0.77143 -0.04679 0.63292
1413393947405760512.000000000 -0.67065 -0.05871 0.48241 0.06200 0.77104 -0.08065 0.62861
1413393947505760512.000000000 -0.70524 -0.04740 0.43413 0.06132 0.77731 -0.12675 0.61316
1413393947605760512.000000000 -0.74775 -0.03779 0.38567 0.05919 0.78178 -0.17404 0.59584
1413393947705760512.000000000 -0.79744 -0.03740 0.34006 0.06343 0.79112 -0.21617 0.56866
1413393947805760256.000000000 -0.84794 -0.04862 0.30177 0.09233 0.80309 -0.24092 0.53711
1413393947905760512.000000000 -0.89391 -0.07191 0.27359 0.13456 0.80595 -0.25359 0.51773
1413393948005760512.000000000 -0.93007 -0.10235 0.25443 0.18134 0.79546 -0.25663 0.51816
1413393948105760512.000000000 -0.95420 -0.13337 0.24083 0.22636 0.77933 -0.25330 0.52653
1413393948205760512.000000000 -0.96854 -0.15646 0.22998 0.24962 0.76077 -0.26146 0.53903
1413393948305760256.000000000 -0.97781 -0.16834 0.22136 0.25842 0.73867 -0.27568 0.55820
1413393948405760512.000000000 -0.98896 -0.16813 0.21556 0.26519 0.71435 -0.28916 0.57945
1413393948505760512.000000000 -1.00403 -0.15521 0.21084 0.27034 0.69911 -0.30362 0.58819
1413393948605760512.000000000 -1.02579 -0.12989 0.20286 0.26707 0.70430 -0.32519 0.57173
1413393948705760512.000000000 -1.05334 -0.09713 0.19301 0.26253 0.72396 -0.34985 0.53345
1413393948805760256.000000000 -1.08218 -0.06052 0.18452 0.25909 0.73938 -0.37493 0.49560
1413393948905760512.000000000 -1.10439 -0.02987 0.18193 0.25602 0.74311 -0.40138 0.47025
1413393949005760512.000000000 -1.12119 -0.00621 0.18731 0.26618 0.73016 -0.42183 0.46698
1413393949105760512.000000000 -1.13329 0.00804 0.19878 0.29351 0.70672 -0.43154 0.47767
1413393949205760512.000000000 -1.14312 0.01980 0.21547 0.32437 0.67937 -0.43760 0.49168
1413393949305760256.000000000 -1.15107 0.03471 0.23293 0.35243 0.65188 -0.44306 0.50452
1413393949405760512.000000000 -1.15911 0.05858 0.25115 0.37611 0.62469 -0.44942 0.51606
1413393949505760512.000000000 -1.16883 0.09582 0.26659 0.38501 0.60130 -0.46320 0.52503
1413393949605760512.000000000 -1.18244 0.14715 0.27367 0.36547 0.59702 -0.49275 0.51691
1413393949705760512.000000000 -1.20363 0.20867 0.27853 0.33863 0.59750 -0.52114 0.50669
1413393949805760256.000000000 -1.23660 0.27313 0.28536 0.31315 0.59024 -0.54907 0.50208
1413393949905760512.000000000 -1.28629 0.33469 0.29509 0.29053 0.57635 -0.57562 0.50206
1413393950005760512.000000000 -1.35794 0.38734 0.30931 -0.27770 -0.56865 0.59251 -0.49844
1413393950105760512.000000000 -1.45513 0.42861 0.33076 -0.29835 -0.58603 0.58630 -0.47309
1413393950205760512.000000000 -1.56932 0.46116 0.35488 0.32367 0.61441 -0.57316 0.43501
1413393950305760256.000000000 -1.68932 0.48320 0.38069 0.34319 0.63709 -0.56068 0.40246
1413393950405760512.000000000 -1.80597 0.49294 0.40125 0.34516 0.64373 -0.56092 0.38968
1413393950505760512.000000000 -1.91572 0.48877 0.41491 0.34688 0.63998 -0.56245 0.39211
1413393950605760512.000000000 -2.01927 0.46888 0.42034 0.35625 0.62912 -0.55932 0.40552
1413393950705760512.000000000 -2.11976 0.43947 0.41778 0.37040 0.61593 -0.55221 0.42248
1413393950805760256.000000000 -2.21677 0.40597 0.40387 0.38198 0.60856 -0.54615 0.43065
1413393950905760512.000000000 -2.30983 0.37103 0.37573 0.39048 0.60683 -0.54172 0.43107
1413393951005760512.000000000 -2.39648 0.33539 0.34010 0.40276 0.61364 -0.53469 0.41874
1413393951105760512.000000000 -2.47280 0.29901 0.30532 0.40499 0.61749 -0.53458 0.41100
1413393951205760512.000000000 -2.53852 0.25969 0.27486 0.40043 0.61286 -0.53926 0.41624
1413393951305760256.000000000 -2.59665 0.21826 0.24883 0.39731 0.60779 -0.54382 0.42070
1413393951405760512.000000000 -2.65100 0.17810 0.22806 0.39463 0.60610 -0.54897 0.41899
1413393951505760512.000000000 -2.70132 0.13799 0.20877 0.39061 0.60939 -0.55488 0.41009
1413393951605760512.000000000 -2.74629 0.09491 0.18296 0.38914 0.61197 -0.55867 0.40243
1413393951705760512.000000000 -2.78547 0.04803 0.15098 0.39424 0.61039 -0.55795 0.40087
1413393951805760256.000000000 -2.81946 -0.00077 0.11466 0.40108 0.60642 -0.55657 0.40201
1413393951905760512.000000000 -2.84637 -0.05276 0.07974 0.40519 0.59995 -0.55792 0.40572
1413393952005760512.000000000 -2.86621 -0.10731 0.04869 0.40785 0.59465 -0.56054 0.40724
1413393952105760512.000000000 -2.88066 -0.16291 0.02410 0.40992 0.58932 -0.56326 0.40915
1413393952205760512.000000000 -2.89036 -0.21860 0.01119 0.41151 0.58485 -0.56604 0.41013
1413393952305760256.000000000 -2.89554 -0.27250 0.01096 0.41030 0.58076 -0.56921 0.41277
1413393952405760512.000000000 -2.89615 -0.32383 0.02041 0.40721 0.58269 -0.56620 0.41722
1413393952505760512.000000000 -2.89341 -0.37552 0.03114 0.40426 0.59163 -0.55610 0.42107
1413393952605760512.000000000 -2.88762 -0.42531 0.04271 0.39875 0.60436 -0.54273 0.42568
1413393952705760512.000000000 -2.87823 -0.47431 0.05417 0.38996 0.61813 -0.52799 0.43252
1413393952805760256.000000000 -2.86521 -0.52114 0.06481 0.37872 0.63036 -0.51486 0.44062
1413393952905760512.000000000 -2.85019 -0.56639 0.07546 0.36596 0.63701 -0.50788 0.44983
1413393953005760512.000000000 -2.83393 -0.61058 0.08782 0.34965 0.63838 -0.50791 0.46070
1413393953105760512.000000000 -2.81891 -0.65608 0.10013 0.33685 0.63842 -0.50927 0.46860
1413393953205760512.000000000 -2.80715 -0.70334 0.09915 0.32880 0.63795 -0.51055 0.47355
1413393953305760256.000000000 -2.79933 -0.75361 0.08265 0.32106 0.63516 -0.51360 0.47927
1413393953405760512.000000000 -2.79802 -0.80650 0.06983 0.31797 0.62940 -0.51536 0.48699
1413393953505760512.000000000 -2.80644 -0.86272 0.07161 0.32471 0.62520 -0.51164 0.49184
1413393953605760512.000000000 -2.82406 -0.91553 0.08650 0.34587 0.62686 -0.49982 0.48745
1413393953705760512.000000000 -2.84601 -0.96564 0.10582 0.36573 0.62908 -0.48847 0.48155
1413393953805760256.000000000 -2.86826 -1.01050 0.11953 0.37757 0.62873 -0.48130 0.48009
1413393953905760512.000000000 -2.88885 -1.04610 0.12167 0.37936 0.63065 -0.47473 0.48271
1413393954005760512.000000000 -2.90801 -1.07254 0.11366 0.36979 0.64202 -0.47146 0.47832
1413393954105760512.000000000 -2.92453 -1.09274 0.10579 0.35281 0.65807 -0.46965 0.47106
1413393954205760512.000000000 -2.93766 -1.11013 0.09958 0.33107 0.67841 -0.46816 0.45932
1413393954305760256.000000000 -2.94628 -1.13020 0.09957 0.30781 0.69850 -0.46268 0.45086
1413393954405760512.000000000 -2.94865 -1.15738 0.10449 0.28784 0.71640 -0.45030 0.44850
1413393954505760512.000000000 -2.94374 -1.19361 0.11252 0.27141 0.73249 -0.43098 0.45172
1413393954605760512.000000000 -2.93027 -1.23803 0.12319 0.25548 0.74754 -0.40984 0.45600
1413393954705760512.000000000 -2.90821 -1.29313 0.13471 0.24338 0.75916 -0.39025 0.46059
1413393954805760256.000000000 -2.87763 -1.35877 0.14611 0.23385 0.76759 -0.37680 0.46276
1413393954905760512.000000000 -2.83814 -1.43413 0.15763 0.22840 0.77333 -0.36711 0.46371
1413393955005760512.000000000 -2.78863 -1.51864 0.17133 0.23001 0.77199 -0.35791 0.47225
1413393955105760512.000000000 -2.72867 -1.60970 0.18774 0.23608 0.76517 -0.34453 0.48999
1413393955205760512.000000000 -2.66060 -1.70319 0.20206 0.23600 0.75993 -0.33289 0.50596
1413393955305760256.000000000 -2.58669 -1.79638 0.21554 0.22411 0.75635 -0.32678 0.52050
1413393955405760512.000000000 -2.51038 -1.88909 0.22894 0.21148 0.75872 -0.31523 0.52939
1413393955505760512.000000000 -2.43224 -1.98108 0.24594 0.20244 0.76000 -0.29059 0.54496
1413393955605760512.000000000 -2.35564 -2.06913 0.26070 0.19415 0.76029 -0.25467 0.56517
1413393955705760512.000000000 -2.28278 -2.15131 0.26473 0.19305 0.76628 -0.21166 0.57511
1413393955805760256.000000000 -2.21527 -2.22513 0.25784 0.20162 0.77731 -0.17048 0.57103
1413393955905760512.000000000 -2.15066 -2.28531 0.24015 0.19965 0.79174 -0.14688 0.55831
1413393956005760512.000000000 -2.08205 -2.32933 0.22204 0.16809 0.80327 -0.15007 0.55134
1413393956105760512.000000000 -2.00719 -2.36322 0.20943 0.13427 0.80824 -0.15560 0.55183
1413393956205760512.000000000 -1.92621 -2.39343 0.20178 0.10744 0.81072 -0.15113 0.55530
1413393956305760256.000000000 -1.84133 -2.42178 0.20007 0.09154 0.80631 -0.13198 0.56927
1413393956405760512.000000000 -1.75666 -2.44594 0.20256 0.07707 0.79925 -0.10526 0.58667
1413393956505760512.000000000 -1.67479 -2.46581 0.20440 0.05972 0.79563 -0.07561 0.59808
1413393956605760512.000000000 -1.59745 -2.48076 0.20465 0.03616 0.79991 -0.04632 0.59724
1413393956705760512.000000000 -1.52421 -2.49205 0.20315 0.01074 0.80888 -0.01566 0.58766
1413393956805760256.000000000 -1.45500 -2.50083 0.20057 -0.01469 0.81757 0.01427 0.57546
1413393956905760512.000000000 -1.38718 -2.50797 0.20094 -0.04384 0.82058 0.04017 0.56843
1413393957005760512.000000000 -1.31999 -2.51481 0.20246 -0.07131 0.81985 0.06559 0.56432
1413393957105760512.000000000 -1.25159 -2.52259 0.20511 -0.09242 0.81774 0.09680 0.55982
1413393957205760512.000000000 -1.17887 -2.52980 0.20834 -0.11104 0.81258 0.13310 0.55648
1413393957305760256.000000000 -1.10396 -2.53674 0.21283 -0.13317 0.80568 0.17049 0.55143
1413393957405760512.000000000 -1.02797 -2.54421 0.21964 -0.15595 0.79617 0.20652 0.54693
1413393957505760512.000000000 -0.94899 -2.55212 0.22406 -0.17840 0.78319 0.23891 0.54563
1413393957605760512.000000000 -0.87128 -2.56032 0.21924 -0.20128 0.76874 0.26849 0.54446
1413393957705760512.000000000 -0.79780 -2.56818 0.20332 -0.22710 0.74850 0.29619 0.54813
1413393957805760256.000000000 -0.73099 -2.57732 0.17547 -0.24741 0.72746 0.32746 0.54988
1413393957905760512.000000000 -0.67269 -2.58903 0.14019 -0.25574 0.70951 0.36369 0.54674
1413393958005760512.000000000 -0.62478 -2.60396 0.10671 -0.25412 0.69680 0.39980 0.53856
1413393958105760512.000000000 -0.58749 -2.61807 0.08595 -0.25399 0.69160 0.42420 0.52653
1413393958205760512.000000000 -0.55476 -2.62447 0.08285 -0.26080 0.68985 0.43556 0.51612
1413393958305760256.000000000 -0.52663 -2.62129 0.09461 -0.27598 0.69190 0.43471 0.50609
1413393958405760512.000000000 -0.50477 -2.61308 0.11291 -0.29147 0.69886 0.42800 0.49341
1413393958505760512.000000000 -0.48657 -2.60241 0.12427 -0.29629 0.70601 0.42562 0.48230
1413393958605760512.000000000 -0.46742 -2.59249 0.12393 -0.29286 0.71501 0.42737 0.46941
1413393958705760512.000000000 -0.44526 -2.57415 0.10994 -0.28706 0.72173 0.42924 0.46094
1413393958805760256.000000000 -0.42206 -2.56052 0.09173 -0.28838 0.71881 0.42601 0.46762
1413393958905760512.000000000 -0.39648 -2.54360 0.06673 -0.29213 0.71110 0.42062 0.48174
1413393959005760512.000000000 -0.36971 -2.52298 0.03253 -0.29798 0.70651 0.41317 0.49127
1413393959105760512.000000000 -0.34370 -2.50106 -0.00780 -0.31321 0.70538 0.39863 0.49542
1413393959205760512.000000000 -0.31456 -2.48030 -0.04613 -0.32453 0.70129 0.38751 0.50270
1413393959305760256.000000000 -0.28357 -2.46328 -0.08205 -0.31805 0.69806 0.38905 0.51009
1413393959405760512.000000000 -0.25180 -2.44766 -0.11721 -0.30705 0.70080 0.39490 0.50858
1413393959505760512.000000000 -0.21989 -2.43258 -0.14851 -0.29986 0.70173 0.39822 0.50901
1413393959605760512.000000000 -0.18936 -2.41875 -0.17260 -0.30250 0.69332 0.39547 0.52097
1413393959705760512.000000000 -0.16503 -2.41101 -0.18899 -0.31315 0.67558 0.38666 0.54408
1413393959805760256.000000000 -0.14958 -2.41382 -0.20526 -0.31512 0.66997 0.38396 0.55174
1413393959905760512.000000000 -0.14200 -2.42708 -0.22410 -0.30326 0.68584 0.39186 0.53302
1413393960005760512.000000000 -0.14143 -2.44845 -0.23927 -0.28997 0.70106 0.40065 0.51373
1413393960105760512.000000000 -0.14569 -2.46988 -0.24812 -0.27998 0.71221 0.40686 0.49883
1413393960205760512.000000000 -0.15153 -2.48824 -0.25403 -0.27062 0.72298 0.41248 0.48365
1413393960305760256.000000000 -0.15671 -2.49988 -0.25976 -0.26168 0.73367 0.41807 0.46742
1413393960405760512.000000000 -0.15864 -2.50153 -0.25876 -0.26511 0.73004 0.41846 0.47080
1413393960505760512.000000000 -0.15874 -2.49143 -0.25691 -0.27843 0.71556 0.42042 0.48342
1413393960605760512.000000000 -0.15927 -2.47393 -0.27335 -0.29370 0.70003 0.43156 0.48730
1413393960705760512.000000000 -0.16320 -2.45417 -0.31086 -0.31069 0.68374 0.44986 0.48332
1413393960805760256.000000000 -0.17005 -2.43315 -0.36897 -0.32603 0.66909 0.47252 0.47196
1413393960905760512.000000000 -0.17774 -2.41126 -0.43669 -0.33111 0.66451 0.49636 0.44991
1413393961005760512.000000000 -0.18431 -2.38434 -0.49604 -0.33765 0.66512 0.51056 0.42771
1413393961105760512.000000000 -0.18730 -2.34938 -0.54120 -0.34483 0.65855 0.51732 0.42400
1413393961205760512.000000000 -0.18683 -2.30683 -0.56960 -0.35825 0.64593 0.51392 0.43626
1413393961305760256.000000000 -0.18418 -2.26317 -0.57642 -0.39572 0.62698 0.48826 0.46033
1413393961405760512.000000000 -0.17877 -2.22790 -0.56860 -0.43209 0.60567 0.46030 0.48434
1413393961505760512.000000000 -0.16848 -2.20771 -0.54547 -0.43293 0.59930 0.45920 0.49248
1413393961605760512.000000000 -0.15783 -2.21279 -0.50617 -0.40648 0.60873 0.47883 0.48472
1413393961705760512.000000000 -0.15065 -2.23129 -0.45020 -0.38082 0.62074 0.49714 0.47170
1413393961805760256.000000000 -0.14739 -2.25601 -0.37742 -0.37174 0.62396 0.50289 0.46860
1413393961905760512.000000000 -0.14990 -2.28647 -0.29733 -0.36394 0.62995 0.50781 0.46134
1413393962005760512.000000000 -0.15452 -2.31306 -0.21181 -0.35686 0.63573 0.51271 0.45345
1413393962105760512.000000000 -0.16349 -2.34144 -0.11006 -0.35115 0.64130 0.51727 0.44481
1413393962205760512.000000000 -0.17200 -2.35877 0.00392 -0.34662 0.64692 0.52088 0.43594
1413393962305760256.000000000 -0.18311 -2.37462 0.12824 -0.34279 0.65056 0.52406 0.42969
1413393962405760512.000000000 -0.19289 -2.37624 0.24717 -0.33277 0.65748 0.53056 0.41892
1413393962505760512.000000000 -0.20318 -2.37967 0.34376 -0.31534 0.67049 0.53656 0.40386
1413393962605760512.000000000 -0.21000 -2.36353 0.41791 -0.29703 0.68405 0.53440 0.39782
1413393962705760512.000000000 -0.21352 -2.34343 0.47693 -0.28000 0.69101 0.52341 0.41249
1413393962805760256.000000000 -0.21569 -2.30430 0.52916 -0.26557 0.69198 0.50306 0.44449
1413393962905760512.000000000 -0.21944 -2.24778 0.57279 -0.24760 0.69175 0.47702 0.48232
1413393963005760512.000000000 -0.22991 -2.18151 0.60530 -0.22821 0.69639 0.44499 0.51473
1413393963105760512.000000000 -0.24923 -2.10595 0.62875 -0.20954 0.70447 0.40864 0.54113
1413393963205760512.000000000 -0.27911 -2.02192 0.64378 -0.19834 0.71601 0.36678 0.55988
1413393963305760256.000000000 -0.32205 -1.93213 0.64751 -0.19252 0.72912 0.32203 0.57238
1413393963405760512.000000000 -0.37293 -1.83915 0.64214 -0.17955 0.74233 0.28233 0.58052
1413393963505760512.000000000 -0.43040 -1.74484 0.63117 -0.16200 0.75485 0.24732 0.58549
1413393963605760512.000000000 -0.49274 -1.64802 0.61723 -0.14610 0.76402 0.21521 0.59043
1413393963705760512.000000000 -0.56156 -1.55138 0.59306 -0.12897 0.76930 0.18743 0.59700
1413393963805760256.000000000 -0.63792 -1.45812 0.56082 -0.10847 0.77342 0.16339 0.60279
1413393963905760512.000000000 -0.72233 -1.36992 0.52154 -0.08609 0.77989 0.14163 0.60357
1413393964005760512.000000000 -0.81408 -1.28452 0.47204 -0.06269 0.78835 0.12037 0.60008
1413393964105760512.000000000 -0.91145 -1.19439 0.41574 -0.04271 0.79420 0.09637 0.59844
1413393964205760512.000000000 -1.01315 -1.10042 0.35204 -0.03187 0.79826 0.06596 0.59784
1413393964305760256.000000000 -1.11849 -1.00612 0.28574 -0.02586 0.80264 0.03214 0.59504
1413393964405760512.000000000 -1.22530 -0.91043 0.22333 -0.01761 0.80634 0.00183 0.59119
1413393964505760512.000000000 -1.33237 -0.81733 0.16661 -0.00880 0.80849 -0.02584 0.58788
1413393964605760512.000000000 -1.43915 -0.72883 0.11580 -0.00252 0.80803 -0.05380 0.58667
1413393964705760512.000000000 -1.54592 -0.64824 0.07006 0.00416 0.80506 -0.08039 0.58771
1413393964805760256.000000000 -1.65310 -0.57732 0.02880 0.00938 0.80483 -0.10733 0.58365
1413393964905760512.000000000 -1.76201 -0.51788 -0.00886 0.01609 0.80945 -0.13288 0.57173
1413393965005760512.000000000 -1.86983 -0.47087 -0.04400 0.01462 0.81854 -0.16334 0.55054
1413393965105760512.000000000 -1.97350 -0.43882 -0.07510 0.00629 0.82497 -0.19900 0.52895
1413393965205760512.000000000 -2.07189 -0.42809 -0.10039 0.00396 0.82878 -0.23072 0.50977
1413393965305760256.000000000 -2.16199 -0.44507 -0.11849 0.01935 0.83779 -0.24562 0.48724
1413393965405760512.000000000 -2.24067 -0.48903 -0.12816 0.05528 0.84901 -0.23602 0.46950
1413393965505760512.000000000 -2.29650 -0.55665 -0.12693 0.10766 0.85541 -0.20395 0.46378
1413393965605760512.000000000 -2.32312 -0.63457 -0.11905 0.15761 0.85520 -0.16622 0.46493
1413393965705760512.000000000 -2.31949 -0.70978 -0.10784 0.18209 0.84835 -0.14613 0.47516
1413393965805760256.000000000 -2.28780 -0.77464 -0.09227 0.17502 0.83280 -0.15161 0.50282
1413393965905760512.000000000 -2.23885 -0.82969 -0.07747 0.16883 0.81470 -0.15549 0.53253
1413393966005760512.000000000 -2.18432 -0.87669 -0.07308 0.18032 0.80716 -0.14628 0.54274
1413393966105760512.000000000 -2.12014 -0.91281 -0.06962 0.18322 0.80478 -0.14344 0.54606
1413393966205760512.000000000 -2.04836 -0.93502 -0.05520 0.17537 0.80471 -0.14960 0.54709
1413393966305760256.000000000 -1.96610 -0.94544 -0.02595 0.17727 0.80605 -0.14782 0.54498
1413393966405760512.000000000 -1.87403 -0.94280 0.01919 0.19329 0.80169 -0.13388 0.54956
1413393966505760512.000000000 -1.77702 -0.92137 0.07412 0.19663 0.78879 -0.12849 0.56801
1413393966605760512.000000000 -1.68015 -0.88490 0.12304 0.18834 0.77347 -0.13043 0.59098
1413393966705760512.000000000 -1.58584 -0.83378 0.15814 0.18139 0.76250 -0.13351 0.60652
1413393966805760256.000000000 -1.49937 -0.76850 0.18147 0.17724 0.75599 -0.13609 0.61527
1413393966905760512.000000000 -1.42168 -0.69118 0.19306 0.16742 0.76028 -0.14512 0.61065
1413393967005760512.000000000 -1.35203 -0.60408 0.19358 0.14604 0.77004 -0.16778 0.59796
1413393967105760512.000000000 -1.28898 -0.51276 0.18772 0.12942 0.77645 -0.19041 0.58661
1413393967205760512.000000000 -1.23313 -0.42193 0.17642 0.12396 0.77824 -0.20638 0.57998
1413393967305760256.000000000 -1.18390 -0.33455 0.16029 0.13003 0.77389 -0.21903 0.57984
1413393967405760512.000000000 -1.14160 -0.25279 0.13724 0.14610 0.76574 -0.23270 0.58151
1413393967505760512.000000000 -1.10588 -0.17480 0.10658 0.16004 0.75429 -0.25442 0.58370
1413393967605760512.000000000 -1.07783 -0.09996 0.07447 0.17475 0.74555 -0.27925 0.57934
1413393967705760512.000000000 -1.05886 -0.02797 0.04628 0.19150 0.73761 -0.30443 0.57147
1413393967805760256.000000000 -1.04828 0.04323 0.02621 0.20996 0.73025 -0.32842 0.56106
1413393967905760512.000000000 -1.04560 0.11509 0.01585 0.22172 0.72948 -0.35274 0.54248
1413393968005760512.000000000 -1.04510 0.18203 0.01965 0.22286 0.73752 -0.37530 0.51532
1413393968105760512.000000000 -1.04389 0.23870 0.04446 0.23056 0.74018 -0.38589 0.50006
1413393968205760512.000000000 -1.03931 0.28506 0.08405 0.23293 0.73645 -0.39436 0.49787
1413393968305760256.000000000 -1.03275 0.32554 0.12290 0.22902 0.73504 -0.40172 0.49587
1413393968405760512.000000000 -1.02357 0.36000 0.15468 0.24118 0.74291 -0.39396 0.48448
1413393968505760512.000000000 -1.00930 0.38810 0.17992 0.25685 0.74732 -0.38127 0.47976
1413393968605760512.000000000 -0.98737 0.40995 0.19502 0.26838 0.74734 -0.37186 0.48081
1413393968705760512.000000000 -0.95824 0.42694 0.19825 0.27172 0.74715 -0.37361 0.47786
1413393968805760256.000000000 -0.92174 0.43988 0.19204 0.27536 0.74194 -0.38039 0.47855
1413393968905760512.000000000 -0.87865 0.44924 0.17798 0.28687 0.72518 -0.38900 0.49041
1413393969005760512.000000000 -0.83223 0.45686 0.15243 0.29276 0.70197 -0.40813 0.50494
1413393969105760512.000000000 -0.79067 0.46458 0.11392 0.30319 0.67953 -0.42821 0.51278
1413393969205760512.000000000 -0.75039 0.47532 0.07599 0.32318 0.66304 -0.44515 0.50772
1413393969305760256.000000000 -0.71170 0.48887 0.04231 0.34055 0.64903 -0.46570 0.49590
1413393969405760512.000000000 -0.67441 0.50556 0.01169 0.34894 0.63351 -0.49114 0.48547
1413393969505760512.000000000 -0.64134 0.52578 -0.01528 0.34589 0.61062 -0.52090 0.48597
1413393969605760512.000000000 -0.61617 0.54834 -0.03956 0.34326 0.59056 -0.54836 0.48239
1413393969705760512.000000000 -0.60290 0.56928 -0.05650 0.34495 0.57620 -0.57158 0.47149
1413393969805760256.000000000 -0.60317 0.58752 -0.05886 -0.34491 -0.56639 0.58937 -0.46139
1413393969905760512.000000000 -0.61735 0.60410 -0.04225 -0.34887 -0.55888 0.59891 -0.45524
1413393970005760512.000000000 -0.64614 0.61989 -0.00833 -0.36437 -0.56134 0.59707 -0.44231
1413393970105760512.000000000 -0.68536 0.63457 0.03743 -0.38821 -0.57674 0.58530 -0.41723
1413393970205760512.000000000 -0.72748 0.64701 0.07888 0.40028 0.58944 -0.57839 0.39724
1413393970305760256.000000000 -0.76596 0.65696 0.10926 0.40409 0.59467 -0.57557 0.38961
1413393970405760512.000000000 -0.79817 0.66010 0.13061 0.40408 0.59753 -0.57433 0.38708
1413393970505760512.000000000 -0.82401 0.65481 0.15211 0.40910 0.59681 -0.56910 0.39061
1413393970605760512.000000000 -0.84408 0.64251 0.17486 0.41774 0.59283 -0.56092 0.39926
1413393970705760512.000000000 -0.85782 0.62979 0.19403 0.43272 0.59164 -0.54872 0.40201
1413393970805760256.000000000 -0.86474 0.61714 0.19823 0.45182 0.59945 -0.53427 0.38868
1413393970905760512.000000000 -0.85912 0.60633 0.18950 0.46597 0.60859 -0.52400 0.37137
1413393971005760512.000000000 -0.83526 0.59624 0.17881 0.47043 0.60931 -0.52053 0.36943
1413393971105760512.000000000 -0.79102 0.58893 0.17194 0.46301 0.59801 -0.52479 0.39064
1413393971205760512.000000000 -0.73084 0.59248 0.17810 0.46510 0.58034 -0.51871 0.42168
1413393971305760256.000000000 -0.65808 0.60122 0.19902 0.47381 0.56327 -0.50614 0.44949
1413393971405760512.000000000 -0.57917 0.62737 0.21525 0.48251 0.55124 -0.49442 0.46783
1413393971505760512.000000000 -0.49640 0.67383 0.21476 0.46843 0.55270 -0.50317 0.47108
1413393971605760512.000000000 -0.41092 0.74005 0.20203 0.43080 0.55702 -0.53155 0.47074
1413393971705760512.000000000 -0.32818 0.81930 0.19101 -0.38732 -0.54751 0.56270 -0.48330
1413393971805760256.000000000 -0.25880 0.90582 0.18854 -0.35128 -0.52920 0.58891 -0.49974
1413393971905760512.000000000 -0.21233 0.99591 0.19442 -0.33653 -0.52131 0.60275 -0.50168
1413393972005760512.000000000 -0.19280 1.08679 0.20961 -0.34609 -0.52946 0.60358 -0.48537
1413393972105760512.000000000 -0.19299 1.17683 0.22790 -0.35753 -0.53999 0.60231 -0.46669
1413393972205760512.000000000 -0.20495 1.26617 0.22960 -0.34952 -0.54835 0.61175 -0.45046
1413393972305760256.000000000 -0.22913 1.35025 0.21610 -0.35647 -0.56103 0.61008 -0.43125
1413393972405760512.000000000 -0.26200 1.42682 0.20346 -0.38437 -0.57377 0.59218 -0.41517
1413393972505760512.000000000 -0.29589 1.49834 0.19228 0.40254 0.58650 -0.57843 0.39924
1413393972605760512.000000000 -0.32576 1.56385 0.18127 0.40245 0.59979 -0.57788 0.37993
1413393972705760512.000000000 -0.34851 1.61972 0.17217 0.40308 0.60329 -0.57819 0.37317
1413393972805760256.000000000 -0.36442 1.66641 0.16089 0.40689 0.60202 -0.57731 0.37245
1413393972905760512.000000000 -0.37243 1.70500 0.14739 0.41294 0.59932 -0.57577 0.37254
1413393973005760512.000000000 -0.37181 1.73671 0.13516 0.42151 0.59783 -0.57283 0.36986
1413393973105760512.000000000 -0.36029 1.75974 0.12277 0.43168 0.59312 -0.56687 0.37485
1413393973205760512.000000000 -0.33909 1.78292 0.11176 0.44279 0.58546 -0.55813 0.38686
1413393973305760256.000000000 -0.30652 1.80402 0.10038 0.45703 0.57422 -0.54556 0.40468
1413393973405760512.000000000 -0.26546 1.83094 0.08858 0.46902 0.56292 -0.53300 0.42315
1413393973505760512.000000000 -0.21527 1.87035 0.07793 0.48027 0.55401 -0.52003 0.43816
1413393973605760512.000000000 -0.15767 1.92700 0.06548 0.48313 0.54833 -0.51421 0.44890
1413393973705760512.000000000 -0.09295 2.00183 0.05156 0.46315 0.54293 -0.52587 0.46279
1413393973805760256.000000000 -0.02603 2.09512 0.03588 -0.42016 -0.54037 0.55396 -0.47391
1413393973905760512.000000000 0.03424 2.19965 0.02256 -0.36355 -0.53374 0.58912 -0.48569
1413393974005760512.000000000 0.07491 2.30736 0.01274 -0.31071 -0.54009 0.62094 -0.47560
1413393974105760512.000000000 0.08702 2.41143 0.00752 -0.26660 -0.56360 0.64758 -0.43808
1413393974205760512.000000000 0.06777 2.49481 0.01172 -0.24322 -0.59545 0.66011 -0.38799
1413393974305760256.000000000 0.02039 2.54015 0.03149 -0.25557 -0.63375 0.64884 -0.33474
1413393974405760512.000000000 -0.03502 2.53959 0.06219 0.27498 0.66176 -0.63184 0.29536
1413393974505760512.000000000 -0.08681 2.48936 0.10150 0.30596 0.68298 -0.60484 0.27220
1413393974605760512.000000000 -0.11961 2.39527 0.14845 0.34492 0.69246 -0.57237 0.27189
1413393974705760512.000000000 -0.12705 2.26876 0.19877 0.38595 0.68655 -0.54028 0.29630
1413393974805760256.000000000 -0.11035 2.12477 0.24487 0.41873 0.67161 -0.51499 0.32924
1413393974905760512.000000000 -0.07198 1.97534 0.27727 0.43033 0.64796 -0.50804 0.36996
1413393975005760512.000000000 -0.01786 1.82455 0.29451 0.43267 0.62350 -0.50874 0.40649
1413393975105760512.000000000 0.04533 1.68144 0.29591 0.42768 0.60410 -0.51438 0.43308
1413393975205760512.000000000 0.11450 1.54961 0.28590 0.41739 0.59260 -0.52360 0.44771
1413393975305760256.000000000 0.18468 1.42703 0.27522 0.40813 0.58939 -0.53152 0.45116
1413393975405760512.000000000 0.25461 1.31237 0.27404 0.41499 0.58876 -0.52698 0.45105
1413393975505760512.000000000 0.32713 1.21093 0.27477 0.42734 0.58909 -0.51699 0.45065
1413393975605760512.000000000 0.40277 1.12446 0.27653 0.43585 0.58832 -0.50979 0.45170
1413393975705760512.000000000 0.48283 1.05291 0.27715 0.43156 0.58457 -0.51259 0.45748
1413393975805760256.000000000 0.56450 0.99474 0.27654 0.41833 0.57767 -0.52436 0.46513
1413393975905760512.000000000 0.64441 0.94824 0.27885 0.40701 0.56641 -0.53622 0.47538
1413393976005760512.000000000 0.71953 0.91144 0.28240 0.40176 0.56522 -0.54540 0.47080
1413393976105760512.000000000 0.78892 0.88385 0.27898 0.40152 0.57073 -0.55205 0.45638
1413393976205760512.000000000 0.85474 0.86234 0.26711 0.39963 0.57162 -0.55860 0.44890
1413393976305760256.000000000 0.91726 0.84653 0.24570 0.39479 0.56618 -0.56510 0.45193
1413393976405760512.000000000 0.97362 0.83487 0.22640 -0.39327 -0.55722 0.56625 -0.46281
1413393976505760512.000000000 1.02195 0.82921 0.21664 -0.38528 -0.55785 0.56500 -0.47025
1413393976605760512.000000000 1.06129 0.82815 0.21449 0.37491 0.56848 -0.56103 0.47066
1413393976705760512.000000000 1.09180 0.83028 0.20746 0.36397 0.57631 -0.55753 0.47387
1413393976805760256.000000000 1.11271 0.83475 0.19104 0.35222 0.58187 -0.55599 0.47775
1413393976905760512.000000000 1.12122 0.84091 0.16947 0.34022 0.59640 -0.55769 0.46641
1413393977005760512.000000000 1.11797 0.84567 0.15228 0.33586 0.61374 -0.55679 0.44778
1413393977105760512.000000000 1.11053 0.84337 0.14033 0.34564 0.62719 -0.54898 0.43103
1413393977205760512.000000000 1.10450 0.83149 0.14373 0.35949 0.63101 -0.53894 0.42678
1413393977305760256.000000000 1.10260 0.81225 0.16112 0.37109 0.62915 -0.53081 0.42977
1413393977405760512.000000000 1.10448 0.79055 0.19029 0.37983 0.62660 -0.52621 0.43150
1413393977505760512.000000000 1.11114 0.76861 0.22509 0.38545 0.62578 -0.52450 0.42981
1413393977605760512.000000000 1.12150 0.74724 0.25652 0.38832 0.62528 -0.52533 0.42693
1413393977705760512.000000000 1.13555 0.72485 0.27727 0.39047 0.62432 -0.52666 0.42471
1413393977805760256.000000000 1.15631 0.69802 0.29230 0.39142 0.62200 -0.52962 0.42357
1413393977905760512.000000000 1.18189 0.67371 0.30158 0.39361 0.61974 -0.53132 0.42273
1413393978005760512.000000000 1.21477 0.64723 0.31485 0.39372 0.61657 -0.53549 0.42199
1413393978105760512.000000000 1.25268 0.62107 0.32867 0.39124 0.61189 -0.54226 0.42247
1413393978205760512.000000000 1.29426 0.59422 0.34362 0.38834 0.60543 -0.54891 0.42585
1413393978305760256.000000000 1.33559 0.56913 0.35955 0.38894 0.59562 -0.55652 0.42924
1413393978405760512.000000000 1.37566 0.54072 0.37768 0.39321 0.58070 -0.56643 0.43282
1413393978505760512.000000000 1.41117 0.51751 0.39830 -0.40112 -0.56147 0.57869 -0.43470
1413393978605760512.000000000 1.44045 0.49762 0.41926 -0.41234 -0.54200 0.59322 -0.42930
1413393978705760512.000000000 1.46432 0.48087 0.43884 -0.42189 -0.52376 0.61155 -0.41676
1413393978805760256.000000000 1.48395 0.46651 0.45859 -0.42878 -0.50577 0.63226 -0.40073
1413393978905760512.000000000 1.49667 0.45568 0.48057 -0.43798 -0.48433 0.65094 -0.38715
1413393979005760512.000000000 1.50160 0.44814 0.50311 -0.44670 -0.46023 0.66862 -0.37630
1413393979105760512.000000000 1.49682 0.44511 0.52434 -0.45552 -0.43430 0.68576 -0.36555
1413393979205760512.000000000 1.48411 0.44682 0.54488 -0.46753 -0.40901 0.70147 -0.34937
1413393979305760256.000000000 1.46407 0.45318 0.55457 -0.47956 -0.38274 0.71592 -0.33317
1413393979405760512.000000000 1.43699 0.46863 0.54966 -0.48916 -0.35327 0.73022 -0.32047
1413393979505760512.000000000 1.40355 0.49090 0.53289 -0.49697 -0.32262 0.74377 -0.30943
1413393979605760512.000000000 1.36049 0.51776 0.50936 0.50397 0.29244 -0.75681 0.29621
1413393979705760512.000000000 1.30853 0.55255 0.48378 0.51476 0.26683 -0.76677 0.27548
1413393979805760256.000000000 1.24991 0.59541 0.46371 0.52632 0.24607 -0.77473 0.24946
1413393979905760512.000000000 1.18583 0.64648 0.44944 0.53422 0.22770 -0.78382 0.21998
1413393980005760512.000000000 1.11745 0.70242 0.43862 0.53832 0.20745 -0.79367 0.19303
1413393980105760512.000000000 1.04539 0.76212 0.42968 0.53700 0.19136 -0.80563 0.16116
1413393980205760512.000000000 0.96907 0.82036 0.42207 0.53324 0.18116 -0.81674 0.12560
1413393980305760256.000000000 0.88773 0.87327 0.41500 0.52835 0.17397 -0.82512 0.09878
1413393980405760512.000000000 0.80098 0.91658 0.40845 0.52808 0.16906 -0.82800 0.08353
1413393980505760512.000000000 0.70860 0.94746 0.40328 0.53728 0.16471 -0.82348 0.07798
1413393980605760512.000000000 0.61235 0.96729 0.39883 0.55574 0.16147 -0.81177 0.07820
1413393980705760512.000000000 0.51543 0.97649 0.39485 0.56835 0.16052 -0.80312 0.07880
1413393980805760256.000000000 0.42055 0.97828 0.39160 0.56462 0.15989 -0.80576 0.07989
1413393980905760512.000000000 0.32786 0.97101 0.38851 0.55033 0.15660 -0.81574 0.08478
1413393981005760512.000000000 0.23204 0.96003 0.38996 0.53785 0.14883 -0.82423 0.09603
1413393981105760512.000000000 0.13021 0.94091 0.39583 0.53442 0.13974 -0.82640 0.10927
1413393981205760512.000000000 0.02090 0.92222 0.41390 0.54086 0.13207 -0.82193 0.12028
1413393981305760256.000000000 -0.09483 0.90546 0.44659 0.54235 0.12996 -0.82039 0.12620
1413393981405760512.000000000 -0.21696 0.89189 0.48556 0.53830 0.13186 -0.82251 0.12775
1413393981505760512.000000000 -0.34296 0.88248 0.52001 0.53789 0.14152 -0.82246 0.11918
1413393981605760512.000000000 -0.47246 0.87370 0.54324 0.54024 0.15289 -0.82030 0.10898
1413393981705760512.000000000 -0.60635 0.86147 0.55426 0.54078 0.16059 -0.81924 0.10307
1413393981805760256.000000000 -0.74324 0.84471 0.55438 0.54452 0.16766 -0.81598 0.09778
1413393981905760512.000000000 -0.88041 0.82117 0.54477 0.55004 0.17964 -0.80994 0.09587
1413393982005760512.000000000 -1.01373 0.78780 0.53216 0.55655 0.19552 -0.80107 0.10150
1413393982105760512.000000000 -1.14100 0.74584 0.51849 0.55905 0.21549 -0.79249 0.11400
1413393982205760512.000000000 -1.26644 0.69396 0.50693 0.55910 0.23945 -0.78249 0.13334
1413393982305760256.000000000 -1.39050 0.63341 0.49835 0.55565 0.26826 -0.77089 0.15818
1413393982405760512.000000000 -1.50988 0.56636 0.49191 0.54401 0.30323 -0.76053 0.18357
1413393982505760512.000000000 -1.62097 0.49474 0.48652 0.52978 0.34283 -0.74692 0.20956
1413393982605760512.000000000 -1.72222 0.41815 0.48352 0.51458 0.38533 -0.72808 0.23796
1413393982705760512.000000000 -1.81667 0.33531 0.48103 0.50027 0.43112 -0.70255 0.26511
1413393982805760256.000000000 -1.90534 0.24633 0.47884 -0.48623 -0.47881 0.67035 -0.29146
1413393982905760512.000000000 -1.98574 0.15286 0.47712 -0.47201 -0.52484 0.63335 -0.31721
1413393983005760512.000000000 -2.05398 0.05775 0.47318 -0.45276 -0.56700 0.59720 -0.34187
1413393983105760512.000000000 -2.10746 -0.03855 0.46904 0.43302 0.60638 -0.55857 0.36442
1413393983205760512.000000000 -2.14564 -0.13553 0.46498 0.41434 0.64355 -0.51730 0.38284
1413393983305760256.000000000 -2.16653 -0.23122 0.46038 0.39526 0.67664 -0.47473 0.40070
1413393983405760512.000000000 -2.16888 -0.32379 0.45750 0.37806 0.70415 -0.42967 0.42027
1413393983505760512.000000000 -2.15206 -0.41105 0.45724 0.35929 0.72526 -0.38525 0.44327
1413393983605760512.000000000 -2.11655 -0.48978 0.46058 0.33932 0.74240 -0.34083 0.46640
1413393983705760512.000000000 -2.06591 -0.55773 0.46612 0.31652 0.75639 -0.29894 0.48818
1413393983805760256.000000000 -2.00044 -0.61257 0.47319 0.28901 0.76879 -0.26238 0.50654
1413393983905760512.000000000 -1.92308 -0.65213 0.48424 0.26018 0.77870 -0.22906 0.52294
1413393984005760512.000000000 -1.83384 -0.67641 0.49806 0.23723 0.78678 -0.19330 0.53603
1413393984105760512.000000000 -1.73508 -0.68399 0.51364 0.21594 0.79318 -0.15557 0.54776
1413393984205760512.000000000 -1.62801 -0.67213 0.53115 0.19432 0.79809 -0.11715 0.55819
1413393984305760256.000000000 -1.51511 -0.64176 0.55065 0.16944 0.80137 -0.08245 0.56771
1413393984405760512.000000000 -1.40067 -0.59192 0.57291 0.14372 0.80229 -0.05378 0.57687
1413393984505760512.000000000 -1.28643 -0.52405 0.59685 0.12325 0.80142 -0.02811 0.58459
1413393984605760512.000000000 -1.17632 -0.43878 0.62119 0.10399 0.80023 -0.00741 0.59056
1413393984705760512.000000000 -1.06942 -0.34004 0.63767 0.07091 0.80378 -0.00484 0.59067
1413393984805760256.000000000 -0.96501 -0.23308 0.64324 0.04136 0.80593 -0.01081 0.59046
1413393984905760512.000000000 -0.86389 -0.12376 0.63656 0.01434 0.81218 -0.02905 0.58251
1413393985005760512.000000000 -0.76556 -0.01818 0.61919 -0.00096 0.81724 -0.05652 0.57351
1413393985105760512.000000000 -0.66818 0.07883 0.59498 0.00755 0.81734 -0.08179 0.57026
1413393985205760512.000000000 -0.57035 0.16606 0.56621 0.03551 0.81076 -0.10227 0.57528
1413393985305760256.000000000 -0.47482 0.24687 0.53251 0.06975 0.80281 -0.12333 0.57915
1413393985405760512.000000000 -0.38278 0.32581 0.49967 0.10509 0.79568 -0.14633 0.57830
1413393985505760512.000000000 -0.29364 0.40516 0.46849 0.13543 0.78798 -0.17401 0.57487
1413393985605760512.000000000 -0.20583 0.48721 0.43852 0.15418 0.78228 -0.20856 0.56637
1413393985705760512.000000000 -0.12059 0.57070 0.40864 0.16247 0.78015 -0.24800 0.55088
1413393985805760256.000000000 -0.03682 0.65206 0.38058 0.17010 0.77774 -0.28586 0.53336
1413393985905760512.000000000 0.04675 0.72701 0.35915 0.17667 0.77150 -0.32247 0.51921
1413393986005760512.000000000 0.13205 0.78988 0.34708 0.18625 0.76079 -0.35615 0.50957
1413393986105760512.000000000 0.21749 0.84035 0.34058 0.19767 0.74647 -0.38735 0.50366
1413393986205760512.000000000 0.30049 0.87910 0.33925 0.20642 0.72790 -0.41933 0.50171
1413393986305760256.000000000 0.37995 0.90839 0.33958 0.21480 0.70550 -0.45261 0.50127
1413393986405760512.000000000 0.45324 0.92238 0.34224 0.22673 0.68260 -0.48364 0.49874
1413393986505760512.000000000 0.51766 0.92550 0.34744 0.24697 0.66263 -0.50831 0.49148
1413393986605760512.000000000 0.57055 0.91836 0.35775 0.29044 0.64829 -0.51647 0.47815
1413393986705760512.000000000 0.61605 0.90001 0.37116 0.33751 0.63463 -0.51905 0.46251
1413393986805760256.000000000 0.66049 0.87853 0.38548 0.37909 0.61695 -0.52248 0.45019
1413393986905760512.000000000 0.70590 0.85870 0.39971 0.41167 0.60067 -0.52640 0.43889
1413393987005760512.000000000 0.75690 0.84211 0.40948 0.42152 0.59087 -0.53911 0.42726
1413393987105760512.000000000 0.80958 0.82990 0.41244 0.42147 0.58598 -0.55264 0.41663
1413393987205760512.000000000 0.86313 0.81520 0.40559 0.41948 0.58304 -0.56241 0.40963
1413393987305760256.000000000 0.91966 0.79825 0.39706 0.41661 0.58260 -0.56895 0.40412
1413393987405760512.000000000 0.97980 0.78148 0.39419 0.41409 0.58319 -0.57204 0.40147
1413393987505760512.000000000 1.04561 0.76727 0.40196 0.41249 0.58323 -0.57289 0.40186
1413393987605760512.000000000 1.11199 0.75029 0.40532 0.41749 0.58111 -0.57206 0.40094
1413393987705760512.000000000 1.18053 0.73121 0.40988 0.42336 0.57558 -0.57516 0.39832
1413393987805760256.000000000 1.25359 0.71408 0.41890 -0.42640 -0.56730 0.58230 -0.39658
1413393987905760512.000000000 1.32660 0.69621 0.41744 -0.42424 -0.55960 0.59110 -0.39682
1413393988005760512.000000000 1.40256 0.68008 0.40783 -0.42445 -0.55396 0.59636 -0.39664
1413393988105760512.000000000 1.47601 0.66323 0.38333 -0.42712 -0.55033 0.59886 -0.39506
1413393988205760512.000000000 1.55144 0.64722 0.34947 -0.43512 -0.54800 0.59665 -0.39289
1413393988305760256.000000000 1.62582 0.63427 0.30683 -0.44371 -0.54723 0.59264 -0.39044
1413393988405760512.000000000 1.70523 0.62214 0.26514 -0.45254 -0.54866 0.58744 -0.38613
1413393988505760512.000000000 1.78461 0.61451 0.22444 -0.46302 -0.55691 0.58077 -0.37171
1413393988605760512.000000000 1.87812 0.60636 0.18882 -0.47327 -0.56403 0.57383 -0.35862
1413393988705760512.000000000 1.98198 0.60202 0.15554 -0.46753 -0.56052 0.58000 -0.36170
1413393988805760256.000000000 2.10187 0.59612 0.12614 -0.44888 -0.54861 0.59860 -0.37312
1413393988905760512.000000000 2.22212 0.59120 0.10472 -0.41844 -0.53057 0.62997 -0.38281
1413393989005760512.000000000 2.33517 0.58065 0.09949 -0.39426 -0.51039 0.65976 -0.38572
1413393989105760512.000000000 2.43520 0.56512 0.11132 -0.37373 -0.49209 0.68605 -0.38406
1413393989205760512.000000000 2.51253 0.54096 0.14229 -0.36021 -0.47973 0.70629 -0.37585
1413393989305760256.000000000 2.55970 0.50431 0.19339 -0.38190 -0.48123 0.70318 -0.35792
1413393989405760512.000000000 2.58786 0.45702 0.25712 -0.43652 -0.48424 0.67552 -0.34444
1413393989505760512.000000000 2.61183 0.40503 0.31647 -0.48321 -0.48022 0.64758 -0.34137
1413393989605760512.000000000 2.63818 0.35593 0.36118 0.50539 0.47576 -0.63357 0.34179
1413393989705760512.000000000 2.67317 0.31007 0.38877 0.50906 0.47422 -0.63376 0.33812
1413393989805760256.000000000 2.71538 0.26703 0.40206 0.50483 0.46819 -0.64347 0.33451
1413393989905760512.000000000 2.76465 0.22916 0.40560 -0.49880 -0.45090 0.65824 -0.33856
1413393990005760512.000000000 2.81511 0.19591 0.40030 -0.49583 -0.42363 0.67463 -0.34577
1413393990105760512.000000000 2.85986 0.17012 0.38550 0.50331 0.39550 -0.68906 0.33979
1413393990205760512.000000000 2.89793 0.15631 0.36124 0.51435 0.36624 -0.70435 0.32434
1413393990305760256.000000000 2.93307 0.15284 0.32819 0.52094 0.33526 -0.72360 0.30433
1413393990405760512.000000000 2.96682 0.16005 0.29294 0.52201 0.30245 -0.74563 0.28297
1413393990505760512.000000000 2.99449 0.17897 0.26292 0.52095 0.26610 -0.76621 0.26594
1413393990605760512.000000000 3.01599 0.20453 0.23574 0.50906 0.23500 -0.79062 0.24608
1413393990705760512.000000000 3.02495 0.23927 0.21127 -0.48313 -0.22160 0.82035 -0.21098
1413393990805760256.000000000 3.01640 0.27532 0.19446 -0.46322 -0.22872 0.84077 -0.16193
1413393990905760512.000000000 2.98806 0.29868 0.18481 -0.45452 -0.23969 0.84922 -0.12161
1413393991005760512.000000000 2.93953 0.30079 0.18741 -0.48200 -0.25015 0.83394 -0.09824
1413393991105760512.000000000 2.87502 0.27929 0.19957 0.53289 0.25189 -0.80190 0.09765
1413393991205760512.000000000 2.80969 0.23895 0.21570 0.58974 0.24179 -0.76145 0.11808
1413393991305760256.000000000 2.75740 0.19191 0.23126 0.63781 0.22841 -0.72125 0.14429
1413393991405760512.000000000 2.72656 0.14885 0.24077 0.65434 0.21445 -0.70417 0.17318
1413393991505760512.000000000 2.71816 0.11346 0.24283 0.62570 0.20812 -0.72662 0.19289
1413393991605760512.000000000 2.72611 0.08926 0.24388 0.58010 0.20166 -0.76038 0.21127
1413393991705760512.000000000 2.73835 0.07726 0.24720 0.53271 0.19798 -0.79279 0.22023
1413393991805760256.000000000 2.74262 0.07759 0.25878 0.50532 0.19792 -0.81120 0.21779
1413393991905760512.000000000 2.73076 0.08742 0.28407 0.52397 0.20712 -0.80130 0.20119
1413393992005760512.000000000 2.70634 0.10118 0.31749 0.57140 0.21944 -0.76957 0.18195
1413393992105760512.000000000 2.68548 0.11701 0.34855 0.60695 0.22549 -0.74240 0.17210
1413393992205760512.000000000 2.67640 0.13647 0.36861 0.60036 0.23113 -0.74798 0.16334
1413393992305760256.000000000 2.67760 0.15744 0.38309 0.56682 0.23684 -0.77396 0.15367
1413393992405760512.000000000 2.68281 0.17530 0.39553 0.52823 0.22630 -0.80133 0.16620
1413393992505760512.000000000 2.68433 0.19324 0.40664 0.50845 0.21070 -0.81407 0.18538
1413393992605760512.000000000 2.67433 0.21004 0.41515 0.52126 0.20291 -0.80571 0.19482
1413393992705760512.000000000 2.65449 0.22934 0.42201 0.56389 0.20785 -0.77674 0.18842
1413393992805760256.000000000 2.63589 0.25281 0.42721 0.60623 0.21564 -0.74439 0.17851
1413393992905760512.000000000 2.62887 0.28158 0.42920 0.62021 0.22409 -0.73281 0.16766
1413393993005760512.000000000 2.63684 0.31408 0.42585 0.60014 0.23236 -0.74951 0.15514
1413393993105760512.000000000 2.65637 0.34675 0.42277 0.57241 0.23808 -0.77102 0.14556
1413393993205760512.000000000 2.68125 0.37535 0.41993 0.53384 0.23739 -0.79864 0.14437
1413393993305760256.000000000 2.70257 0.39734 0.41667 -0.48894 -0.23750 0.82772 -0.13934
1413393993405760512.000000000 2.70880 0.40729 0.42326 -0.46412 -0.24176 0.84221 -0.12976
1413393993505760512.000000000 2.69436 0.40017 0.43874 -0.47210 -0.24737 0.83714 -0.12297
1413393993605760512.000000000 2.66205 0.37451 0.46344 0.51318 0.24498 -0.81228 0.12975
1413393993705760512.000000000 2.62356 0.33789 0.49315 0.56834 0.23806 -0.77449 0.14313
1413393993805760256.000000000 2.59060 0.29965 0.51364 0.61533 0.23053 -0.73773 0.15482
1413393993905760512.000000000 2.57047 0.26453 0.51104 0.64566 0.22431 -0.71167 0.16228
1413393994005760512.000000000 2.56800 0.23491 0.49085 0.66593 0.21687 -0.69291 0.17138
1413393994105760512.000000000 2.59305 0.21619 0.47489 0.66954 0.20570 -0.68860 0.18770
1413393994205760512.000000000 2.65066 0.21453 0.47586 0.65775 0.19534 -0.69791 0.20527
1413393994305760256.000000000 2.73118 0.23019 0.49253 0.62778 0.19115 -0.72330 0.21492
1413393994405760512.000000000 2.82458 0.26232 0.51809 0.58087 0.19900 -0.76216 0.20521
1413393994505760512.000000000 2.92094 0.30522 0.52641 0.52039 0.21059 -0.80621 0.18673
1413393994605760512.000000000 3.01176 0.34991 0.51301 -0.46268 -0.21931 0.84270 -0.16639
1413393994705760512.000000000 3.08508 0.39054 0.48226 -0.41784 -0.22227 0.86824 -0.14886
1413393994805760256.000000000 3.12521 0.41854 0.45149 -0.40881 -0.22890 0.87394 -0.12928
1413393994905760512.000000000 3.13071 0.42420 0.43498 -0.45105 -0.23360 0.85292 -0.12046
1413393995005760512.000000000 3.11834 0.41405 0.42217 -0.49807 -0.22667 0.82732 -0.12682
1413393995105760512.000000000 3.10088 0.39271 0.40369 0.53192 0.20967 -0.80764 0.14426
1413393995205760512.000000000 3.07893 0.37309 0.37746 0.54526 0.19769 -0.79603 0.17307
1413393995305760256.000000000 3.05827 0.35519 0.34267 0.54474 0.19670 -0.78970 0.20232
1413393995405760512.000000000 3.03282 0.34238 0.30946 0.53826 0.20974 -0.78402 0.22717
1413393995505760512.000000000 2.99939 0.33658 0.28178 0.53198 0.23420 -0.77536 0.24691
1413393995605760512.000000000 2.95904 0.33844 0.25999 0.52961 0.26724 -0.76113 0.26225
1413393995705760512.000000000 2.91677 0.34800 0.24235 0.53140 0.30805 -0.73959 0.27519
1413393995805760256.000000000 2.87184 0.36109 0.22733 0.53299 0.34983 -0.71323 0.29127
1413393995905760512.000000000 2.82970 0.38001 0.21404 0.52819 0.38638 -0.68724 0.31533
1413393996005760512.000000000 2.79163 0.40614 0.19769 0.52078 0.41820 -0.66254 0.33901
1413393996105760512.000000000 2.75583 0.44180 0.18193 0.51206 0.44115 -0.64393 0.35852
1413393996205760512.000000000 2.72210 0.48662 0.16536 -0.49759 -0.45368 0.63581 -0.37724
1413393996305760256.000000000 2.68656 0.54053 0.14527 -0.47661 -0.46876 0.63896 -0.38058
1413393996405760512.000000000 2.64941 0.60142 0.12143 -0.46245 -0.48380 0.64222 -0.37365
1413393996505760512.000000000 2.61065 0.66555 0.08755 -0.45237 -0.49486 0.64581 -0.36524
1413393996605760512.000000000 2.57090 0.72917 0.04358 -0.44393 -0.50257 0.65093 -0.35586
1413393996705760512.000000000 2.53116 0.78939 -0.00140 -0.43702 -0.50965 0.65271 -0.35105
1413393996805760256.000000000 2.49165 0.84271 -0.04107 -0.43495 -0.51717 0.64793 -0.35148
1413393996905760512.000000000 2.45345 0.88960 -0.07391 -0.43473 -0.52709 0.63833 -0.35457
1413393997005760512.000000000 2.42144 0.93087 -0.10133 -0.43198 -0.53900 0.62835 -0.35783
1413393997105760512.000000000 2.38868 0.96549 -0.12315 -0.42769 -0.54880 0.62084 -0.36118
1413393997205760512.000000000 2.35843 0.99267 -0.13983 -0.42674 -0.55328 0.61374 -0.36756
1413393997305760256.000000000 2.33188 1.01422 -0.15349 -0.42923 -0.55515 0.60569 -0.37511
1413393997405760512.000000000 2.30902 1.03334 -0.17388 -0.43105 -0.55606 0.59974 -0.38120
1413393997505760512.000000000 2.28667 1.05057 -0.20984 -0.43114 -0.55712 0.59658 -0.38448
1413393997605760512.000000000 2.26902 1.06830 -0.25369 -0.43290 -0.55661 0.59342 -0.38813
1413393997705760512.000000000 2.25606 1.08441 -0.29252 -0.43425 -0.55574 0.59192 -0.39015
1413393997805760256.000000000 2.24718 1.09990 -0.32375 -0.43327 -0.55670 0.59310 -0.38806
1413393997905760512.000000000 2.24181 1.11524 -0.34861 -0.43228 -0.55762 0.59482 -0.38519
1413393998005760512.000000000 2.23818 1.12892 -0.36805 -0.43230 -0.55784 0.59636 -0.38247
1413393998105760512.000000000 2.23975 1.14025 -0.38580 -0.43230 -0.55776 0.59851 -0.37922
1413393998205760512.000000000 2.24687 1.14854 -0.40119 -0.43483 -0.55525 0.60026 -0.37723
1413393998305760256.000000000 2.25919 1.15517 -0.41271 -0.43710 -0.55155 0.60239 -0.37663
1413393998405760512.000000000 2.27595 1.15984 -0.41972 -0.43542 -0.54945 0.60667 -0.37477
1413393998505760512.000000000 2.29651 1.16331 -0.42279 -0.42704 -0.54560 0.61550 -0.37565
1413393998605760512.000000000 2.31933 1.16412 -0.42193 -0.42047 -0.53743 0.62231 -0.38355
1413393998705760512.000000000 2.34144 1.16180 -0.42350 -0.41535 -0.52708 0.62678 -0.39601
1413393998805760256.000000000 2.35933 1.15840 -0.42801 -0.41178 -0.51994 0.62895 -0.40562
1413393998905760512.000000000 2.37163 1.15555 -0.43541 -0.41404 -0.52047 0.62700 -0.40565
1413393999005760512.000000000 2.37785 1.15294 -0.44415 -0.42562 -0.52740 0.61889 -0.39709
1413393999105760512.000000000 2.38080 1.14983 -0.45524 -0.43874 -0.53579 0.60959 -0.38580
1413393999205760512.000000000 2.38536 1.14846 -0.47003 -0.44021 -0.54400 0.60871 -0.37384
1413393999305760256.000000000 2.39323 1.14479 -0.48667 -0.43137 -0.54568 0.61520 -0.37105
1413393999405760512.000000000 2.40358 1.13739 -0.50241 -0.41895 -0.53946 0.62425 -0.37917
1413393999505760512.000000000 2.41289 1.12694 -0.51674 -0.41153 -0.53416 0.62980 -0.38557
1413393999605760512.000000000 2.41877 1.11272 -0.52894 -0.40860 -0.52719 0.63247 -0.39384
1413393999705760512.000000000 2.42043 1.09626 -0.54098 -0.40792 -0.52259 0.63303 -0.39971
1413393999805760256.000000000 2.41582 1.07967 -0.55810 -0.40749 -0.51993 0.63284 -0.40390
1413393999905760512.000000000 2.40589 1.06319 -0.58403 -0.40576 -0.51915 0.63322 -0.40604
1413394000005760512.000000000 2.39033 1.04679 -0.61362 -0.41872 -0.52464 0.62422 -0.39973
1413394000105760512.000000000 2.38870 1.04308 -0.61195 -0.43138 -0.52785 0.61700 -0.39319
1413394000205760512.000000000 2.39172 1.04618 -0.59708 -0.45352 -0.53051 0.60434 -0.38426
1413394000305760256.000000000 2.39475 1.05117 -0.61498 -0.45957 -0.53066 0.60632 -0.37359
1413394000405760512.000000000 2.38659 1.05459 -0.61508 -0.45044 -0.51813 0.61400 -0.38942
1413394000505760512.000000000 2.38812 1.05316 -0.62128 -0.44749 -0.52036 0.61648 -0.38593
1413394000605760512.000000000 2.38697 1.05365 -0.61897 -0.44785 -0.51643 0.61608 -0.39137
1413394000705760512.000000000 2.38739 1.05310 -0.62019 -0.44765 -0.51798 0.61623 -0.38932
1413394000805760256.000000000 2.38720 1.05330 -0.62058 -0.44847 -0.51749 0.61561 -0.39002
1413394000905760512.000000000 2.38691 1.05325 -0.62085 -0.44804 -0.51781 0.61597 -0.38950
1413394001005760512.000000000 2.38703 1.05333 -0.62084 -0.44840 -0.51772 0.61569 -0.38965
1413394001105760512.000000000 2.38702 1.05322 -0.62095 -0.44807 -0.51787 0.61597 -0.38939
1413394001205760512.000000000 2.38689 1.05334 -0.62095 -0.44826 -0.51772 0.61588 -0.38951
1413394001305760256.000000000 2.38688 1.05330 -0.62101 -0.44824 -0.51782 0.61579 -0.38954
1413394001405760512.000000000 2.38690 1.05329 -0.62103 -0.44824 -0.51785 0.61575 -0.38956
1413394001505760512.000000000 2.38686 1.05332 -0.62106 -0.44834 -0.51776 0.61577 -0.38954
1413394001605760512.000000000 2.38682 1.05333 -0.62113 -0.44818 -0.51779 0.61588 -0.38950
1413394001705760512.000000000 2.38682 1.05334 -0.62116 -0.44810 -0.51782 0.61587 -0.38957
1413394001805760256.000000000 2.38681 1.05334 -0.62121 -0.44802 -0.51783 0.61586 -0.38968
1413394001905760512.000000000 2.38678 1.05333 -0.62126 -0.44791 -0.51780 0.61592 -0.38975
1413394002005760512.000000000 2.38674 1.05327 -0.62135 -0.44794 -0.51770 0.61595 -0.38981
1413394002105760512.000000000 2.38672 1.05331 -0.62136 -0.44808 -0.51760 0.61594 -0.38980
1413394002205760512.000000000 2.38670 1.05330 -0.62141 -0.44796 -0.51760 0.61600 -0.38983
1413394002305760256.000000000 2.38668 1.05329 -0.62143 -0.44799 -0.51760 0.61594 -0.38990
1413394002405760512.000000000 2.38668 1.05331 -0.62146 -0.44799 -0.51755 0.61594 -0.38995
1413394002505760512.000000000 2.38667 1.05330 -0.62148 -0.44794 -0.51754 0.61596 -0.38999
1413394002605760512.000000000 2.38666 1.05332 -0.62150 -0.44791 -0.51750 0.61599 -0.39003
1413394002705760512.000000000 2.38665 1.05331 -0.62151 -0.44787 -0.51747 0.61602 -0.39006
