1413394888155760640.000000000 0.02331 0.06064 0.28701 0.00839 0.82433 0.01111 0.56594
1413394888255760384.000000000 0.05026 0.08090 0.31772 0.00844 0.82031 0.01229 0.57172
1413394888355760640.000000000 0.07931 0.10393 0.35044 0.00888 0.82084 0.01413 0.57092
1413394888455760384.000000000 0.11083 0.12984 0.38417 0.00922 0.82295 0.01521 0.56784
1413394888555760384.000000000 0.14583 0.15782 0.41235 0.00530 0.82548 0.01244 0.56427
1413394888655760640.000000000 0.18327 0.18710 0.42775 0.00126 0.82639 0.01028 0.56300
1413394888755760384.000000000 0.22544 0.21575 0.42818 -0.00326 0.82197 0.00761 0.56946
1413394888855760640.000000000 0.27007 0.24433 0.42994 -0.00943 0.81579 0.00348 0.57826
1413394888955760384.000000000 0.31550 0.27147 0.43477 -0.01542 0.81156 -0.00034 0.58407
1413394889055760384.000000000 0.35983 0.29497 0.44166 -0.01848 0.80909 -0.00203 0.58739
1413394889155760640.000000000 0.40482 0.31613 0.45059 -0.01863 0.80778 -0.00192 0.58918
1413394889255760384.000000000 0.44790 0.33406 0.46501 -0.01322 0.79740 0.00151 0.60330
1413394889355760640.000000000 0.48297 0.34756 0.48458 -0.00851 0.77060 0.00523 0.63725
1413394889455760384.000000000 0.50412 0.36036 0.50955 -0.00582 0.73903 0.00722 0.67361
1413394889555760384.000000000 0.50099 0.37033 0.53107 -0.00143 0.73525 0.00976 0.67773
1413394889655760640.000000000 0.47731 0.38218 0.54817 0.00025 0.76920 0.00904 0.63894
1413394889755760384.000000000 0.43719 0.39404 0.56563 0.00276 0.81078 0.00800 0.58529
1413394889855760640.000000000 0.39693 0.40867 0.58620 0.00223 0.84408 0.00509 0.53619
1413394889955760384.000000000 0.36658 0.42325 0.60608 0.00062 0.86688 0.00094 0.49851
1413394890055760384.000000000 0.35413 0.43750 0.61707 0.00135 0.88303 -0.00102 0.46931
1413394890155760640.000000000 0.36446 0.45020 0.62046 -0.00391 0.88590 -0.00763 0.46380
1413394890255760384.000000000 0.40480 0.46095 0.62371 -0.01051 0.86575 -0.01404 0.50017
1413394890355760640.000000000 0.46421 0.46691 0.62052 -0.01949 0.83476 -0.02141 0.54985
1413394890455760384.000000000 0.53268 0.46753 0.61074 -0.02646 0.79994 -0.02525 0.59897
1413394890555760384.000000000 0.59546 0.46042 0.59637 -0.02727 0.76574 -0.02349 0.64214
1413394890655760640.000000000 0.64002 0.44793 0.58277 -0.01983 0.74323 -0.01527 0.66857
1413394890755760384.000000000 0.66042 0.42906 0.56996 -0.01207 0.73498 -0.00695 0.67795
1413394890855760640.000000000 0.65478 0.40634 0.55331 -0.00540 0.76077 -0.00044 0.64900
1413394890955760384.000000000 0.63072 0.38223 0.53494 -0.00245 0.80206 0.00263 0.59724
1413394891055760384.000000000 0.60035 0.35821 0.51786 0.00105 0.84001 0.00452 0.54256
1413394891155760640.000000000 0.57783 0.33539 0.50549 0.00311 0.86450 0.00513 0.50260
1413394891255760384.000000000 0.57431 0.31354 0.49580 0.00540 0.87759 0.00636 0.47933
1413394891355760640.000000000 0.59624 0.29304 0.48961 0.00788 0.87935 0.00823 0.47605
1413394891455760384.000000000 0.64676 0.27666 0.49209 0.01152 0.86492 0.01153 0.50164
1413394891555760384.000000000 0.71583 0.26330 0.49927 0.01314 0.84411 0.01374 0.53584
1413394891655760640.000000000 0.79537 0.25433 0.50570 0.01607 0.82749 0.01806 0.56096
1413394891755760384.000000000 0.87924 0.24779 0.51105 0.01748 0.81786 0.02043 0.57478
1413394891855760640.000000000 0.96397 0.24609 0.52440 0.01814 0.81028 0.02317 0.58530
1413394891955760384.000000000 1.04484 0.25017 0.55076 0.01958 0.79261 0.02562 0.60887
1413394892055760384.000000000 1.11821 0.25977 0.58317 0.01875 0.77738 0.02945 0.62806
1413394892155760640.000000000 1.17955 0.27715 0.61609 0.01262 0.76841 0.03913 0.63863
1413394892255760384.000000000 1.22922 0.30041 0.64818 0.00073 0.76586 0.05672 0.64050
1413394892355760640.000000000 1.26631 0.33038 0.67180 -0.01592 0.76538 0.07740 0.63870
1413394892455760384.000000000 1.29379 0.36328 0.67913 -0.03711 0.76377 0.10008 0.63660
1413394892555760384.000000000 1.31225 0.40060 0.67567 -0.05964 0.76332 0.12665 0.63068
1413394892655760640.000000000 1.31769 0.44036 0.67324 -0.08434 0.76784 0.15648 0.61549
1413394892755760384.000000000 1.33221 0.48268 0.67548 -0.10753 0.77329 0.18772 0.59600
1413394892855760640.000000000 1.31984 0.52844 0.68258 -0.13417 0.77243 0.22128 0.58000
1413394892955760384.000000000 1.29877 0.57535 0.69111 -0.15523 0.77345 0.25444 0.55941
1413394893055760384.000000000 1.27220 0.62321 0.70285 -0.17102 0.77119 0.28753 0.54162
1413394893155760640.000000000 1.24834 0.67436 0.71710 -0.18083 0.76277 0.32141 0.53120
1413394893255760384.000000000 1.22470 0.73120 0.73170 -0.19518 0.75357 0.34843 0.52215
1413394893355760640.000000000 1.20492 0.79514 0.74826 -0.21045 0.74083 0.36484 0.52324
1413394893455760384.000000000 1.18333 0.86382 0.76571 -0.21313 0.72456 0.38017 0.53392
1413394893555760384.000000000 1.15819 0.93810 0.77814 -0.21338 0.71128 0.39219 0.54290
1413394893655760640.000000000 1.12430 1.01559 0.77990 -0.20650 0.69988 0.40162 0.55338
1413394893755760384.000000000 1.07709 1.09475 0.77451 -0.19673 0.68809 0.40719 0.56747
1413394893855760640.000000000 1.01371 1.17757 0.76541 -0.19406 0.68366 0.40447 0.57563
1413394893955760384.000000000 0.93396 1.26563 0.75325 -0.20148 0.68348 0.39956 0.57672
1413394894055760384.000000000 0.83321 1.35345 0.73986 -0.21738 0.67817 0.39922 0.57746
1413394894155760640.000000000 0.72205 1.44192 0.72232 -0.24082 0.67442 0.40170 0.57079
1413394894255760384.000000000 0.58738 1.51349 0.70137 -0.28030 0.67413 0.40449 0.55079
1413394894355760640.000000000 0.44220 1.57308 0.67951 -0.31139 0.67111 0.41684 0.52810
1413394894455760384.000000000 0.29637 1.61358 0.65453 -0.33546 0.66548 0.43525 0.50514
1413394894555760384.000000000 0.15369 1.64234 0.62679 -0.34954 0.65588 0.45847 0.48728
1413394894655760640.000000000 0.01569 1.66505 0.59604 -0.36505 0.64503 0.47803 0.47135
1413394894755760384.000000000 -0.11788 1.68776 0.56413 -0.37127 0.62881 0.49725 0.46851
1413394894855760640.000000000 -0.24902 1.71278 0.53134 -0.37425 0.61981 0.51188 0.46233
1413394894955760384.000000000 -0.37426 1.73649 0.49769 -0.37943 0.61966 0.51930 0.44988
1413394895055760384.000000000 -0.49868 1.76082 0.46520 -0.38703 0.62593 0.51825 0.43571
1413394895155760640.000000000 -0.61892 1.78294 0.43640 -0.38670 0.63101 0.51899 0.42772
1413394895255760384.000000000 -0.72567 1.80123 0.41562 -0.38670 0.63391 0.51617 0.42684
1413394895355760640.000000000 -0.83131 1.82127 0.39986 -0.37585 0.63111 0.51841 0.43782
1413394895455760384.000000000 -0.92936 1.84224 0.39156 -0.35803 0.62398 0.52455 0.45532
1413394895555760384.000000000 -1.03176 1.86199 0.39443 -0.34384 0.62386 0.52778 0.46262
1413394895655760640.000000000 -1.12918 1.87979 0.41305 -0.34383 0.62899 0.52290 0.46122
1413394895755760384.000000000 -1.23025 1.89755 0.44668 -0.34869 0.63721 0.51733 0.45249
1413394895855760640.000000000 -1.32931 1.91733 0.48683 -0.35424 0.64090 0.51294 0.44795
1413394895955760384.000000000 -1.42670 1.93937 0.51634 -0.35758 0.64063 0.51197 0.44678
1413394896055760384.000000000 -1.52020 1.96469 0.53341 -0.35957 0.63947 0.51228 0.44650
1413394896155760640.000000000 -1.61520 1.99108 0.53772 -0.36069 0.63845 0.51363 0.44549
1413394896255760384.000000000 -1.70940 2.01969 0.53163 -0.36723 0.64149 0.51053 0.43931
1413394896355760640.000000000 -1.80404 2.04955 0.51858 -0.38606 0.65193 0.49735 0.42259
1413394896455760384.000000000 -1.89163 2.08090 0.50680 -0.40173 0.66105 0.48605 0.40666
1413394896555760384.000000000 -1.96443 2.11245 0.49205 -0.41599 0.66997 0.47438 0.39122
1413394896655760640.000000000 -2.02331 2.14446 0.47016 -0.43175 0.67938 0.45973 0.37508
1413394896755760384.000000000 -2.05879 2.17190 0.43898 -0.44756 0.68757 0.44468 0.35944
1413394896855760640.000000000 -2.06502 2.19217 0.40202 -0.46168 0.69185 0.43064 0.35036
1413394896955760384.000000000 -2.03420 2.20383 0.36643 -0.46937 0.69178 0.42176 0.35108
1413394897055760384.000000000 -1.96479 2.20442 0.33665 -0.47456 0.69422 0.41634 0.34571
1413394897155760640.000000000 -1.85493 2.20127 0.31291 -0.46966 0.69334 0.42055 0.34905
1413394897255760384.000000000 -1.71022 2.18539 0.29970 -0.45434 0.68801 0.43434 0.36273
1413394897355760640.000000000 -1.53464 2.16464 0.29517 -0.41869 0.66860 0.46628 0.40032
1413394897455760384.000000000 -1.34303 2.14264 0.29512 -0.39196 0.64960 0.48903 0.43039
1413394897555760384.000000000 -1.14656 2.12116 0.29758 -0.37591 0.63849 0.50223 0.44586
1413394897655760640.000000000 -0.95184 2.09955 0.30323 -0.36991 0.63219 0.50826 0.45297
1413394897755760384.000000000 -0.76088 2.07729 0.31380 -0.37166 0.62699 0.50831 0.45867
1413394897855760640.000000000 -0.57476 2.05246 0.32890 -0.37561 0.62148 0.50710 0.46426
1413394897955760384.000000000 -0.39362 2.02467 0.34872 -0.37841 0.61616 0.50563 0.47063
1413394898055760384.000000000 -0.21891 1.99173 0.37035 -0.37511 0.61606 0.50841 0.47040
1413394898155760640.000000000 -0.05206 1.95490 0.39436 -0.36842 0.61407 0.51470 0.47145
1413394898255760384.000000000 0.10597 1.91527 0.42144 -0.36005 0.60802 0.52262 0.47702
1413394898355760640.000000000 0.25165 1.87347 0.45082 -0.34899 0.59537 0.53611 0.48613
1413394898455760384.000000000 0.38004 1.83034 0.48055 -0.34089 0.58076 0.55420 0.48926
1413394898555760384.000000000 0.48626 1.78689 0.51117 -0.33966 0.56602 0.57536 0.48293
1413394898655760640.000000000 0.57267 1.74348 0.54334 -0.33994 0.55164 0.59477 0.47580
1413394898755760384.000000000 0.63812 1.70516 0.57466 -0.34145 0.54863 0.60882 0.46016
1413394898855760640.000000000 0.68465 1.66657 0.60933 -0.33867 0.54606 0.62048 0.44958
1413394898955760384.000000000 0.71210 1.63228 0.64656 -0.32772 0.53699 0.63277 0.45149
1413394899055760384.000000000 0.71539 1.60769 0.68004 -0.31927 0.53574 0.63979 0.44913
1413394899155760640.000000000 0.70186 1.58598 0.70315 -0.31593 0.54496 0.64237 0.43654
1413394899255760384.000000000 0.66562 1.57786 0.71600 -0.31248 0.54646 0.64504 0.43321
1413394899355760640.000000000 0.61412 1.56797 0.72157 -0.31941 0.54776 0.64162 0.43158
1413394899455760384.000000000 0.53941 1.57762 0.71440 -0.34427 0.55896 0.62914 0.41619
1413394899555760384.000000000 0.45216 1.59266 0.69891 -0.36810 0.56199 0.62461 0.39817
1413394899655760640.000000000 0.35485 1.61791 0.67831 -0.38388 0.55213 0.63259 0.38421
1413394899755760384.000000000 0.24965 1.65271 0.65927 -0.39666 0.53475 0.64797 0.36991
1413394899855760640.000000000 0.13701 1.69559 0.64460 -0.41496 0.50942 0.66328 0.35828
1413394899955760384.000000000 0.01683 1.74369 0.63255 -0.43971 0.48459 0.67385 0.34315
1413394900055760384.000000000 -0.10806 1.79564 0.63115 -0.46493 0.46170 0.68190 0.32508
1413394900155760640.000000000 -0.23413 1.84704 0.64245 -0.49017 0.43646 0.68739 0.31102
1413394900255760384.000000000 -0.35921 1.89896 0.65387 0.51138 -0.41500 -0.69225 -0.29507
1413394900355760640.000000000 -0.48045 1.94870 0.65744 0.52584 -0.38950 -0.69917 -0.28799
1413394900455760384.000000000 -0.59666 1.99358 0.65330 0.53174 -0.36002 -0.71092 -0.28675
1413394900555760384.000000000 -0.71006 2.03166 0.64243 0.52757 -0.32953 -0.72798 -0.28831
1413394900655760640.000000000 -0.82497 2.06207 0.62755 0.52404 -0.29815 -0.74206 -0.29297
1413394900755760384.000000000 -0.94532 2.08068 0.61568 0.52602 -0.26912 -0.75191 -0.29242
1413394900855760640.000000000 -1.07285 2.08065 0.61568 0.52915 -0.24425 -0.76281 -0.28012
1413394900955760384.000000000 -1.21081 2.06008 0.63315 0.53679 -0.21941 -0.77131 -0.26230
1413394901055760384.000000000 -1.35682 2.02017 0.66668 0.54689 -0.19173 -0.77783 -0.24318
1413394901155760640.000000000 -1.50658 1.96170 0.69949 0.56346 -0.16476 -0.77964 -0.21804
1413394901255760384.000000000 -1.65421 1.88738 0.72429 0.58576 -0.14905 -0.77625 -0.17920
1413394901355760640.000000000 -1.79480 1.80133 0.74024 0.60614 -0.13848 -0.77153 -0.13475
1413394901455760384.000000000 -1.92872 1.71286 0.74996 0.62771 -0.12852 -0.76199 -0.09402
1413394901555760384.000000000 -2.04412 1.61982 0.75175 0.63995 -0.11466 -0.75708 -0.06439
1413394901655760640.000000000 -2.14413 1.52964 0.74101 0.63276 -0.09234 -0.76745 -0.04587
1413394901755760384.000000000 -2.22899 1.44108 0.72263 0.62084 -0.05958 -0.78084 -0.03617
1413394901855760640.000000000 -2.29763 1.34969 0.70962 0.61578 -0.01749 -0.78716 -0.02995
1413394901955760384.000000000 -2.35538 1.25591 0.70575 0.61766 0.02524 -0.78583 -0.01790
1413394902055760384.000000000 -2.40015 1.15678 0.70913 0.61731 0.06061 -0.78438 0.00217
1413394902155760640.000000000 -2.42700 1.04933 0.72108 0.61661 0.09133 -0.78162 0.02277
1413394902255760384.000000000 -2.44544 0.93738 0.72651 0.61950 0.11734 -0.77478 0.04651
1413394902355760640.000000000 -2.45271 0.82165 0.72572 0.62806 0.14204 -0.76224 0.06597
1413394902455760384.000000000 -2.44548 0.70503 0.71896 0.63478 0.15974 -0.75077 0.08877
1413394902555760384.000000000 -2.42307 0.59198 0.71002 0.62994 0.15941 -0.74924 0.12811
1413394902655760640.000000000 -2.38625 0.48778 0.70175 0.61718 0.15004 -0.75418 0.16668
1413394902755760384.000000000 -2.34511 0.39606 0.69574 0.59955 0.13723 -0.76341 0.19726
1413394902855760640.000000000 -2.30218 0.32208 0.69086 0.58528 0.13244 -0.77256 0.20750
1413394902955760384.000000000 -2.26015 0.25952 0.68398 0.57551 0.13579 -0.78183 0.19771
1413394903055760384.000000000 -2.22115 0.21166 0.66870 0.57063 0.13471 -0.78905 0.18341
1413394903155760640.000000000 -2.18042 0.17827 0.64088 0.55749 0.12382 -0.80265 0.17213
1413394903255760384.000000000 -2.14398 0.16118 0.59874 0.53533 0.10706 -0.82214 0.16140
1413394903355760640.000000000 -2.11556 0.15489 0.55257 0.53180 0.09457 -0.83045 0.13637
1413394903455760384.000000000 -2.09990 0.15810 0.51593 0.54828 0.08397 -0.82424 0.11382
1413394903555760384.000000000 -2.09106 0.16610 0.49042 0.56550 0.07457 -0.81560 0.09719
1413394903655760640.000000000 -2.09351 0.18161 0.48055 0.57764 0.07274 -0.80911 0.07987
1413394903755760384.000000000 -2.09616 0.20179 0.48824 0.58269 0.07308 -0.80664 0.06679
1413394903855760640.000000000 -2.10101 0.22283 0.51305 0.58442 0.07921 -0.80592 0.05159
1413394903955760384.000000000 -2.10735 0.24127 0.53916 0.58278 0.08314 -0.80767 0.03359
1413394904055760384.000000000 -2.10892 0.25624 0.55151 0.57791 0.06693 -0.81286 0.02834
1413394904155760640.000000000 -2.10823 0.27001 0.55269 0.56781 0.03569 -0.82187 0.02916
1413394904255760384.000000000 -2.10909 0.28591 0.54397 0.55359 0.00173 -0.83250 0.02200
1413394904355760640.000000000 -2.11743 0.30525 0.52724 0.54042 -0.03186 -0.84079 0.00341
1413394904455760384.000000000 -2.13284 0.32887 0.50289 0.53218 -0.06641 -0.84372 -0.02262
1413394904555760384.000000000 -2.16025 0.35501 0.48062 0.53737 -0.09949 -0.83558 -0.05605
1413394904655760640.000000000 -2.19356 0.38590 0.46162 0.55145 -0.13485 -0.81871 -0.08625
1413394904755760384.000000000 -2.23252 0.41698 0.44664 0.56034 -0.17005 -0.80241 -0.11505
1413394904855760640.000000000 -2.27314 0.44687 0.43581 0.56672 -0.20246 -0.78528 -0.14552
1413394904955760384.000000000 -2.31112 0.47490 0.43019 0.57666 -0.23371 -0.76288 -0.17566
1413394905055760384.000000000 -2.34264 0.49766 0.42893 0.59204 -0.26427 -0.73366 -0.20348
1413394905155760640.000000000 -2.36372 0.51227 0.43033 0.60068 -0.29570 -0.70805 -0.22452
1413394905255760384.000000000 -2.37010 0.51725 0.42684 0.58161 -0.33479 -0.70579 -0.22693
1413394905355760640.000000000 -2.36753 0.51501 0.41867 0.53195 -0.37399 -0.72896 -0.21396
1413394905455760384.000000000 -2.36158 0.51795 0.41231 -0.47388 0.40435 0.75739 0.19571
1413394905555760384.000000000 -2.36095 0.54002 0.41076 -0.42795 0.42274 0.77749 0.18347
1413394905655760640.000000000 -2.37199 0.59021 0.42065 -0.41900 0.41646 0.78195 0.19890
1413394905755760384.000000000 -2.39997 0.66620 0.44297 -0.46127 0.39271 0.75987 0.23581
1413394905855760640.000000000 -2.43557 0.75058 0.47127 0.52422 -0.36236 -0.72039 -0.27372
1413394905955760384.000000000 -2.47174 0.82707 0.49899 0.57826 -0.33500 -0.68105 -0.29927
1413394906055760384.000000000 -2.49797 0.88561 0.52621 0.61965 -0.31909 -0.64866 -0.30569
1413394906155760640.000000000 -2.50840 0.91976 0.55271 0.64464 -0.32086 -0.62964 -0.29160
1413394906255760384.000000000 -2.49458 0.92763 0.58235 0.63345 -0.34469 -0.64023 -0.26464
1413394906355760640.000000000 -2.45825 0.92293 0.60873 0.59078 -0.37719 -0.67059 -0.24294
1413394906455760384.000000000 -2.40271 0.91226 0.62679 0.53282 -0.40690 -0.70340 -0.23613
1413394906555760384.000000000 -2.34102 0.90696 0.63597 -0.46832 0.43206 0.73147 0.24282
1413394906655760640.000000000 -2.28211 0.91504 0.63993 -0.42465 0.45268 0.74049 0.25773
1413394906755760384.000000000 -2.23259 0.93823 0.64312 -0.42712 0.46174 0.72096 0.29082
1413394906855760640.000000000 -2.19725 0.97381 0.64398 -0.46211 0.45672 0.68023 0.33934
1413394906955760384.000000000 -2.17148 1.00747 0.64269 0.50660 -0.44193 -0.63161 -0.38616
1413394907055760384.000000000 -2.14583 1.01951 0.64022 0.54566 -0.42476 -0.58662 -0.42156
1413394907155760640.000000000 -2.11697 1.00078 0.63774 0.56976 -0.42181 -0.55985 -0.42896
1413394907255760384.000000000 -2.08508 0.94609 0.62710 0.54854 -0.44678 -0.57775 -0.40706
1413394907355760640.000000000 -2.04807 0.86601 0.61312 0.50477 -0.48640 -0.61393 -0.36292
1413394907455760384.000000000 -2.00208 0.77695 0.59543 -0.46624 0.54138 0.63497 0.29384
1413394907555760384.000000000 -1.94494 0.69865 0.57339 -0.43943 0.59106 0.63400 0.23579
1413394907655760640.000000000 -1.87220 0.64599 0.54932 -0.41299 0.61807 0.63159 0.22027
1413394907755760384.000000000 -1.78441 0.62910 0.53128 -0.40256 0.60626 0.63070 0.26948
1413394907855760640.000000000 -1.69009 0.63713 0.51669 -0.41919 0.56568 0.61761 0.35049
1413394907955760384.000000000 -1.60143 0.64998 0.49133 -0.44620 0.52400 0.59546 0.41444
1413394908055760384.000000000 -1.51688 0.65360 0.45753 -0.46708 0.49751 0.57886 0.44636
1413394908155760640.000000000 -1.44052 0.63754 0.41320 -0.45304 0.50507 0.58968 0.43810
1413394908255760384.000000000 -1.36688 0.61350 0.36458 -0.41526 0.52883 0.62070 0.40328
1413394908355760640.000000000 -1.30251 0.58653 0.31936 -0.37783 0.55183 0.64800 0.36445
1413394908455760384.000000000 -1.24708 0.57388 0.28664 -0.35595 0.57127 0.66236 0.32899
1413394908555760384.000000000 -1.20162 0.58833 0.27382 -0.35529 0.57993 0.66438 0.30992
1413394908655760640.000000000 -1.16426 0.63489 0.29170 -0.38625 0.55151 0.65389 0.34508
1413394908755760384.000000000 -1.14420 0.69953 0.33089 -0.43661 0.51100 0.62681 0.39417
1413394908855760640.000000000 -1.12751 0.74576 0.37495 -0.47855 0.47616 0.59935 0.43017
1413394908955760384.000000000 -1.11625 0.77044 0.42934 0.51687 -0.45394 -0.57192 -0.44687
1413394909055760384.000000000 -1.10435 0.77206 0.49018 0.53313 -0.45816 -0.56407 -0.43322
1413394909155760640.000000000 -1.09093 0.75908 0.54852 0.51272 -0.48953 -0.58557 -0.39318
1413394909255760384.000000000 -1.07356 0.73381 0.59966 -0.46495 0.52769 0.61498 0.35658
1413394909355760640.000000000 -1.04722 0.70581 0.63924 -0.42250 0.56471 0.62732 0.33026
1413394909455760384.000000000 -1.01461 0.68683 0.67197 -0.40377 0.59350 0.61553 0.32534
1413394909555760384.000000000 -0.97518 0.68430 0.70457 -0.41264 0.60781 0.58378 0.34569
1413394909655760640.000000000 -0.92850 0.70024 0.73761 -0.43378 0.61056 0.54758 0.37311
1413394909755760384.000000000 -0.87038 0.70830 0.77504 -0.45073 0.59845 0.51886 0.41169
1413394909855760640.000000000 -0.80225 0.71221 0.81606 -0.46327 0.57249 0.49865 0.45715
1413394909955760384.000000000 -0.73083 0.70194 0.85272 -0.46244 0.55799 0.49496 0.47939
1413394910055760384.000000000 -0.65852 0.67195 0.87626 -0.42932 0.57051 0.52179 0.46683
1413394910155760640.000000000 -0.59149 0.62778 0.88936 -0.39102 0.59504 0.55154 0.43456
1413394910255760384.000000000 -0.53092 0.58300 0.89318 -0.35986 0.62059 0.57381 0.39511
1413394910355760640.000000000 -0.47513 0.55013 0.89097 -0.33856 0.63824 0.58832 0.36319
1413394910455760384.000000000 -0.42033 0.53353 0.88216 -0.32679 0.64718 0.59686 0.34369
1413394910555760384.000000000 -0.37101 0.54499 0.86636 -0.34365 0.63241 0.59123 0.36388
1413394910655760640.000000000 -0.31907 0.57438 0.85680 -0.38875 0.59671 0.56725 0.41357
1413394910755760384.000000000 -0.26981 0.60518 0.84691 -0.43549 0.56083 0.53683 0.45566
1413394910855760640.000000000 -0.22474 0.62314 0.83218 -0.47211 0.54025 0.51150 0.47287
1413394910955760384.000000000 -0.18230 0.61793 0.81515 -0.49383 0.53263 0.49688 0.47491
1413394911055760384.000000000 -0.13520 0.58482 0.79606 -0.49448 0.54514 0.50274 0.45340
1413394911155760640.000000000 -0.08304 0.52802 0.77031 -0.44900 0.56843 0.54032 0.42819
1413394911255760384.000000000 -0.02715 0.46261 0.74292 -0.39559 0.59327 0.57825 0.39645
1413394911355760640.000000000 0.02996 0.40027 0.71203 -0.35564 0.61308 0.59995 0.37109
1413394911455760384.000000000 0.08469 0.35689 0.67760 -0.33426 0.62426 0.60850 0.35818
1413394911555760384.000000000 0.13577 0.33283 0.63872 -0.32972 0.62668 0.60690 0.36087
1413394911655760640.000000000 0.18097 0.33235 0.60036 -0.35409 0.61364 0.58650 0.39253
1413394911755760384.000000000 0.22273 0.34727 0.56993 -0.39575 0.58644 0.55300 0.44007
1413394911855760640.000000000 0.25706 0.35190 0.54842 -0.42856 0.55908 0.52264 0.48022
1413394911955760384.000000000 0.28405 0.33574 0.53405 -0.43482 0.55181 0.51294 0.49328
1413394912055760384.000000000 0.30448 0.30291 0.52371 -0.40874 0.57542 0.52958 0.47050
1413394912155760640.000000000 0.31889 0.25991 0.52077 -0.36803 0.60980 0.55273 0.43265
1413394912255760384.000000000 0.32961 0.21983 0.52434 -0.33420 0.63610 0.56235 0.40921
1413394912355760640.000000000 0.33716 0.19578 0.53156 -0.31170 0.65495 0.55820 0.40286
1413394912455760384.000000000 0.34331 0.19317 0.54242 -0.30239 0.67422 0.53939 0.40379
1413394912555760384.000000000 0.34899 0.20743 0.56226 -0.30735 0.68560 0.51004 0.41875
1413394912655760640.000000000 0.35584 0.23850 0.58857 -0.32069 0.69030 0.47339 0.44334
1413394912755760384.000000000 0.36411 0.27945 0.61429 -0.32863 0.69594 0.44075 0.46196
1413394912855760640.000000000 0.37535 0.32236 0.63843 -0.33032 0.70242 0.41822 0.47180
1413394912955760384.000000000 0.39184 0.36514 0.66091 -0.31796 0.70463 0.41262 0.48182
1413394913055760384.000000000 0.40981 0.40942 0.68412 -0.30166 0.70175 0.41578 0.49363
1413394913155760640.000000000 0.42652 0.45661 0.70767 -0.29137 0.69829 0.42032 0.50082
1413394913255760384.000000000 0.43818 0.50287 0.73244 -0.29243 0.69178 0.42922 0.50170
1413394913355760640.000000000 0.44323 0.55082 0.75933 -0.30752 0.67579 0.44269 0.50276
1413394913455760384.000000000 0.44074 0.60020 0.78264 -0.32405 0.65547 0.46606 0.49813
1413394913555760384.000000000 0.43063 0.64768 0.79560 -0.33644 0.62864 0.49839 0.49318
1413394913655760640.000000000 0.41032 0.69254 0.79842 -0.34531 0.59758 0.53599 0.48619
1413394913755760384.000000000 0.37765 0.73279 0.78675 -0.35478 0.57407 0.57302 0.46499
1413394913855760640.000000000 0.33430 0.77161 0.76030 -0.37453 0.55729 0.60217 0.43191
1413394913955760384.000000000 0.28161 0.81160 0.72312 -0.40081 0.54204 0.62277 0.39711
1413394914055760384.000000000 0.22409 0.85722 0.68095 -0.42576 0.52212 0.63989 0.36968
1413394914155760640.000000000 0.16270 0.90520 0.63943 -0.44362 0.49335 0.65983 0.35275
1413394914255760384.000000000 0.09707 0.95307 0.61094 -0.45536 0.45821 0.68226 0.34238
1413394914355760640.000000000 0.02354 1.00046 0.59935 -0.46678 0.42310 0.70245 0.33115
1413394914455760384.000000000 -0.05920 1.04529 0.60405 -0.47733 0.39015 0.72024 0.31812
1413394914555760384.000000000 -0.15197 1.08644 0.62117 -0.48745 0.36469 0.73323 0.30295
1413394914655760640.000000000 -0.25256 1.12369 0.63530 0.50283 -0.35445 -0.73761 -0.27831
1413394914755760384.000000000 -0.35912 1.15720 0.63919 0.51570 -0.34504 -0.74116 -0.25629
1413394914855760640.000000000 -0.46858 1.18733 0.63358 0.52440 -0.33207 -0.74639 -0.24009
1413394914955760384.000000000 -0.57832 1.21338 0.61690 0.53056 -0.31122 -0.75252 -0.23530
1413394915055760384.000000000 -0.68818 1.23188 0.58939 0.53652 -0.28260 -0.75908 -0.23683
1413394915155760640.000000000 -0.79995 1.23783 0.56055 0.54028 -0.24833 -0.76859 -0.23601
1413394915255760384.000000000 -0.91414 1.22788 0.53643 0.54174 -0.21091 -0.77988 -0.23199
1413394915355760640.000000000 -1.03216 1.20175 0.51573 0.54660 -0.17462 -0.78811 -0.22274
1413394915455760384.000000000 -1.15267 1.15639 0.49867 0.55503 -0.14000 -0.79276 -0.20945
1413394915555760384.000000000 -1.27703 1.09261 0.48574 0.56911 -0.10953 -0.79318 -0.18701
1413394915655760640.000000000 -1.40160 1.00887 0.47483 0.59245 -0.09082 -0.78843 -0.13835
1413394915755760384.000000000 -1.52055 0.91109 0.46500 0.61176 -0.06877 -0.78344 -0.08511
1413394915855760640.000000000 -1.62957 0.80636 0.46085 0.63189 -0.03570 -0.77284 -0.04655
1413394915955760384.000000000 -1.72496 0.69862 0.45998 0.64476 -0.00007 -0.76420 -0.01654
1413394916055760384.000000000 -1.80234 0.58995 0.46065 0.64851 0.03063 -0.76049 0.01186
1413394916155760640.000000000 -1.86163 0.48206 0.46317 0.64624 0.05528 -0.76025 0.03673
1413394916255760384.000000000 -1.90447 0.37549 0.46528 0.62447 0.07883 -0.77504 0.05596
1413394916355760640.000000000 -1.93565 0.26948 0.46993 0.59938 0.09934 -0.79031 0.07929
1413394916455760384.000000000 -1.96020 0.16530 0.46905 0.57808 0.10782 -0.79982 0.12038
1413394916555760384.000000000 -1.98174 0.06778 0.45901 0.56362 0.11199 -0.80078 0.16894
1413394916655760640.000000000 -2.00987 -0.01596 0.43852 0.55730 0.11512 -0.79080 0.22538
1413394916755760384.000000000 -2.04062 -0.08175 0.40808 0.54534 0.14462 -0.78470 0.25679
1413394916855760640.000000000 -2.07588 -0.12366 0.36740 0.52944 0.19165 -0.78154 0.26862
1413394916955760384.000000000 -2.11743 -0.14770 0.31563 0.51158 0.24369 -0.77784 0.27177
1413394917055760384.000000000 -2.16905 -0.16047 0.26010 0.50476 0.30463 -0.76391 0.26242
1413394917155760640.000000000 -2.22862 -0.17681 0.20487 -0.49118 -0.35926 0.74942 -0.26086
1413394917255760384.000000000 -2.29222 -0.19361 0.15257 -0.47774 -0.40922 0.73276 -0.25955
1413394917355760640.000000000 -2.36082 -0.22090 0.10387 -0.46555 -0.44488 0.71755 -0.26546
1413394917455760384.000000000 -2.43224 -0.25733 0.05877 -0.45593 -0.46607 0.70688 -0.27428
1413394917555760384.000000000 -2.50549 -0.30568 0.01969 -0.46200 -0.48167 0.69106 -0.27745
1413394917655760640.000000000 -2.57520 -0.37036 -0.01341 -0.47364 -0.49181 0.67606 -0.27701
1413394917755760384.000000000 -2.63952 -0.44794 -0.03636 -0.48348 -0.49586 0.66712 -0.27445
1413394917855760640.000000000 -2.69427 -0.53712 -0.04661 -0.49876 -0.50461 0.65337 -0.26404
1413394917955760384.000000000 -2.72773 -0.64011 -0.04980 0.50471 0.51745 -0.64171 0.25637
1413394918055760384.000000000 -2.74108 -0.75052 -0.05640 -0.49960 -0.52576 0.63621 -0.26310
1413394918155760640.000000000 -2.73681 -0.87025 -0.07151 -0.47879 -0.52326 0.64106 -0.29326
1413394918255760384.000000000 -2.72209 -0.99761 -0.08908 -0.45508 -0.52093 0.64377 -0.32725
1413394918355760640.000000000 -2.70094 -1.12872 -0.10639 -0.42013 -0.51713 0.65263 -0.36076
1413394918455760384.000000000 -2.68233 -1.26283 -0.12001 -0.39304 -0.51597 0.65377 -0.38971
1413394918555760384.000000000 -2.67276 -1.39946 -0.12836 -0.38122 -0.52511 0.64222 -0.40803
1413394918655760640.000000000 -2.67476 -1.53891 -0.13319 -0.37934 -0.54628 0.62163 -0.41383
1413394918755760384.000000000 -2.68585 -1.67965 -0.13644 -0.38538 -0.57195 0.59491 -0.41285
1413394918855760640.000000000 -2.70247 -1.82062 -0.13557 0.39895 0.59259 -0.56472 0.41325
1413394918955760384.000000000 -2.71773 -1.96063 -0.12492 0.41477 0.60329 -0.53411 0.42277
1413394919055760384.000000000 -2.72584 -2.09389 -0.10020 0.41380 0.60589 -0.51412 0.44423
1413394919155760640.000000000 -2.72855 -2.21443 -0.06014 0.40463 0.60853 -0.49683 0.46811
1413394919255760384.000000000 -2.72791 -2.31831 -0.00301 0.39361 0.61481 -0.47580 0.49061
1413394919355760640.000000000 -2.72600 -2.40695 0.06222 0.39004 0.62635 -0.44591 0.50668
1413394919455760384.000000000 -2.72318 -2.47705 0.13146 0.39311 0.64411 -0.41078 0.51171
1413394919555760384.000000000 -2.71612 -2.52681 0.19809 0.38293 0.67301 -0.38599 0.50143
1413394919655760640.000000000 -2.70258 -2.55703 0.25402 0.34954 0.70137 -0.37814 0.49285
1413394919755760384.000000000 -2.68216 -2.57809 0.29948 0.30452 0.72266 -0.37768 0.49233
1413394919855760640.000000000 -2.65480 -2.59388 0.33674 0.25821 0.74028 -0.37700 0.49315
1413394919955760384.000000000 -2.62227 -2.60947 0.36638 0.22307 0.75781 -0.36219 0.49476
1413394920055760384.000000000 -2.58459 -2.63294 0.38699 0.19376 0.77560 -0.33594 0.49805
1413394920155760640.000000000 -2.54018 -2.66233 0.39569 0.16688 0.79238 -0.30501 0.50125
1413394920255760384.000000000 -2.48891 -2.70485 0.39201 0.14623 0.80850 -0.26887 0.50264
1413394920355760640.000000000 -2.43017 -2.75170 0.38022 0.13888 0.81764 -0.22611 0.51094
1413394920455760384.000000000 -2.36308 -2.79948 0.36575 0.13678 0.82114 -0.18546 0.52213
1413394920555760384.000000000 -2.28697 -2.84787 0.35412 0.14000 0.82187 -0.14724 0.53221
1413394920655760640.000000000 -2.20265 -2.89016 0.34687 0.14933 0.82243 -0.11649 0.53641
1413394920755760384.000000000 -2.11028 -2.92071 0.34196 0.15524 0.82421 -0.09825 0.53565
1413394920855760640.000000000 -2.00998 -2.93638 0.33636 0.14694 0.82733 -0.09843 0.53315
1413394920955760384.000000000 -1.89991 -2.94470 0.32443 0.13928 0.82836 -0.10425 0.53249
1413394921055760384.000000000 -1.77989 -2.94184 0.30615 0.12603 0.82874 -0.12030 0.53182
1413394921155760640.000000000 -1.65066 -2.93162 0.28305 0.11065 0.82065 -0.14062 0.54269
1413394921255760384.000000000 -1.51657 -2.91966 0.25020 0.09343 0.81192 -0.16389 0.55245
1413394921355760640.000000000 -1.38005 -2.91045 0.20349 0.05950 0.80594 -0.20065 0.55377
1413394921455760384.000000000 -1.24405 -2.91291 0.14881 0.03024 0.80058 -0.23354 0.55102
1413394921555760384.000000000 -1.11246 -2.93432 0.08759 0.03469 0.80392 -0.24078 0.54271
1413394921655760640.000000000 -0.98379 -2.97775 0.02902 0.07689 0.80625 -0.21955 0.54392
1413394921755760384.000000000 -0.85734 -3.03238 -0.02605 0.12139 0.80385 -0.19247 0.54958
1413394921855760640.000000000 -0.72980 -3.08680 -0.07778 0.14363 0.79568 -0.17022 0.56328
1413394921955760384.000000000 -0.60081 -3.13405 -0.12320 0.13218 0.77971 -0.15687 0.59159
1413394922055760384.000000000 -0.47684 -3.17305 -0.15822 0.10308 0.76990 -0.14482 0.61290
1413394922155760640.000000000 -0.36542 -3.20788 -0.17521 0.07978 0.77174 -0.12071 0.61926
1413394922255760384.000000000 -0.26758 -3.24002 -0.17942 0.06423 0.78923 -0.08935 0.60415
1413394922355760640.000000000 -0.17946 -3.27170 -0.16735 0.06419 0.80837 -0.05230 0.58283
1413394922455760384.000000000 -0.09215 -3.29914 -0.13435 0.06598 0.81807 -0.02312 0.57085
1413394922555760384.000000000 -0.00547 -3.31888 -0.08243 0.05227 0.82235 -0.01275 0.56644
1413394922655760640.000000000 0.08406 -3.33206 -0.02154 0.02762 0.82367 -0.01713 0.56614
1413394922755760384.000000000 0.17656 -3.34116 0.03917 0.01110 0.82786 -0.02119 0.56042
1413394922855760640.000000000 0.27226 -3.35149 0.09879 0.00307 0.83405 -0.02281 0.55121
1413394922955760384.000000000 0.37272 -3.36185 0.16099 0.00205 0.83805 -0.02264 0.54513
1413394923055760384.000000000 0.48237 -3.37282 0.21629 0.00205 0.84247 -0.02302 0.53824
1413394923155760640.000000000 0.60286 -3.38390 0.25936 0.00758 0.84298 -0.02120 0.53748
1413394923255760384.000000000 0.73068 -3.39484 0.30691 0.02627 0.83395 -0.00965 0.55114
1413394923355760640.000000000 0.86256 -3.40235 0.35417 0.03330 0.82752 -0.00571 0.56042
1413394923455760384.000000000 0.99534 -3.40174 0.39769 0.02070 0.83210 -0.00714 0.55420
1413394923555760384.000000000 1.13387 -3.39485 0.44246 0.00519 0.83945 0.00008 0.54341
1413394923655760640.000000000 1.28146 -3.38340 0.48518 -0.00546 0.83929 0.02071 0.54326
1413394923755760384.000000000 1.43607 -3.36760 0.51974 -0.01110 0.83232 0.05132 0.55181
1413394923855760640.000000000 1.59463 -3.34637 0.54356 -0.02246 0.82429 0.08141 0.55984
1413394923955760384.000000000 1.75342 -3.31674 0.55429 -0.03800 0.81629 0.10987 0.56583
1413394924055760384.000000000 1.90835 -3.28160 0.55378 -0.05715 0.80894 0.13702 0.56883
1413394924155760640.000000000 2.05882 -3.23864 0.55088 -0.08476 0.80287 0.15936 0.56817
1413394924255760384.000000000 2.20381 -3.19080 0.54988 -0.11997 0.79917 0.17825 0.56139
1413394924355760640.000000000 2.34477 -3.14088 0.55103 -0.15571 0.79576 0.19741 0.55096
1413394924455760384.000000000 2.48563 -3.09248 0.55525 -0.17882 0.78663 0.22438 0.54671
1413394924555760384.000000000 2.62023 -3.04419 0.55863 -0.19784 0.77587 0.25254 0.54323
1413394924655760640.000000000 2.75559 -2.99749 0.56538 -0.20947 0.76381 0.28792 0.53834
1413394924755760384.000000000 2.88809 -2.95090 0.57439 -0.22074 0.74755 0.32340 0.53653
1413394924855760640.000000000 3.01778 -2.90265 0.58997 -0.22881 0.72412 0.35770 0.54346
1413394924955760384.000000000 3.13322 -2.85246 0.60535 -0.23304 0.69961 0.38777 0.55306
1413394925055760384.000000000 3.23760 -2.80203 0.62460 -0.23138 0.67876 0.41084 0.56298
1413394925155760640.000000000 3.32555 -2.75112 0.64369 -0.23082 0.67464 0.43003 0.55376
1413394925255760384.000000000 3.38870 -2.69428 0.66485 -0.22716 0.67122 0.45105 0.54259
1413394925355760640.000000000 3.43269 -2.63028 0.68474 -0.22458 0.66573 0.46746 0.53652
1413394925455760384.000000000 3.44697 -2.55955 0.69448 -0.23296 0.66583 0.47058 0.53005
1413394925555760384.000000000 3.42577 -2.48256 0.69058 -0.24457 0.66924 0.46719 0.52349
1413394925655760640.000000000 3.41028 -2.39599 0.67989 -0.25599 0.67196 0.46457 0.51683
1413394925755760384.000000000 3.37989 -2.30410 0.66393 -0.27885 0.68182 0.45134 0.50364
1413394925855760640.000000000 3.35199 -2.20505 0.65085 -0.29561 0.69039 0.43950 0.49277
1413394925955760384.000000000 3.32045 -2.10266 0.63960 -0.30480 0.69381 0.43561 0.48577
1413394926055760384.000000000 3.28802 -2.00074 0.63068 -0.30364 0.69042 0.44364 0.48405
1413394926155760640.000000000 3.25414 -1.89848 0.62156 -0.29568 0.68469 0.45590 0.48573
1413394926255760384.000000000 3.21741 -1.79347 0.61264 -0.28830 0.68011 0.46621 0.48680
1413394926355760640.000000000 3.17646 -1.68280 0.60414 -0.29158 0.68444 0.46723 0.47772
1413394926455760384.000000000 3.13251 -1.56619 0.59647 -0.29570 0.68940 0.46747 0.46772
1413394926555760384.000000000 3.08491 -1.44424 0.59093 -0.30742 0.68717 0.47096 0.45987
1413394926655760640.000000000 3.03775 -1.31241 0.58691 -0.33118 0.67941 0.47802 0.44745
1413394926755760384.000000000 2.99089 -1.17768 0.58430 -0.36703 0.66997 0.48469 0.42603
1413394926855760640.000000000 2.95073 -1.04255 0.58340 -0.40521 0.65983 0.49226 0.39762
1413394926955760384.000000000 2.92210 -0.91133 0.58212 -0.43382 0.64674 0.50449 0.37285
1413394927055760384.000000000 2.91374 -0.77996 0.57412 -0.44611 0.62998 0.52154 0.36348
1413394927155760640.000000000 2.92333 -0.65029 0.55723 -0.43525 0.60431 0.54951 0.37870
1413394927255760384.000000000 2.94284 -0.52249 0.54051 -0.42141 0.58074 0.57235 0.39695
1413394927355760640.000000000 2.96726 -0.39979 0.53413 -0.41031 0.56888 0.58687 0.40449
1413394927455760384.000000000 2.99094 -0.27789 0.54008 -0.40713 0.56807 0.59256 0.40052
1413394927555760384.000000000 3.01677 -0.16977 0.55809 -0.40688 0.57193 0.59425 0.39270
1413394927655760640.000000000 3.03899 -0.06174 0.59104 -0.40943 0.57334 0.59338 0.38928
1413394927755760384.000000000 3.05667 0.05592 0.62639 -0.41229 0.57138 0.59461 0.38728
1413394927855760640.000000000 3.07270 0.17384 0.65850 -0.41299 0.56514 0.59723 0.39161
1413394927955760384.000000000 3.08524 0.29361 0.67868 -0.41321 0.56382 0.59888 0.39079
1413394928055760384.000000000 3.09562 0.41533 0.68958 -0.41457 0.55973 0.59925 0.39463
1413394928155760640.000000000 3.10385 0.53696 0.69473 -0.41375 0.54750 0.60069 0.41014
1413394928255760384.000000000 3.10726 0.65500 0.69570 -0.41780 0.53374 0.59778 0.42805
1413394928355760640.000000000 3.10255 0.76364 0.69828 -0.42274 0.52474 0.59278 0.44109
1413394928455760384.000000000 3.08833 0.86472 0.70046 -0.42912 0.53024 0.58742 0.43548
1413394928555760384.000000000 3.06849 0.94911 0.70557 -0.43556 0.54282 0.58185 0.42082
1413394928655760640.000000000 3.04629 1.03068 0.71221 -0.43734 0.55232 0.57888 0.41058
1413394928755760384.000000000 3.02307 1.10789 0.72007 -0.43559 0.55691 0.57798 0.40749
1413394928855760640.000000000 3.00002 1.18236 0.72423 -0.43061 0.55690 0.57953 0.41058
1413394928955760384.000000000 2.97522 1.25333 0.72013 -0.42369 0.55417 0.58262 0.41705
1413394929055760384.000000000 2.94799 1.31812 0.70634 -0.42337 0.55407 0.58155 0.41900
1413394929155760640.000000000 2.91730 1.37916 0.68986 -0.43073 0.55065 0.57534 0.42455
1413394929255760384.000000000 2.88515 1.43103 0.67429 -0.44068 0.54944 0.56769 0.42620
1413394929355760640.000000000 2.85234 1.47359 0.66289 -0.45191 0.55236 0.55956 0.42139
1413394929455760384.000000000 2.82220 1.50644 0.65555 -0.45417 0.55770 0.55784 0.41414
1413394929555760384.000000000 2.79673 1.52877 0.65009 -0.44489 0.56855 0.56481 0.39977
1413394929655760640.000000000 2.77689 1.54437 0.64740 -0.43163 0.57678 0.57377 0.38963
1413394929755760384.000000000 2.76138 1.56078 0.64659 -0.42098 0.57705 0.58066 0.39067
1413394929855760640.000000000 2.74587 1.58123 0.64015 -0.41724 0.57418 0.58264 0.39594
1413394929955760384.000000000 2.73240 1.59842 0.62589 -0.42325 0.56865 0.57787 0.40444
1413394930055760384.000000000 2.72006 1.61234 0.60197 -0.43075 0.56070 0.57187 0.41596
1413394930155760640.000000000 2.70553 1.62415 0.57308 -0.43644 0.55328 0.56684 0.42673
1413394930255760384.000000000 2.68898 1.62877 0.54839 -0.44583 0.54495 0.55932 0.43751
1413394930355760640.000000000 2.67055 1.62281 0.52743 -0.45943 0.54710 0.54937 0.43335
1413394930455760384.000000000 2.65416 1.60572 0.50347 -0.44764 0.56948 0.55873 0.40389
1413394930555760384.000000000 2.64209 1.58273 0.47494 -0.41916 0.59978 0.57748 0.36204
1413394930655760640.000000000 2.63690 1.56497 0.43533 -0.38909 0.62577 0.59331 0.32404
1413394930755760384.000000000 2.63970 1.56515 0.39348 -0.36634 0.62666 0.60711 0.32329
1413394930855760640.000000000 2.64711 1.58952 0.35620 -0.37179 0.60578 0.60533 0.35831
1413394930955760384.000000000 2.65302 1.62944 0.32476 -0.39712 0.57915 0.58901 0.39993
1413394931055760384.000000000 2.65584 1.67225 0.30214 -0.42140 0.55799 0.57090 0.43029
1413394931155760640.000000000 2.65528 1.70720 0.29117 -0.43225 0.54817 0.56138 0.44444
1413394931255760384.000000000 2.65078 1.72972 0.29631 -0.43835 0.54412 0.55531 0.45101
1413394931355760640.000000000 2.64217 1.74164 0.32592 -0.44673 0.53856 0.54701 0.45953
1413394931455760384.000000000 2.62867 1.73757 0.36374 -0.44411 0.54455 0.54777 0.45407
1413394931555760384.000000000 2.61260 1.71947 0.39268 -0.42141 0.56207 0.56306 0.43526
1413394931655760640.000000000 2.59314 1.69750 0.41000 -0.40260 0.57075 0.57766 0.42245
1413394931755760384.000000000 2.56907 1.66961 0.42329 -0.38878 0.56299 0.59694 0.41899
1413394931855760640.000000000 2.53531 1.64154 0.43019 -0.38424 0.54437 0.61905 0.41569
1413394931955760384.000000000 2.48896 1.61947 0.43013 -0.39904 0.52785 0.63566 0.39758
1413394932055760384.000000000 2.43055 1.59571 0.43565 -0.42984 0.50535 0.64650 0.37670
1413394932155760640.000000000 2.36449 1.57368 0.45518 -0.46855 0.47756 0.65369 0.35370
1413394932255760384.000000000 2.29568 1.55065 0.48782 0.50560 -0.45199 -0.65996 -0.32332
1413394932355760640.000000000 2.22999 1.52432 0.52957 0.53690 -0.42114 -0.66765 -0.29771
1413394932455760384.000000000 2.17306 1.49563 0.57064 0.56088 -0.38401 -0.67671 -0.28287
1413394932555760384.000000000 2.12610 1.46089 0.60238 0.57858 -0.34708 -0.68672 -0.27054
1413394932655760640.000000000 2.08899 1.41621 0.62086 0.58818 -0.31407 -0.69992 -0.25597
1413394932755760384.000000000 2.06163 1.36196 0.62993 0.58784 -0.28713 -0.71829 -0.23678
1413394932855760640.000000000 2.04361 1.29976 0.63872 0.57515 -0.26882 -0.74320 -0.21118
1413394932955760384.000000000 2.03006 1.23157 0.64648 0.56082 -0.25415 -0.76573 -0.18584
1413394933055760384.000000000 2.01754 1.16395 0.65055 0.55321 -0.23875 -0.78122 -0.16324
1413394933155760640.000000000 2.00420 1.09837 0.64754 0.55217 -0.21837 -0.79139 -0.14534
1413394933255760384.000000000 1.98827 1.03537 0.63416 0.55907 -0.19607 -0.79525 -0.12876
1413394933355760640.000000000 1.97232 0.97522 0.61163 0.56722 -0.17160 -0.79705 -0.11626
1413394933455760384.000000000 1.95682 0.91747 0.57783 0.57450 -0.14920 -0.79806 -0.10385
1413394933555760384.000000000 1.94011 0.85852 0.53500 0.57985 -0.12907 -0.79934 -0.09038
1413394933655760640.000000000 1.92436 0.80049 0.49086 0.58895 -0.10839 -0.79724 -0.07621
1413394933755760384.000000000 1.91147 0.74423 0.45136 0.60176 -0.08887 -0.79119 -0.06326
1413394933855760640.000000000 1.90437 0.68794 0.41561 0.60843 -0.07408 -0.78835 -0.05313
1413394933955760384.000000000 1.90476 0.63081 0.38057 0.59967 -0.05845 -0.79698 -0.04253
1413394934055760384.000000000 1.90834 0.57225 0.34853 0.58749 -0.04045 -0.80773 -0.02814
1413394934155760640.000000000 1.90941 0.51197 0.32480 0.59278 -0.01932 -0.80505 -0.01179
1413394934255760384.000000000 1.91110 0.45250 0.29836 0.60239 0.00455 -0.79817 0.00583
1413394934355760640.000000000 1.91686 0.39245 0.25904 0.60021 0.03067 -0.79883 0.02616
1413394934455760384.000000000 1.92718 0.33408 0.20760 0.58953 0.05155 -0.80441 0.05209
1413394934555760384.000000000 1.93927 0.27989 0.14610 0.58175 0.07036 -0.80752 0.06724
1413394934655760640.000000000 1.95099 0.23397 0.08418 0.57769 0.08887 -0.80816 0.07248
1413394934755760384.000000000 1.96575 0.19266 0.03454 0.57731 0.09887 -0.80656 0.07998
1413394934855760640.000000000 1.98352 0.14778 -0.00089 0.57957 0.10340 -0.80388 0.08477
1413394934955760384.000000000 1.99922 0.10577 -0.01959 0.58084 0.10520 -0.80246 0.08726
1413394935055760384.000000000 2.01439 0.06924 -0.01801 0.58607 0.10340 -0.79863 0.08958
1413394935155760640.000000000 2.02455 0.04139 -0.00320 0.59301 0.09462 -0.79447 0.09055
1413394935255760384.000000000 2.03880 0.01411 0.00336 0.59962 0.08359 -0.79132 0.08540
1413394935355760640.000000000 2.05856 -0.01152 -0.00176 0.60829 0.07569 -0.78631 0.07727
1413394935455760384.000000000 2.08293 -0.03514 -0.01936 0.61223 0.07081 -0.78456 0.06802
1413394935555760384.000000000 2.11266 -0.05791 -0.04746 0.60464 0.06770 -0.79143 0.05888
1413394935655760640.000000000 2.15046 -0.07865 -0.07909 0.59664 0.06476 -0.79822 0.05166
1413394935755760384.000000000 2.18984 -0.09959 -0.09923 0.59460 0.06195 -0.80030 0.04618
1413394935855760640.000000000 2.22918 -0.12016 -0.10411 0.59676 0.05906 -0.79905 0.04361
1413394935955760384.000000000 2.27358 -0.13993 -0.10347 0.59316 0.05614 -0.80203 0.04191
1413394936055760384.000000000 2.32146 -0.16123 -0.11550 0.57880 0.05937 -0.81224 0.04163
1413394936205760512.000000000 2.39069 -0.20008 -0.15388 0.55308 0.08284 -0.82714 0.05554
1413394936255760384.000000000 2.41419 -0.21468 -0.16873 0.55396 0.09685 -0.82440 0.06415
1413394936405760512.000000000 2.47401 -0.26506 -0.21271 0.56777 0.15392 -0.80221 0.10200
1413394936505760512.000000000 2.51334 -0.30288 -0.23669 0.57157 0.20339 -0.78452 0.12834
1413394936605760512.000000000 2.55486 -0.34394 -0.25632 0.56654 0.25414 -0.76903 0.15177
1413394936705760512.000000000 2.60041 -0.38756 -0.27286 0.55229 0.29306 -0.75942 0.17994
1413394936805760256.000000000 2.64828 -0.43454 -0.28459 0.53961 0.32536 -0.74936 0.20352
1413394936905760512.000000000 2.69922 -0.48448 -0.29487 0.52733 0.35515 -0.73930 0.22185
1413394937005760512.000000000 2.75257 -0.53921 -0.30521 0.51271 0.38577 -0.72916 0.23798
1413394937105760512.000000000 2.80831 -0.59990 -0.31513 -0.49656 -0.41776 0.71721 -0.25400
1413394937205760512.000000000 2.86450 -0.66745 -0.32436 -0.48327 -0.44635 0.70284 -0.27062
1413394937255760384.000000000 2.89265 -0.70392 -0.32882 -0.47408 -0.45614 0.69897 -0.28042
1413394937355760640.000000000 2.94712 -0.78129 -0.33724 -0.45698 -0.46867 0.69411 -0.29957
1413394937455760384.000000000 2.99855 -0.86324 -0.34546 -0.44977 -0.47525 0.68841 -0.31297
1413394937555760384.000000000 3.04402 -0.95004 -0.35331 -0.44820 -0.47888 0.68327 -0.32084
1413394937655760640.000000000 3.08344 -1.04127 -0.36025 -0.45007 -0.47869 0.67979 -0.32586
1413394937755760384.000000000 3.11215 -1.13627 -0.36326 -0.45246 -0.47402 0.67874 -0.33150
1413394937855760640.000000000 3.13664 -1.23168 -0.36524 -0.45415 -0.46604 0.68206 -0.33368
1413394937955760384.000000000 3.15247 -1.32710 -0.36632 -0.45292 -0.45187 0.69259 -0.33316
1413394938055760384.000000000 3.16053 -1.42199 -0.36031 -0.44733 -0.43448 0.70763 -0.33224
1413394938155760640.000000000 3.16214 -1.51853 -0.34464 -0.44135 -0.41883 0.72174 -0.32999
1413394938255760384.000000000 3.14151 -1.61184 -0.31210 -0.44165 -0.40481 0.73203 -0.32436
1413394938355760640.000000000 3.11248 -1.71374 -0.25945 -0.45812 -0.39638 0.73349 -0.30821
1413394938455760384.000000000 3.07226 -1.81682 -0.19365 -0.47767 -0.38271 0.73295 -0.29690
1413394938555760384.000000000 3.02634 -1.92158 -0.12843 -0.49569 -0.37181 0.73428 -0.27728
1413394938655760640.000000000 2.97985 -2.02544 -0.07390 0.50480 0.35767 -0.74395 0.25258
1413394938755760384.000000000 2.93176 -2.13171 -0.03157 0.50827 0.33647 -0.75859 0.23019
1413394938855760640.000000000 2.88034 -2.23864 -0.00018 0.50905 0.30496 -0.77563 0.21512
1413394938955760384.000000000 2.82580 -2.34487 0.02076 0.51159 0.25703 -0.79162 0.21342
1413394939055760384.000000000 2.76505 -2.44649 0.03193 0.52001 0.20180 -0.80203 0.21355
1413394939155760640.000000000 2.69514 -2.53619 0.03364 0.53123 0.15273 -0.80806 0.20373
1413394939255760384.000000000 2.61813 -2.61479 0.02639 0.54175 0.11841 -0.81253 0.17966
1413394939355760640.000000000 2.53462 -2.67819 0.01143 0.55100 0.09634 -0.81504 0.15110
1413394939455760384.000000000 2.44715 -2.73189 0.00053 0.55938 0.09472 -0.81569 0.11302
1413394939555760384.000000000 2.35725 -2.77974 0.00499 0.56844 0.09969 -0.81262 0.08115
1413394939655760640.000000000 2.26720 -2.82885 0.02394 0.57302 0.08653 -0.81103 0.07997
1413394939755760384.000000000 2.17645 -2.87477 0.05142 0.57250 0.06161 -0.81261 0.09001
1413394939855760640.000000000 2.08487 -2.91066 0.08430 0.56878 0.03028 -0.81547 0.10282
1413394939955760384.000000000 1.99294 -2.93097 0.11146 0.56207 0.02122 -0.82244 0.08499
1413394940055760384.000000000 1.89828 -2.94266 0.12647 0.55141 0.02609 -0.83237 0.04926
1413394940155760640.000000000 1.80077 -2.95378 0.13065 0.54739 0.01165 -0.83621 0.03130
1413394940255760384.000000000 1.69864 -2.96087 0.12219 0.55374 -0.01337 -0.83238 0.01813
1413394940355760640.000000000 1.58948 -2.96516 0.10458 0.56412 -0.04272 -0.82459 0.00180
1413394940455760384.000000000 1.47897 -2.96586 0.08149 0.57100 -0.07499 -0.81735 -0.01685
1413394940555760384.000000000 1.36595 -2.96356 0.05897 0.57426 -0.10075 -0.81120 -0.04508
1413394940655760640.000000000 1.25333 -2.95738 0.04152 0.57072 -0.11555 -0.80851 -0.08511
1413394940755760384.000000000 1.13840 -2.95449 0.03198 0.56459 -0.12645 -0.80702 -0.11816
1413394940855760640.000000000 1.01971 -2.95932 0.03651 0.56264 -0.14062 -0.80443 -0.12868
1413394940955760384.000000000 0.90104 -2.97065 0.05466 0.56285 -0.16110 -0.80209 -0.11788
1413394941055760384.000000000 0.78243 -2.98186 0.08064 0.55703 -0.18787 -0.80290 -0.09888
1413394941205760512.000000000 0.60778 -2.98555 0.12276 0.54282 -0.22763 -0.80485 -0.07577
1413394941305760256.000000000 0.49071 -2.97242 0.15625 0.53500 -0.24091 -0.80647 -0.07308
1413394941405760512.000000000 0.37427 -2.94323 0.19293 0.52562 -0.24255 -0.81149 -0.07982
1413394941505760512.000000000 0.25014 -2.89849 0.23172 0.52270 -0.22337 -0.81537 -0.10985
1413394941605760512.000000000 0.12057 -2.84709 0.27574 0.52119 -0.20340 -0.81681 -0.14073
1413394941705760512.000000000 -0.01896 -2.79407 0.31800 0.52447 -0.19762 -0.81234 -0.16118
1413394941755760384.000000000 -0.08997 -2.76775 0.33788 0.52934 -0.20013 -0.80751 -0.16636
1413394941855760640.000000000 -0.23594 -2.71863 0.37673 0.54076 -0.21736 -0.79687 -0.15916
1413394941955760384.000000000 -0.38487 -2.67003 0.41297 0.55282 -0.25033 -0.78443 -0.12803
1413394942055760384.000000000 -0.53437 -2.61389 0.44806 0.56048 -0.28275 -0.77266 -0.09441
1413394942155760640.000000000 -0.67263 -2.54282 0.48721 0.56500 -0.31316 -0.76066 -0.06403
1413394942255760384.000000000 -0.79345 -2.44764 0.53206 0.56568 -0.33999 -0.74973 -0.04815
1413394942355760640.000000000 -0.89310 -2.32447 0.58252 0.56246 -0.36369 -0.74092 -0.04906
1413394942455760384.000000000 -0.97587 -2.17108 0.63728 0.55841 -0.38196 -0.73314 -0.06919
1413394942555760384.000000000 -1.04146 -1.99336 0.68268 0.55561 -0.40065 -0.72172 -0.09954
1413394942655760640.000000000 -1.09070 -1.79708 0.71119 0.55210 -0.42111 -0.70707 -0.13378
1413394942755760384.000000000 -1.12677 -1.58771 0.72197 0.54825 -0.43305 -0.69126 -0.18450
1413394942855760640.000000000 -1.14808 -1.37302 0.71809 0.54334 -0.42667 -0.67438 -0.26068
1413394942955760384.000000000 -1.15770 -1.16526 0.69350 0.53522 -0.41437 -0.65354 -0.33872
1413394943055760384.000000000 -1.16661 -0.97117 0.65103 0.52460 -0.41456 -0.63000 -0.39502
1413394943155760640.000000000 -1.17668 -0.79891 0.59739 0.51151 -0.42685 -0.60616 -0.43443
1413394943255760384.000000000 -1.19018 -0.65425 0.53498 -0.49696 0.44474 0.58230 0.46494
1413394943355760640.000000000 -1.20815 -0.54060 0.46984 -0.48133 0.46759 0.55951 0.48644
1413394943455760384.000000000 -1.23472 -0.46257 0.41362 -0.45965 0.49190 0.54254 0.50240
1413394943555760384.000000000 -1.27569 -0.40990 0.37128 -0.43244 0.51873 0.53148 0.51132
1413394943655760640.000000000 -1.32894 -0.38419 0.33799 -0.40376 0.55174 0.52864 0.50308
1413394943755760384.000000000 -1.39121 -0.37538 0.30931 -0.38746 0.58444 0.52225 0.48535
1413394943855760640.000000000 -1.46226 -0.37284 0.27788 -0.38858 0.60709 0.50949 0.46996
1413394943955760384.000000000 -1.53596 -0.37676 0.24023 -0.39697 0.62466 0.49673 0.45329
1413394944055760384.000000000 -1.60693 -0.38982 0.20065 -0.39299 0.63194 0.49606 0.44737
1413394944155760640.000000000 -1.67470 -0.40843 0.16930 -0.38541 0.63262 0.50081 0.44771
1413394944255760384.000000000 -1.73895 -0.43097 0.14679 -0.37915 0.63692 0.50171 0.44595
1413394944355760640.000000000 -1.79787 -0.45691 0.13827 -0.36785 0.64636 0.50437 0.43877
1413394944455760384.000000000 -1.85043 -0.48125 0.14892 -0.34817 0.65759 0.50930 0.43240
1413394944555760384.000000000 -1.89812 -0.50055 0.15833 -0.33042 0.67521 0.50254 0.42705
1413394944655760640.000000000 -1.94144 -0.51155 0.15500 -0.31372 0.70142 0.48457 0.41807
1413394944755760384.000000000 -1.97783 -0.51425 0.13871 -0.29153 0.72987 0.46179 0.41115
1413394944855760640.000000000 -2.00253 -0.50145 0.11447 -0.26941 0.75581 0.43277 0.41095
1413394944955760384.000000000 -2.01276 -0.47783 0.08382 -0.24887 0.77619 0.39848 0.42049
1413394945055760384.000000000 -2.00753 -0.44152 0.04878 -0.22738 0.78676 0.36356 0.44400
1413394945155760640.000000000 -1.98991 -0.38834 0.01003 -0.20212 0.79148 0.32992 0.47313
1413394945255760384.000000000 -1.96110 -0.32164 -0.02596 -0.17802 0.79400 0.29526 0.50070
1413394945355760640.000000000 -1.92258 -0.24715 -0.05852 -0.15391 0.79306 0.26090 0.52849
1413394945455760384.000000000 -1.88188 -0.16417 -0.08426 -0.14045 0.78563 0.21855 0.56151
1413394945555760384.000000000 -1.84493 -0.07931 -0.10913 -0.14375 0.78712 0.16289 0.57728
1413394945655760640.000000000 -1.81149 -0.00082 -0.13378 -0.14219 0.79229 0.10845 0.58335
1413394945755760384.000000000 -1.78089 0.06707 -0.15404 -0.13237 0.79855 0.05722 0.58439
1413394945855760640.000000000 -1.74958 0.11988 -0.17250 -0.11396 0.80300 0.00792 0.58493
1413394945955760384.000000000 -1.72153 0.15380 -0.19067 -0.09038 0.80443 -0.04203 0.58563
1413394946055760384.000000000 -1.69685 0.16558 -0.20287 -0.04757 0.80452 -0.08086 0.58646
1413394946155760640.000000000 -1.67515 0.16026 -0.21030 0.00077 0.80210 -0.11692 0.58563
1413394946255760384.000000000 -1.66160 0.14202 -0.21551 0.04176 0.79393 -0.15804 0.58563
1413394946355760640.000000000 -1.65311 0.11641 -0.22245 0.07207 0.78332 -0.20639 0.58191
1413394946455760384.000000000 -1.65176 0.08037 -0.22858 0.09903 0.77146 -0.25576 0.57413
1413394946555760384.000000000 -1.65951 0.03585 -0.23408 0.12615 0.75561 -0.30354 0.56657
1413394946655760640.000000000 -1.67793 -0.01584 -0.23863 0.16999 0.73755 -0.33876 0.55889
1413394946755760384.000000000 -1.70423 -0.07458 -0.23973 0.22284 0.71657 -0.36738 0.54946
1413394946855760640.000000000 -1.73636 -0.13306 -0.24171 0.26791 0.69419 -0.40047 0.53474
1413394946955760384.000000000 -1.77266 -0.18934 -0.24354 0.30784 0.66857 -0.43558 0.51819
1413394947055760384.000000000 -1.81093 -0.23932 -0.24333 0.34593 0.64129 -0.46962 0.49854
1413394947155760640.000000000 -1.85300 -0.28296 -0.23204 0.37609 0.61648 -0.50545 0.47225
1413394947255760384.000000000 -1.89275 -0.32067 -0.20515 0.39877 0.59361 -0.54151 0.44202
1413394947355760640.000000000 -1.93168 -0.35108 -0.15986 -0.42635 -0.56468 0.56648 -0.42245
1413394947455760384.000000000 -1.96473 -0.37751 -0.09899 -0.44623 -0.54132 0.58293 -0.40993
1413394947555760384.000000000 -1.99166 -0.39877 -0.03313 -0.45030 -0.53013 0.59872 -0.39715
1413394947655760640.000000000 -2.01125 -0.41659 0.02420 -0.43817 -0.53477 0.61751 -0.37511
1413394947755760384.000000000 -2.02806 -0.43428 0.06862 -0.41673 -0.54818 0.63279 -0.35413
1413394947855760640.000000000 -2.03752 -0.46086 0.10465 -0.39499 -0.56622 0.63607 -0.34466
1413394947955760384.000000000 -2.04591 -0.49999 0.14883 -0.37999 -0.58503 0.62617 -0.34822
1413394948055760384.000000000 -2.05111 -0.55269 0.20393 -0.36418 -0.60532 0.61177 -0.35595
1413394948155760640.000000000 -2.05521 -0.62142 0.25723 0.34699 0.62582 -0.59953 0.35849
1413394948255760384.000000000 -2.05637 -0.70606 0.30374 0.35078 0.63672 -0.57838 0.37015
1413394948355760640.000000000 -2.05654 -0.80721 0.34620 0.37588 0.63037 -0.54734 0.40221
1413394948455760384.000000000 -2.05176 -0.90946 0.38281 0.40750 0.61064 -0.51432 0.44333
1413394948555760384.000000000 -2.04494 -1.00191 0.41457 0.43671 0.58576 -0.48464 0.48093
1413394948655760640.000000000 -2.03619 -1.07731 0.44492 0.45240 0.56697 -0.46810 0.50474
1413394948755760384.000000000 -2.02611 -1.12305 0.47683 0.46318 0.55584 -0.45910 0.51550
1413394948855760640.000000000 -2.01339 -1.13903 0.50865 0.45223 0.56778 -0.47338 0.49903
1413394948955760384.000000000 -1.99892 -1.13244 0.54052 0.42812 0.59111 -0.49919 0.46703
1413394949055760384.000000000 -1.98257 -1.11080 0.56103 0.39649 0.62012 -0.52932 0.42198
1413394949155760640.000000000 -1.96230 -1.08221 0.56596 0.36422 0.64402 -0.55511 0.38004
1413394949255760384.000000000 -1.93509 -1.06511 0.56662 0.34262 0.65757 -0.57148 0.35161
1413394949355760640.000000000 -1.89943 -1.06943 0.56046 0.33019 0.66390 -0.58175 0.33434
1413394949455760384.000000000 -1.85550 -1.09851 0.55212 0.33113 0.66200 -0.58374 0.33370
1413394949555760384.000000000 -1.80318 -1.15538 0.55335 0.36279 0.64364 -0.56601 0.36571
1413394949655760640.000000000 -1.74564 -1.22110 0.55944 0.40492 0.61309 -0.53798 0.41320
1413394949755760384.000000000 -1.68169 -1.28578 0.57036 0.43516 0.58450 -0.51463 0.45184
1413394949855760640.000000000 -1.61383 -1.33778 0.57817 0.44286 0.56749 -0.50613 0.47503
1413394949955760384.000000000 -1.54490 -1.37365 0.58250 0.42666 0.56467 -0.51040 0.48846
1413394950055760384.000000000 -1.47791 -1.39201 0.58839 0.40592 0.56615 -0.51048 0.50411
1413394950155760640.000000000 -1.41639 -1.39556 0.59476 0.37367 0.57473 -0.51327 0.51634
1413394950255760384.000000000 -1.36677 -1.38699 0.59581 0.32949 0.60059 -0.52620 0.50383
1413394950355760640.000000000 -1.33384 -1.37728 0.59835 0.30836 0.64031 -0.52989 0.46276
1413394950455760384.000000000 -1.31003 -1.37539 0.60485 0.30387 0.67399 -0.52551 0.42099
1413394950555760384.000000000 -1.28443 -1.38963 0.61594 0.30242 0.69322 -0.52218 0.39411
1413394950655760640.000000000 -1.25183 -1.42291 0.63299 0.30916 0.69787 -0.51624 0.38846
1413394950755760384.000000000 -1.21003 -1.47483 0.65870 0.33599 0.68523 -0.49397 0.41662
1413394950855760640.000000000 -1.16027 -1.53485 0.68634 0.36619 0.66002 -0.46030 0.46733
1413394950955760384.000000000 -1.10222 -1.58522 0.71651 0.39045 0.63297 -0.42086 0.51940
1413394951055760384.000000000 -1.04245 -1.61418 0.74556 0.40114 0.61448 -0.38443 0.56010
1413394951155760640.000000000 -0.98714 -1.61324 0.77272 0.38726 0.61090 -0.36368 0.58700
1413394951255760384.000000000 -0.94066 -1.58325 0.79770 0.34857 0.63193 -0.36283 0.58950
1413394951355760640.000000000 -0.90650 -1.52785 0.81949 0.29718 0.67548 -0.37947 0.55804
1413394951455760384.000000000 -0.88310 -1.46284 0.84177 0.24715 0.72599 -0.40088 0.50115
1413394951555760384.000000000 -0.86578 -1.40059 0.86956 0.20922 0.76298 -0.41844 0.44609
1413394951655760640.000000000 -0.84321 -1.35757 0.90362 0.18530 0.78154 -0.43239 0.40975
1413394951755760384.000000000 -0.80462 -1.34845 0.94479 0.17700 0.78965 -0.44038 0.38884
1413394951855760640.000000000 -0.74649 -1.38180 1.00145 0.20691 0.77731 -0.42635 0.41376
1413394951955760384.000000000 -0.67327 -1.43945 1.06397 0.24589 0.75024 -0.40534 0.46085
1413394952055760384.000000000 -0.59035 -1.50401 1.12746 0.28145 0.71330 -0.38412 0.51424
1413394952155760640.000000000 -0.51055 -1.56647 1.17803 0.30607 0.68337 -0.36687 0.55203
1413394952255760384.000000000 -0.43500 -1.61582 1.20894 0.30626 0.67528 -0.36721 0.56158
1413394952355760640.000000000 -0.36424 -1.65388 1.21973 0.28063 0.69283 -0.38101 0.54412
1413394952455760384.000000000 -0.29587 -1.68800 1.21790 0.24369 0.71101 -0.39342 0.52943
1413394952555760384.000000000 -0.23413 -1.72690 1.22434 0.22112 0.72971 -0.39218 0.51461
1413394952655760640.000000000 -0.17781 -1.76887 1.24563 0.22474 0.74516 -0.37554 0.50319
1413394952755760384.000000000 -0.12009 -1.81940 1.27854 0.23761 0.74693 -0.35590 0.50890
1413394952855760640.000000000 -0.05646 -1.87008 1.31332 0.25388 0.73096 -0.33512 0.53753
1413394952955760384.000000000 0.00007 -1.91830 1.33992 0.26998 0.70514 -0.31493 0.57507
1413394953055760384.000000000 0.05167 -1.95426 1.35340 0.28185 0.68279 -0.30048 0.60338
1413394953155760640.000000000 0.09241 -1.97303 1.35771 0.28852 0.66817 -0.29253 0.62026
1413394953255760384.000000000 0.11580 -1.96857 1.37067 0.29338 0.65837 -0.28809 0.63046
1413394953355760640.000000000 0.11691 -1.93565 1.40642 0.29963 0.64584 -0.28354 0.64243
1413394953455760384.000000000 0.09345 -1.86944 1.44834 0.29482 0.65467 -0.29127 0.63218
1413394953555760384.000000000 0.05730 -1.78512 1.46401 0.27332 0.70180 -0.31635 0.57679
1413394953655760640.000000000 0.02117 -1.69281 1.44429 0.24941 0.74732 -0.34022 0.51339
1413394953755760384.000000000 -0.01587 -1.59706 1.38708 0.22882 0.77808 -0.35812 0.46257
1413394953855760640.000000000 -0.04475 -1.50748 1.30008 0.21606 0.79587 -0.36835 0.42922
1413394953955760384.000000000 -0.05574 -1.43183 1.20485 0.21912 0.79372 -0.36705 0.43275
1413394954055760384.000000000 -0.04736 -1.37295 1.11211 0.23756 0.77267 -0.35295 0.47114
1413394954155760640.000000000 -0.02824 -1.32072 1.02331 0.25925 0.74528 -0.33359 0.51583
1413394954255760384.000000000 -0.00514 -1.26403 0.93780 0.27822 0.71470 -0.31409 0.55959
1413394954355760640.000000000 0.01299 -1.19439 0.85572 0.29038 0.69206 -0.30068 0.58849
1413394954455760384.000000000 0.02255 -1.10849 0.78543 0.28644 0.68718 -0.30161 0.59562
1413394954555760384.000000000 0.02176 -1.00572 0.72659 0.26374 0.70973 -0.32121 0.56881
1413394954655760640.000000000 0.01323 -0.89067 0.67185 0.22797 0.74625 -0.35321 0.51613
1413394954755760384.000000000 0.00589 -0.77954 0.61746 0.19381 0.77352 -0.38482 0.46477
1413394954855760640.000000000 0.00799 -0.68750 0.56140 0.18225 0.78452 -0.40170 0.43582
1413394954955760384.000000000 0.01942 -0.61939 0.50680 0.20813 0.77579 -0.39091 0.44948
1413394955055760384.000000000 0.04208 -0.56715 0.44911 0.23873 0.75520 -0.36564 0.48886
1413394955155760640.000000000 0.06952 -0.52063 0.39027 0.25807 0.73491 -0.33412 0.53072
1413394955255760384.000000000 0.09949 -0.46865 0.33480 0.26434 0.71982 -0.30048 0.56719
1413394955355760640.000000000 0.12573 -0.40147 0.28622 0.23684 0.72301 -0.28488 0.58311
1413394955455760384.000000000 0.14491 -0.32567 0.24617 0.16935 0.74865 -0.29668 0.56818
1413394955555760384.000000000 0.15458 -0.25491 0.21873 0.11068 0.78128 -0.31047 0.53005
1413394955655760640.000000000 0.15866 -0.20590 0.21041 0.08921 0.81072 -0.30898 0.48919
1413394955755760384.000000000 0.17422 -0.18871 0.21789 0.10984 0.82857 -0.28682 0.46812
1413394955855760640.000000000 0.20434 -0.19362 0.23424 0.14321 0.82668 -0.26214 0.47683
1413394955955760384.000000000 0.25088 -0.21655 0.25469 0.16671 0.81052 -0.24751 0.50398
1413394956105760512.000000000 0.33894 -0.25591 0.29479 0.19260 0.76742 -0.23025 0.56654
1413394956205760512.000000000 0.39776 -0.27450 0.32200 0.19431 0.74246 -0.21939 0.60239
1413394956305760256.000000000 0.44579 -0.28151 0.34893 0.18062 0.72951 -0.20719 0.62630
1413394956405760512.000000000 0.48371 -0.27266 0.36857 0.15160 0.73287 -0.19485 0.63400
1413394956505760512.000000000 0.50502 -0.25587 0.37580 0.11967 0.75807 -0.17968 0.61540
1413394956605760512.000000000 0.51495 -0.23653 0.37153 0.09919 0.79424 -0.15899 0.57799
1413394956655760640.000000000 0.51743 -0.22706 0.36689 0.09116 0.81445 -0.15014 0.55301
1413394956755760384.000000000 0.52480 -0.21176 0.35904 0.07797 0.84644 -0.13742 0.50850
1413394956855760640.000000000 0.53885 -0.20966 0.35149 0.07248 0.85798 -0.12561 0.49279
1413394956955760384.000000000 0.58243 -0.20907 0.35860 0.07378 0.84806 -0.11588 0.51178
1413394957055760384.000000000 0.64300 -0.21532 0.36963 0.07686 0.83220 -0.10828 0.53834
1413394957155760640.000000000 0.71811 -0.22271 0.38198 0.07753 0.80672 -0.10496 0.57635
1413394957255760384.000000000 0.78613 -0.22437 0.39879 0.07788 0.77758 -0.10260 0.61545
1413394957355760640.000000000 0.84084 -0.22441 0.41836 0.07355 0.74509 -0.10311 0.65483
1413394957455760384.000000000 0.87411 -0.21755 0.43788 0.06988 0.72665 -0.10402 0.67548
1413394957555760384.000000000 0.88105 -0.20535 0.45169 0.05991 0.74328 -0.10818 0.65745
1413394957655760640.000000000 0.85947 -0.19771 0.46880 0.05036 0.78175 -0.10697 0.61228
1413394957755760384.000000000 0.83296 -0.19136 0.47978 0.04208 0.82205 -0.09993 0.55900
1413394957855760640.000000000 0.81951 -0.18534 0.48529 0.03146 0.84572 -0.09114 0.52485
1413394957955760384.000000000 0.82136 -0.18577 0.49094 0.01855 0.84642 -0.07885 0.52632
1413394958055760384.000000000 0.83192 -0.19079 0.49365 0.00093 0.82795 -0.06319 0.55723
1413394958155760640.000000000 0.84579 -0.20002 0.49513 -0.01514 0.79627 -0.04005 0.60342
1413394958255760384.000000000 0.85814 -0.21177 0.49968 -0.03170 0.76464 -0.01374 0.64353
1413394958355760640.000000000 0.84791 -0.23182 0.50557 -0.04616 0.74145 0.01411 0.66927
1413394958455760384.000000000 0.81668 -0.25543 0.50860 -0.05780 0.76050 0.04146 0.64543
1413394958555760384.000000000 0.77146 -0.28230 0.50434 -0.06657 0.80435 0.06661 0.58665
1413394958655760640.000000000 0.71948 -0.31116 0.50316 -0.07351 0.84768 0.08895 0.51781
1413394958755760384.000000000 0.68096 -0.33887 0.50732 -0.08024 0.87038 0.10828 0.47357
1413394958855760640.000000000 0.66798 -0.36251 0.51748 -0.08344 0.87376 0.13059 0.46101
1413394958955760384.000000000 0.68575 -0.37832 0.53386 -0.08012 0.85772 0.15927 0.48221
1413394959055760384.000000000 0.72449 -0.38312 0.55656 -0.08667 0.82445 0.18122 0.52908
1413394959155760640.000000000 0.76626 -0.37557 0.57935 -0.10781 0.78870 0.19207 0.57397
1413394959255760384.000000000 0.80156 -0.36532 0.60441 -0.13848 0.75054 0.19586 0.61576
1413394959355760640.000000000 0.82243 -0.35757 0.62913 -0.16224 0.72583 0.20311 0.63686
1413394959455760384.000000000 0.82579 -0.35465 0.64626 -0.16761 0.74950 0.22181 0.60080
1413394959555760384.000000000 0.81690 -0.35504 0.65951 -0.16221 0.79086 0.24603 0.53637
1413394959655760640.000000000 0.80905 -0.35479 0.67715 -0.15753 0.82186 0.26879 0.47696
1413394959755760384.000000000 0.81510 -0.34382 0.69872 -0.15427 0.83079 0.29354 0.44702
1413394959855760640.000000000 0.84013 -0.31636 0.72133 -0.15363 0.80991 0.32483 0.46361
1413394959955760384.000000000 0.87881 -0.27185 0.73935 -0.17785 0.77534 0.33997 0.50163
1413394960055760384.000000000 0.91875 -0.21515 0.74901 -0.22399 0.73135 0.34132 0.54631
1413394960155760640.000000000 0.95067 -0.15702 0.75096 -0.26630 0.69206 0.34707 0.57417
1413394960255760384.000000000 0.97099 -0.10703 0.74930 -0.29382 0.67167 0.36588 0.57329
1413394960355760640.000000000 0.97767 -0.06878 0.74568 -0.30932 0.66989 0.39561 0.54687
1413394960455760384.000000000 0.97528 -0.04054 0.73293 -0.31125 0.67925 0.43472 0.50275
1413394960555760384.000000000 0.97196 -0.01963 0.70534 -0.30391 0.69308 0.47685 0.44709
1413394960655760640.000000000 0.97171 0.00782 0.67227 -0.29788 0.69807 0.51315 0.40079
1413394960755760384.000000000 0.97740 0.05100 0.64437 -0.30178 0.68137 0.54202 0.38843
1413394960855760640.000000000 0.98583 0.11677 0.62731 -0.33177 0.64566 0.54891 0.41443
1413394960955760384.000000000 0.99383 0.19442 0.61639 -0.37311 0.61070 0.53720 0.44636
1413394961055760384.000000000 0.99711 0.26788 0.60887 -0.40428 0.58623 0.52246 0.46896
1413394961155760640.000000000 0.99876 0.32996 0.59737 -0.41496 0.57904 0.51768 0.47385
1413394961255760384.000000000 0.99670 0.37845 0.58194 -0.39506 0.59632 0.53314 0.45176
1413394961355760640.000000000 0.99298 0.42334 0.56454 -0.36235 0.62170 0.55694 0.41473
1413394961455760384.000000000 0.98723 0.47443 0.55172 -0.33253 0.63134 0.57653 0.39806
1413394961555760384.000000000 0.97866 0.53976 0.54957 -0.32498 0.61487 0.58361 0.41919
1413394961655760640.000000000 0.96190 0.61658 0.55160 -0.34873 0.59430 0.56915 0.44862
1413394961755760384.000000000 0.93588 0.69532 0.55350 -0.39058 0.57481 0.53981 0.47501
1413394961855760640.000000000 0.90277 0.76550 0.55134 -0.42291 0.56551 0.51341 0.48760
1413394961955760384.000000000 0.86460 0.81548 0.55218 -0.43880 0.56720 0.49860 0.48697
1413394962055760384.000000000 0.82687 0.85186 0.55098 -0.43172 0.58555 0.50321 0.46640
1413394962155760640.000000000 0.78767 0.87381 0.54900 -0.40065 0.60575 0.52440 0.44446
1413394962255760384.000000000 0.74924 0.89210 0.55160 -0.37454 0.61969 0.54016 0.42888
1413394962355760640.000000000 0.70996 0.91450 0.56100 -0.36591 0.62107 0.54386 0.42964
1413394962455760384.000000000 0.66924 0.94171 0.58215 -0.38928 0.59825 0.52571 0.46280
1413394962555760384.000000000 0.62369 0.95512 0.60603 -0.42145 0.56873 0.49971 0.49922
1413394962655760640.000000000 0.57272 0.95779 0.62511 -0.43678 0.56194 0.48830 0.50498
1413394962755760384.000000000 0.51808 0.93993 0.63678 -0.42296 0.58534 0.50291 0.47493
1413394962855760640.000000000 0.46217 0.90800 0.64340 -0.39754 0.61077 0.52663 0.43771
1413394962955760384.000000000 0.40957 0.87644 0.64639 -0.37843 0.61655 0.54924 0.41833
1413394963055760384.000000000 0.35784 0.84695 0.65087 -0.38983 0.59760 0.55003 0.43402
1413394963155760640.000000000 0.30824 0.81318 0.65040 -0.42135 0.56770 0.53383 0.46390
1413394963255760384.000000000 0.25410 0.77100 0.63582 -0.43966 0.55200 0.52411 0.47676
1413394963355760640.000000000 0.20335 0.71492 0.60125 -0.42349 0.56440 0.53987 0.45897
1413394963455760384.000000000 0.15027 0.65261 0.55382 -0.38926 0.58997 0.56630 0.42394
1413394963555760384.000000000 0.09583 0.59051 0.50204 -0.35701 0.61026 0.58723 0.39407
1413394963655760640.000000000 0.04118 0.53948 0.45918 -0.35262 0.61197 0.58887 0.39292
1413394963755760384.000000000 -0.01809 0.50296 0.42922 -0.37884 0.59199 0.57016 0.42538
1413394963855760640.000000000 -0.08035 0.46919 0.40166 -0.41372 0.57005 0.54300 0.45719
1413394963955760384.000000000 -0.14504 0.42721 0.36645 -0.42461 0.57512 0.53290 0.45273
1413394964055760384.000000000 -0.21115 0.37750 0.32570 -0.39731 0.59982 0.55003 0.42406
1413394964155760640.000000000 -0.27754 0.32788 0.28739 -0.36164 0.62328 0.57096 0.39337
1413394964255760384.000000000 -0.34184 0.29032 0.26029 -0.34574 0.62755 0.57908 0.38899
1413394964355760640.000000000 -0.40946 0.27049 0.24966 -0.36512 0.60987 0.56607 0.41750
1413394964455760384.000000000 -0.47967 0.25561 0.24651 -0.40584 0.58609 0.53735 0.45060
1413394964555760384.000000000 -0.55063 0.23544 0.24177 -0.43245 0.57765 0.51811 0.45921
1413394964655760640.000000000 -0.62165 0.20425 0.22992 -0.42552 0.60136 0.52566 0.42541
1413394964755760384.000000000 -0.68785 0.16723 0.21834 -0.39813 0.63225 0.54538 0.37988
1413394964855760640.000000000 -0.74471 0.13593 0.21254 -0.37266 0.65606 0.55931 0.34334
1413394964955760384.000000000 -0.78883 0.12333 0.21392 -0.36437 0.67355 0.55886 0.31817
1413394965055760384.000000000 -0.81982 0.13511 0.22789 -0.37590 0.66392 0.55004 0.33966
1413394965155760640.000000000 -0.83757 0.16497 0.25368 -0.40338 0.62705 0.53820 0.39299
1413394965255760384.000000000 -0.85399 0.19574 0.28239 -0.43732 0.58644 0.52728 0.43222
1413394965355760640.000000000 -0.87002 0.21830 0.30617 -0.44529 0.56041 0.54223 0.44004
1413394965455760384.000000000 -0.88680 0.22901 0.32438 -0.43603 0.55073 0.57444 0.42022
1413394965555760384.000000000 -0.90531 0.23251 0.34663 -0.44207 0.53563 0.59729 0.40115
1413394965655760640.000000000 -0.92411 0.22917 0.37727 -0.47716 0.50884 0.60268 0.38753
1413394965755760384.000000000 -0.94126 0.21712 0.40801 0.50939 -0.47742 -0.61128 -0.37272
1413394965855760640.000000000 -0.95284 0.19451 0.42356 0.50863 -0.45386 -0.64264 -0.34974
1413394965955760384.000000000 -0.96125 0.16321 0.43065 0.50982 -0.42690 -0.66831 -0.33347
1413394966055760384.000000000 -0.96848 0.12529 0.43716 0.54239 -0.39260 -0.66660 -0.32759
1413394966155760640.000000000 -0.96881 0.07504 0.43342 0.56097 -0.36831 -0.67232 -0.31247
1413394966255760384.000000000 -0.96501 0.01094 0.41610 0.53848 -0.36330 -0.70757 -0.27822
1413394966355760640.000000000 -0.95781 -0.05894 0.38725 -0.49102 0.36637 0.75535 0.23264
1413394966455760384.000000000 -0.95329 -0.12740 0.35972 -0.45063 0.36379 0.79212 0.19271
1413394966555760384.000000000 -0.96523 -0.17557 0.34544 -0.45997 0.34564 0.79780 0.18022
1413394966655760640.000000000 -0.99080 -0.20357 0.34242 0.50915 -0.31589 -0.77770 -0.19016
1413394966755760384.000000000 -1.02250 -0.22543 0.34326 0.56431 -0.28325 -0.74890 -0.20115
1413394966855760640.000000000 -1.04810 -0.25175 0.33873 0.59583 -0.25894 -0.73422 -0.19709
1413394966955760384.000000000 -1.06432 -0.28256 0.32919 0.58555 -0.24252 -0.75185 -0.18174
1413394967055760384.000000000 -1.07554 -0.31694 0.31823 0.54773 -0.22979 -0.78861 -0.15900
1413394967155760640.000000000 -1.08815 -0.35238 0.31197 0.51679 -0.21194 -0.81754 -0.14012
1413394967255760384.000000000 -1.11160 -0.38376 0.31977 0.53277 -0.18782 -0.81503 -0.12888
1413394967355760640.000000000 -1.14476 -0.41475 0.33861 0.57864 -0.16071 -0.79028 -0.12165
1413394967455760384.000000000 -1.17470 -0.44921 0.36160 0.62624 -0.13524 -0.75964 -0.11170
1413394967555760384.000000000 -1.19042 -0.49678 0.37712 0.63251 -0.12000 -0.76030 -0.08646
1413394967655760640.000000000 -1.19301 -0.54208 0.38979 0.59216 -0.10340 -0.79658 -0.06412
1413394967755760384.000000000 -1.18811 -0.58878 0.40660 0.55776 -0.08358 -0.82451 -0.04586
1413394967855760640.000000000 -1.18712 -0.63200 0.43358 0.56550 -0.05887 -0.82203 -0.03165
1413394967955760384.000000000 -1.19073 -0.67486 0.46830 0.59704 -0.02978 -0.80148 -0.01731
1413394968055760384.000000000 -1.19060 -0.71780 0.50207 0.61003 -0.00119 -0.79238 0.00072
1413394968155760640.000000000 -1.17850 -0.76097 0.51938 0.58362 0.02221 -0.81152 0.01840
1413394968255760384.000000000 -1.16634 -0.80355 0.52492 0.55580 0.03853 -0.82984 0.03107
1413394968355760640.000000000 -1.15809 -0.84291 0.52412 0.55189 0.05299 -0.83125 0.04038
1413394968455760384.000000000 -1.15765 -0.88152 0.51638 0.55586 0.06861 -0.82683 0.05150
1413394968555760384.000000000 -1.15941 -0.91897 0.50752 0.55415 0.08283 -0.82578 0.06441
1413394968655760640.000000000 -1.16837 -0.95658 0.49888 0.54342 0.09456 -0.83124 0.06923
1413394968755760384.000000000 -1.18471 -0.99475 0.49413 0.54348 0.11107 -0.82990 0.05965
1413394968855760640.000000000 -1.20914 -1.03851 0.49221 0.55183 0.11938 -0.82353 0.05498
1413394968955760384.000000000 -1.23886 -1.08852 0.49226 0.56228 0.11785 -0.81574 0.06721
1413394969055760384.000000000 -1.27153 -1.14155 0.49529 0.57512 0.11919 -0.80480 0.08560
1413394969155760640.000000000 -1.30522 -1.19666 0.49352 0.58240 0.12560 -0.79664 0.10199
1413394969255760384.000000000 -1.33763 -1.24931 0.47484 0.58949 0.13285 -0.78879 0.11254
1413394969355760640.000000000 -1.36476 -1.29703 0.44120 0.59855 0.13780 -0.77996 0.12008
1413394969455760384.000000000 -1.38298 -1.33458 0.39856 0.60989 0.14348 -0.76994 0.12096
1413394969555760384.000000000 -1.39161 -1.36866 0.35364 0.60612 0.15595 -0.77275 0.10566
1413394969655760640.000000000 -1.39052 -1.40278 0.30941 0.58918 0.17000 -0.78550 0.08340
1413394969755760384.000000000 -1.38357 -1.44376 0.27128 0.57815 0.18221 -0.79295 0.06146
1413394969855760640.000000000 -1.37227 -1.49592 0.23776 0.57066 0.18597 -0.79812 0.05267
1413394969955760384.000000000 -1.35943 -1.56105 0.21031 0.55803 0.17508 -0.80867 0.06325
1413394970055760384.000000000 -1.34800 -1.63497 0.19618 0.54673 0.16245 -0.81785 0.07630
1413394970155760640.000000000 -1.34349 -1.71607 0.20413 0.54107 0.15297 -0.82241 0.08653
1413394970255760384.000000000 -1.34660 -1.80172 0.22295 0.55137 0.14674 -0.81572 0.09515
1413394970355760640.000000000 -1.35470 -1.88881 0.23763 0.57768 0.13437 -0.79713 0.11317
1413394970455760384.000000000 -1.36370 -1.97361 0.24367 0.60209 0.11689 -0.77770 0.13790
1413394970555760384.000000000 -1.36641 -2.04825 0.23565 0.60702 0.10309 -0.77172 0.15920
1413394970655760640.000000000 -1.36235 -2.10809 0.21876 0.60353 0.08870 -0.77149 0.18079
1413394970755760384.000000000 -1.35489 -2.14891 0.20059 0.61013 0.08775 -0.76667 0.17960
1413394970855760640.000000000 -1.34185 -2.17020 0.18286 0.60497 0.11076 -0.77521 0.14422
1413394970955760384.000000000 -1.32086 -2.17784 0.17126 0.58462 0.13397 -0.79295 0.10723
1413394971055760384.000000000 -1.29942 -2.18153 0.17723 0.57034 0.14713 -0.80388 0.08275
1413394971155760640.000000000 -1.27721 -2.19043 0.19598 0.55453 0.14760 -0.81548 0.07553
1413394971255760384.000000000 -1.25811 -2.20488 0.21592 0.53065 0.14487 -0.83185 0.07385
1413394971355760640.000000000 -1.24838 -2.22547 0.22774 0.50562 0.14306 -0.84777 0.07185
1413394971455760384.000000000 -1.25242 -2.25412 0.23257 -0.48717 -0.14113 0.85885 -0.07156
1413394971555760384.000000000 -1.27842 -2.29226 0.23859 -0.47892 -0.13037 0.86419 -0.08254
1413394971655760640.000000000 -1.32599 -2.33649 0.25270 -0.49676 -0.11553 0.85416 -0.10150
1413394971755760384.000000000 -1.39068 -2.37836 0.26994 0.53002 0.09884 -0.83412 0.11640
1413394971855760640.000000000 -1.46822 -2.41255 0.28885 0.56233 0.08161 -0.81388 0.12135
1413394971955760384.000000000 -1.54995 -2.43442 0.30643 0.59213 0.05998 -0.79437 0.12147
1413394972055760384.000000000 -1.62756 -2.44108 0.31729 0.61440 0.03860 -0.78071 0.10729
1413394972155760640.000000000 -1.69583 -2.43511 0.31777 0.62819 0.01006 -0.77314 0.08680
1413394972255760384.000000000 -1.75163 -2.41419 0.30662 0.63557 -0.02430 -0.76922 0.06124
1413394972355760640.000000000 -1.79260 -2.38005 0.28921 0.63842 -0.06331 -0.76643 0.03151
1413394972455760384.000000000 -1.81900 -2.33480 0.26679 0.63249 -0.10765 -0.76705 0.00153
1413394972555760384.000000000 -1.83064 -2.27899 0.23713 0.60927 -0.15241 -0.77750 -0.03236
1413394972655760640.000000000 -1.82833 -2.21387 0.21141 0.58300 -0.19333 -0.78566 -0.07402
1413394972755760384.000000000 -1.82259 -2.14006 0.19240 0.56329 -0.22502 -0.78470 -0.12775
1413394972855760640.000000000 -1.81566 -2.06405 0.18203 0.54812 -0.25359 -0.77596 -0.18206
1413394972955760384.000000000 -1.81023 -1.99098 0.17507 0.53650 -0.28696 -0.76085 -0.22567
1413394973055760384.000000000 -1.80690 -1.92282 0.16917 0.52424 -0.32701 -0.74336 -0.25623
1413394973155760640.000000000 -1.80723 -1.85986 0.16213 0.51134 -0.37053 -0.72382 -0.27807
1413394973255760384.000000000 -1.80676 -1.80116 0.15348 -0.49741 0.41612 0.70263 0.29281
1413394973355760640.000000000 -1.80815 -1.74412 0.14537 -0.48284 0.45783 0.67903 0.31011
1413394973455760384.000000000 -1.81198 -1.68653 0.13945 -0.46795 0.49515 0.65267 0.33146
1413394973555760384.000000000 -1.81162 -1.62787 0.13504 -0.45101 0.53081 0.62476 0.35285
1413394973655760640.000000000 -1.81043 -1.56740 0.13215 -0.42872 0.56391 0.59775 0.37536
1413394973755760384.000000000 -1.80930 -1.50577 0.13272 -0.40794 0.59130 0.56685 0.40327
1413394973855760640.000000000 -1.80789 -1.44412 0.13392 -0.38936 0.61875 0.53204 0.42718
1413394973955760384.000000000 -1.80397 -1.38456 0.13652 -0.36915 0.64635 0.49713 0.44590
1413394974055760384.000000000 -1.79839 -1.32776 0.14148 -0.34879 0.67136 0.46122 0.46356
1413394974155760640.000000000 -1.78943 -1.27331 0.14699 -0.32989 0.69477 0.42330 0.47884
1413394974255760384.000000000 -1.77822 -1.22139 0.15439 -0.31203 0.71687 0.38307 0.49193
1413394974355760640.000000000 -1.76395 -1.17355 0.16352 -0.29212 0.73904 0.34330 0.50063
1413394974455760384.000000000 -1.74314 -1.13000 0.17544 -0.27115 0.75914 0.30405 0.50768
1413394974555760384.000000000 -1.71620 -1.08711 0.18847 -0.24899 0.77468 0.26573 0.51698
1413394974655760640.000000000 -1.68099 -1.05340 0.20464 -0.22495 0.77969 0.23084 0.53683
1413394974755760384.000000000 -1.64079 -1.02268 0.22002 -0.19720 0.78464 0.20147 0.55215
1413394974855760640.000000000 -1.59852 -1.00261 0.23151 -0.16811 0.79219 0.17663 0.55944
1413394974955760384.000000000 -1.55676 -0.98974 0.23363 -0.13646 0.79922 0.15655 0.56402
1413394975055760384.000000000 -1.51674 -0.98130 0.22103 -0.11090 0.80092 0.13737 0.57215
1413394975155760640.000000000 -1.48222 -0.97791 0.19462 -0.09162 0.79525 0.11873 0.58745
1413394975255760384.000000000 -1.45210 -0.97313 0.15925 -0.07882 0.79080 0.09888 0.59887
1413394975355760640.000000000 -1.42710 -0.96698 0.11869 -0.06558 0.79003 0.08176 0.60405
1413394975455760384.000000000 -1.40748 -0.96038 0.07943 -0.04958 0.79533 0.06887 0.60020
1413394975555760384.000000000 -1.39268 -0.95239 0.04238 -0.03421 0.80392 0.05950 0.59077
1413394975655760640.000000000 -1.38170 -0.94109 0.00989 -0.02451 0.81224 0.05307 0.58039
1413394975755760384.000000000 -1.37067 -0.92437 -0.01630 -0.01901 0.81749 0.04919 0.57352
1413394975855760640.000000000 -1.35862 -0.90352 -0.03550 -0.01782 0.82009 0.04702 0.57002
1413394975955760384.000000000 -1.34193 -0.87777 -0.04551 -0.01642 0.81241 0.04804 0.58087
1413394976055760384.000000000 -1.32813 -0.84941 -0.05162 -0.01916 0.80083 0.04811 0.59664
1413394976155760640.000000000 -1.31647 -0.81671 -0.05761 -0.01940 0.79609 0.05018 0.60278
1413394976255760384.000000000 -1.31001 -0.78374 -0.06368 -0.01872 0.79673 0.05282 0.60174
1413394976355760640.000000000 -1.31018 -0.74761 -0.06959 -0.01822 0.79417 0.05550 0.60488
1413394976455760384.000000000 -1.31787 -0.70806 -0.07467 -0.01933 0.78468 0.05611 0.61705
1413394976605760512.000000000 -1.34961 -0.64403 -0.07775 -0.02562 0.76855 0.05331 0.63704
1413394976705760512.000000000 -1.38718 -0.60064 -0.07972 -0.03882 0.76630 0.04515 0.63971
1413394976755760384.000000000 -1.41136 -0.57928 -0.08080 -0.04722 0.77240 0.03982 0.63212
1413394976855760640.000000000 -1.46855 -0.54006 -0.08387 -0.06062 0.79440 0.02957 0.60364
1413394976955760384.000000000 -1.53149 -0.50764 -0.08710 -0.07080 0.82737 0.01834 0.55687
1413394977105760512.000000000 -1.61268 -0.47923 -0.08174 -0.07749 0.86608 -0.00080 0.49386
1413394977155760640.000000000 -1.63088 -0.47560 -0.07564 -0.07812 0.87602 -0.00712 0.47586
1413394977305760256.000000000 -1.63776 -0.48678 -0.04681 -0.05964 0.89217 -0.00782 0.44769
1413394977405760512.000000000 -1.60211 -0.50937 -0.01194 -0.02728 0.89124 0.01322 0.45252
1413394977505760512.000000000 -1.53228 -0.53060 0.03013 -0.00482 0.88862 0.02858 0.45773
1413394977605760512.000000000 -1.43304 -0.54388 0.07637 0.00290 0.88658 0.03237 0.46143
1413394977705760512.000000000 -1.30780 -0.55159 0.12448 0.00597 0.88452 0.03319 0.46528
1413394977805760256.000000000 -1.15509 -0.55244 0.17805 0.00837 0.87574 0.03547 0.48140
1413394977905760512.000000000 -0.98032 -0.54581 0.23527 0.01023 0.85785 0.03781 0.51241
1413394978005760512.000000000 -0.79439 -0.53047 0.29121 0.01278 0.83808 0.03994 0.54394
1413394978105760512.000000000 -0.60385 -0.50638 0.34465 0.01616 0.82179 0.04244 0.56798
1413394978155760640.000000000 -0.50768 -0.49093 0.36884 0.01859 0.81695 0.04415 0.57472
1413394978255760384.000000000 -0.31744 -0.45392 0.40778 0.02115 0.81174 0.04619 0.58180
1413394978355760640.000000000 -0.13088 -0.40988 0.43505 0.02222 0.81057 0.04777 0.58327
1413394978455760384.000000000 0.05194 -0.35970 0.45001 0.01996 0.81031 0.04853 0.58364
1413394978555760384.000000000 0.23054 -0.30167 0.45597 0.01256 0.81103 0.04629 0.58304
1413394978655760640.000000000 0.40631 -0.23670 0.46222 0.00012 0.81186 0.04039 0.58245
1413394978755760384.000000000 0.57879 -0.16802 0.47251 -0.01634 0.81233 0.03126 0.58213
1413394978855760640.000000000 0.74671 -0.09725 0.48661 -0.02713 0.81205 0.02390 0.58246
1413394978955760384.000000000 0.91103 -0.02770 0.50244 -0.03219 0.81014 0.01873 0.58505
1413394979055760384.000000000 1.07150 0.03971 0.51297 -0.03373 0.80096 0.01388 0.59761
1413394979155760640.000000000 1.22573 0.10320 0.51406 -0.03766 0.78679 0.00790 0.61602
1413394979255760384.000000000 1.36992 0.16311 0.50490 -0.04773 0.76982 -0.00114 0.63647
1413394979355760640.000000000 1.49991 0.21577 0.49041 -0.06142 0.75299 -0.01033 0.65508
1413394979455760384.000000000 1.61068 0.25714 0.48013 -0.07479 0.73304 -0.01618 0.67587
1413394979555760384.000000000 1.69231 0.28179 0.48123 -0.08072 0.71174 -0.01584 0.69761
1413394979655760640.000000000 1.73964 0.29077 0.49432 -0.07784 0.69921 -0.00880 0.71061
1413394979755760384.000000000 1.74867 0.28524 0.51867 -0.06385 0.70807 0.00519 0.70323
1413394979855760640.000000000 1.71899 0.26724 0.55046 -0.02987 0.74501 0.02654 0.66586
1413394979955760384.000000000 1.66299 0.24502 0.58944 0.00232 0.77948 0.04263 0.62497
1413394980055760384.000000000 1.59735 0.23000 0.62880 0.01816 0.79702 0.04683 0.60186
1413394980155760640.000000000 1.52637 0.22573 0.66184 0.02401 0.79606 0.04543 0.60303
1413394980255760384.000000000 1.44544 0.23176 0.68481 0.02114 0.78784 0.04010 0.61420
1413394980355760640.000000000 1.36447 0.24414 0.69821 0.01393 0.78174 0.03267 0.62259
1413394980455760384.000000000 1.26663 0.26657 0.69973 0.01072 0.78594 0.02805 0.61757
1413394980555760384.000000000 1.15720 0.29067 0.69479 -0.00072 0.79696 0.01921 0.60372
1413394980655760640.000000000 1.04379 0.31867 0.69478 -0.01143 0.80637 0.01167 0.59118
1413394980755760384.000000000 0.92992 0.34599 0.69770 -0.01764 0.81101 0.00868 0.58471
1413394980855760640.000000000 0.82249 0.37273 0.70447 -0.02222 0.81355 0.00727 0.58102
1413394980955760384.000000000 0.71758 0.39965 0.70935 -0.02404 0.81466 0.00688 0.57939
1413394981055760384.000000000 0.61705 0.42397 0.70858 -0.02912 0.81618 0.00388 0.57705
1413394981155760640.000000000 0.52120 0.44309 0.69930 -0.03597 0.81750 -0.00057 0.57480
1413394981255760384.000000000 0.42804 0.45642 0.68119 -0.04113 0.81937 -0.00432 0.57177
1413394981355760640.000000000 0.34220 0.46108 0.65503 -0.03828 0.82018 -0.00358 0.57081
1413394981455760384.000000000 0.26099 0.46091 0.63112 -0.02442 0.82063 0.00264 0.57094
1413394981555760384.000000000 0.18565 0.45976 0.61132 -0.01455 0.82070 0.00502 0.57116
1413394981655760640.000000000 0.11223 0.45887 0.59246 -0.01125 0.82490 0.00243 0.56515
1413394981755760384.000000000 0.04355 0.45749 0.57269 -0.00722 0.82990 -0.00482 0.55784
1413394981855760640.000000000 -0.01827 0.45393 0.55342 -0.00693 0.83321 -0.02024 0.55255
1413394981955760384.000000000 -0.07166 0.44589 0.53673 -0.00588 0.83350 -0.03919 0.55110
1413394982055760384.000000000 -0.11501 0.43300 0.52400 -0.00404 0.83163 -0.06283 0.55175
1413394982155760640.000000000 -0.15134 0.41203 0.51571 -0.00186 0.82528 -0.09057 0.55741
1413394982255760384.000000000 -0.17873 0.38198 0.51122 0.00121 0.81759 -0.12185 0.56276
1413394982355760640.000000000 -0.20255 0.33907 0.51040 0.01109 0.81128 -0.15164 0.56454
1413394982455760384.000000000 -0.22738 0.28081 0.51432 0.02614 0.80379 -0.18116 0.56606
1413394982555760384.000000000 -0.25603 0.20664 0.52298 0.04310 0.79628 -0.21072 0.56540
1413394982655760640.000000000 -0.28636 0.11735 0.53653 0.06127 0.78707 -0.23947 0.56517
1413394982755760384.000000000 -0.32053 0.01297 0.55318 0.08268 0.77887 -0.26387 0.56294
1413394982855760640.000000000 -0.35890 -0.10536 0.57167 0.10789 0.77014 -0.28559 0.56007
1413394983005760512.000000000 -0.42070 -0.30191 0.60172 0.14640 0.75903 -0.31087 0.55300
1413394983105760512.000000000 -0.46488 -0.44177 0.62293 0.16935 0.75456 -0.31851 0.54819
1413394983205760512.000000000 -0.50919 -0.58530 0.64562 0.18637 0.75137 -0.32087 0.54567
1413394983305760256.000000000 -0.55559 -0.73121 0.66826 0.19597 0.74894 -0.32137 0.54535
1413394983405760512.000000000 -0.60086 -0.87768 0.69115 0.20645 0.75017 -0.31555 0.54318
1413394983505760512.000000000 -0.64488 -1.02158 0.71474 0.22194 0.75644 -0.30186 0.53611
1413394983605760512.000000000 -0.68684 -1.16074 0.73144 0.23170 0.76098 -0.29041 0.53187
1413394983705760512.000000000 -0.72306 -1.29443 0.73724 0.23918 0.76342 -0.28016 0.53056
1413394983805760256.000000000 -0.75504 -1.42033 0.73086 0.24521 0.76471 -0.27220 0.53009
1413394983905760512.000000000 -0.78062 -1.53762 0.71194 0.24530 0.76499 -0.27003 0.53075
1413394984005760512.000000000 -0.79928 -1.64603 0.68220 0.24333 0.76514 -0.26920 0.53187
1413394984105760512.000000000 -0.81029 -1.74403 0.64710 0.23874 0.76686 -0.26433 0.53391
1413394984205760512.000000000 -0.81501 -1.83246 0.61332 0.23251 0.77046 -0.25607 0.53550
1413394984305760256.000000000 -0.81354 -1.91191 0.58031 0.22581 0.77578 -0.24998 0.53356
1413394984405760512.000000000 -0.80595 -1.98345 0.55022 0.21924 0.78223 -0.24659 0.52843
1413394984505760512.000000000 -0.79099 -2.04696 0.52424 0.21263 0.78890 -0.24026 0.52411
1413394984605760512.000000000 -0.76332 -2.10251 0.50046 0.20365 0.79481 -0.22996 0.52337
1413394984705760512.000000000 -0.72813 -2.14921 0.48080 0.19249 0.80068 -0.21520 0.52493
1413394984805760256.000000000 -0.67930 -2.18894 0.46357 0.17997 0.80710 -0.19818 0.52624
1413394984905760512.000000000 -0.62295 -2.22704 0.44906 0.16134 0.81073 -0.18200 0.53251
1413394985005760512.000000000 -0.55861 -2.25926 0.43982 0.14589 0.81221 -0.16032 0.54159
1413394985105760512.000000000 -0.48810 -2.28342 0.43579 0.13515 0.81427 -0.13918 0.54711
1413394985205760512.000000000 -0.41349 -2.30199 0.43706 0.12687 0.81672 -0.12505 0.54885
1413394985305760256.000000000 -0.33297 -2.31477 0.44622 0.11523 0.81882 -0.12008 0.54940
1413394985405760512.000000000 -0.24742 -2.32218 0.46816 0.08592 0.81938 -0.13227 0.55112
1413394985505760512.000000000 -0.15562 -2.33160 0.50436 0.05846 0.82018 -0.14594 0.55008
1413394985605760512.000000000 -0.05798 -2.35147 0.55801 0.05930 0.81893 -0.14158 0.55298
1413394985705760512.000000000 0.04309 -2.37797 0.61518 0.07885 0.82046 -0.12488 0.55230
1413394985805760256.000000000 0.14577 -2.40438 0.66216 0.09803 0.82125 -0.10956 0.55131
1413394985905760512.000000000 0.25246 -2.42658 0.69249 0.10911 0.82131 -0.10143 0.55069
1413394986005760512.000000000 0.36267 -2.44234 0.71018 0.11345 0.82081 -0.09970 0.55087
1413394986105760512.000000000 0.47655 -2.45100 0.72280 0.11538 0.81959 -0.10065 0.55211
1413394986205760512.000000000 0.59441 -2.45265 0.73634 0.10162 0.81768 -0.11349 0.55516
1413394986305760256.000000000 0.71657 -2.45094 0.75415 0.08123 0.81540 -0.13066 0.55808
1413394986405760512.000000000 0.84243 -2.45095 0.77626 0.06920 0.81382 -0.14120 0.55944
1413394986505760512.000000000 0.96779 -2.45479 0.80450 0.07076 0.81324 -0.14169 0.55997
1413394986605760512.000000000 1.09740 -2.46172 0.83658 0.08652 0.81475 -0.13171 0.55799
1413394986705760512.000000000 1.22667 -2.46948 0.86915 0.10559 0.81741 -0.11791 0.55388
1413394986805760256.000000000 1.35906 -2.47445 0.90072 0.11838 0.81710 -0.10867 0.55365
1413394986905760512.000000000 1.49643 -2.47259 0.93189 0.11549 0.81322 -0.11178 0.55933
1413394987005760512.000000000 1.63457 -2.46453 0.95772 0.10224 0.80754 -0.12278 0.56775
1413394987105760512.000000000 1.77032 -2.45313 0.96973 0.08467 0.80363 -0.13660 0.57302
1413394987205760512.000000000 1.90570 -2.44392 0.96927 0.07412 0.80051 -0.14504 0.57677
1413394987305760256.000000000 2.03824 -2.43671 0.96502 0.08296 0.79714 -0.14027 0.58139
1413394987405760512.000000000 2.16816 -2.43000 0.95832 0.10823 0.79427 -0.12317 0.58503
1413394987505760512.000000000 2.29374 -2.41777 0.95321 0.12810 0.79097 -0.10943 0.58820
1413394987605760512.000000000 2.41510 -2.39569 0.95221 0.13789 0.78674 -0.10212 0.59296
1413394987705760512.000000000 2.53216 -2.36112 0.95499 0.14247 0.78006 -0.09837 0.60127
1413394987805760256.000000000 2.64165 -2.31262 0.96187 0.14370 0.77306 -0.09730 0.61013
1413394987905760512.000000000 2.74234 -2.24926 0.97313 0.14605 0.76874 -0.09670 0.61511
1413394988005760512.000000000 2.83365 -2.17099 0.98968 0.14617 0.76322 -0.09766 0.62177
1413394988105760512.000000000 2.91618 -2.07936 1.01267 0.14000 0.75772 -0.10306 0.62900
1413394988205760512.000000000 2.98441 -1.97410 1.03462 0.12389 0.75701 -0.11518 0.63113
1413394988305760256.000000000 3.03672 -1.86102 1.05573 0.10252 0.75586 -0.13719 0.63194
1413394988405760512.000000000 3.07355 -1.74687 1.07167 0.08493 0.75478 -0.16832 0.62830
1413394988505760512.000000000 3.09168 -1.63804 1.07909 0.07953 0.75263 -0.20444 0.62083
1413394988605760512.000000000 3.09462 -1.53808 1.07804 0.09307 0.74885 -0.24014 0.61066
1413394988705760512.000000000 3.08285 -1.44670 1.07251 0.12360 0.74568 -0.26747 0.59761
1413394988805760256.000000000 3.06374 -1.36108 1.06149 0.15758 0.74068 -0.28465 0.58782
1413394988905760512.000000000 3.02561 -1.27928 1.04281 0.18650 0.73401 -0.29429 0.58296
1413394989005760512.000000000 2.97791 -1.19339 1.02252 0.20930 0.73129 -0.29770 0.57688
1413394989105760512.000000000 2.91544 -1.10737 1.00149 0.22370 0.73450 -0.29891 0.56668
1413394989205760512.000000000 2.85151 -1.01692 0.98349 0.22901 0.73910 -0.30026 0.55779
1413394989305760256.000000000 2.76776 -0.92771 0.97030 0.22474 0.74234 -0.30239 0.55407
1413394989405760512.000000000 2.69507 -0.83415 0.95665 0.21559 0.74428 -0.30558 0.55334
1413394989505760512.000000000 2.62188 -0.73878 0.94357 0.20659 0.74547 -0.30761 0.55405
1413394989605760512.000000000 2.54922 -0.64290 0.92411 0.19707 0.74718 -0.30953 0.55414
1413394989705760512.000000000 2.47462 -0.54862 0.89536 0.18372 0.75088 -0.30755 0.55482
1413394989805760256.000000000 2.40150 -0.45304 0.86052 0.16185 0.75825 -0.29841 0.55661
1413394989905760512.000000000 2.32869 -0.36415 0.81547 0.13321 0.77226 -0.28076 0.55411
1413394990005760512.000000000 2.25717 -0.28530 0.76475 0.11207 0.78822 -0.24600 0.55284
1413394990105760512.000000000 2.18778 -0.21616 0.70883 0.09823 0.80252 -0.19778 0.55425
1413394990205760512.000000000 2.12076 -0.15333 0.64477 0.08254 0.81444 -0.14669 0.55530
1413394990355760640.000000000 2.03353 -0.06309 0.54484 0.05689 0.82618 -0.07013 0.55612
1413394990405760512.000000000 2.00620 -0.03552 0.51284 0.04757 0.82950 -0.04810 0.55439
1413394990505760512.000000000 1.95711 0.02484 0.44933 0.02803 0.83295 -0.01724 0.55237
1413394990605760512.000000000 1.91442 0.08657 0.38962 0.00951 0.83499 -0.00091 0.55018
1413394990705760512.000000000 1.88261 0.14510 0.33239 -0.00100 0.83627 0.00899 0.54825
1413394990805760256.000000000 1.86177 0.20334 0.27873 -0.00652 0.83617 0.01249 0.54830
1413394990905760512.000000000 1.85064 0.26662 0.23046 -0.00695 0.83612 0.01249 0.54835
1413394991005760512.000000000 1.84746 0.33055 0.18652 -0.00492 0.83553 0.00985 0.54934
1413394991105760512.000000000 1.85009 0.39717 0.14640 -0.00410 0.83486 0.00416 0.55044
1413394991205760512.000000000 1.86323 0.46079 0.11373 -0.00612 0.83256 -0.00467 0.55388
1413394991305760256.000000000 1.88322 0.52130 0.08402 -0.00458 0.83208 -0.01839 0.55433
1413394991405760512.000000000 1.90819 0.57690 0.05805 0.00285 0.83161 -0.03738 0.55410
1413394991505760512.000000000 1.94182 0.62729 0.03432 0.01506 0.82944 -0.06014 0.55515
1413394991605760512.000000000 1.97522 0.67083 0.01668 0.03162 0.82606 -0.08388 0.55640
1413394991705760512.000000000 2.01366 0.70993 0.00311 0.05354 0.81854 -0.10336 0.56253
1413394991805760256.000000000 2.05617 0.74329 -0.00692 0.07080 0.80604 -0.11978 0.57528
1413394991905760512.000000000 2.09921 0.77614 -0.01719 0.07821 0.79430 -0.13445 0.58727
1413394992005760512.000000000 2.13965 0.80925 -0.02784 0.08124 0.78703 -0.14849 0.59324
1413394992105760512.000000000 2.17499 0.84015 -0.04058 0.07935 0.78501 -0.16737 0.59115
1413394992205760512.000000000 2.20384 0.86647 -0.05219 0.07785 0.78651 -0.18886 0.58282
1413394992305760256.000000000 2.22669 0.88083 -0.05877 0.08563 0.78714 -0.20650 0.57484
1413394992405760512.000000000 2.24419 0.88463 -0.06057 0.10578 0.78578 -0.21853 0.56886
1413394992505760512.000000000 2.25881 0.88211 -0.05878 0.13616 0.78580 -0.22220 0.56090
1413394992605760512.000000000 2.27239 0.87763 -0.05452 0.16292 0.78451 -0.22186 0.55568
1413394992705760512.000000000 2.28725 0.87745 -0.04873 0.16994 0.77818 -0.22856 0.55974
1413394992805760256.000000000 2.30212 0.87935 -0.04402 0.16526 0.77128 -0.24359 0.56434
1413394992905760512.000000000 2.31619 0.88194 -0.04117 0.16035 0.76629 -0.26034 0.56507
1413394993005760512.000000000 2.32772 0.88320 -0.04173 0.15948 0.76443 -0.27074 0.56295
1413394993105760512.000000000 2.33516 0.88118 -0.05142 0.16612 0.76499 -0.27243 0.55945
1413394993205760512.000000000 2.34313 0.87788 -0.07245 0.17422 0.76745 -0.27000 0.55476
1413394993305760256.000000000 2.34147 0.87205 -0.10392 0.18488 0.76990 -0.26341 0.55107
1413394993405760512.000000000 2.34639 0.86832 -0.13752 0.19388 0.77249 -0.25596 0.54786
1413394993505760512.000000000 2.35133 0.86769 -0.16938 0.19956 0.77428 -0.25008 0.54600
1413394993605760512.000000000 2.36001 0.87097 -0.19957 0.19998 0.77468 -0.24748 0.54648
1413394993705760512.000000000 2.37269 0.87751 -0.23093 0.19661 0.77276 -0.25350 0.54765
1413394993805760256.000000000 2.38386 0.88625 -0.26675 0.19311 0.76726 -0.26994 0.54877
1413394993905760512.000000000 2.39455 0.89500 -0.31120 0.19395 0.75889 -0.29407 0.54772
1413394994005760512.000000000 2.40391 0.90019 -0.36215 0.19777 0.74745 -0.32298 0.54579
1413394994105760512.000000000 2.40814 0.90315 -0.40950 0.20897 0.73509 -0.35087 0.54118
1413394994205760512.000000000 2.40637 0.90236 -0.44390 0.22813 0.72119 -0.37554 0.53554
1413394994305760256.000000000 2.39830 0.89892 -0.46812 0.25373 0.70897 -0.39653 0.52512
1413394994405760512.000000000 2.38467 0.89471 -0.48175 0.28293 0.70114 -0.41246 0.50816
1413394994505760512.000000000 2.37016 0.89119 -0.48448 0.30897 0.69493 -0.42199 0.49350
1413394994605760512.000000000 2.36091 0.89055 -0.48045 0.32626 0.68934 -0.42909 0.48399
1413394994705760512.000000000 2.35774 0.89128 -0.46137 0.33748 0.68490 -0.43302 0.47907
1413394994805760256.000000000 2.36580 0.89627 -0.43481 0.34454 0.67915 -0.43486 0.48057
1413394994905760512.000000000 2.38538 0.89995 -0.40142 0.34387 0.67457 -0.43755 0.48503
1413394995005760512.000000000 2.40919 0.90879 -0.38419 0.33979 0.67180 -0.43967 0.48981
1413394995105760512.000000000 2.43473 0.92078 -0.39138 0.32690 0.66688 -0.44652 0.49903
1413394995205760512.000000000 2.45700 0.93771 -0.42145 0.30838 0.66617 -0.45661 0.50261
1413394995305760256.000000000 2.47533 0.95604 -0.46381 0.29543 0.67550 -0.46308 0.49191
1413394995405760512.000000000 2.48864 0.97151 -0.50741 0.28910 0.68544 -0.46567 0.47932
1413394995505760512.000000000 2.49781 0.97996 -0.54997 0.28915 0.69147 -0.46459 0.47161
1413394995605760512.000000000 2.50491 0.97962 -0.59135 0.29162 0.69326 -0.46237 0.46964
1413394995705760512.000000000 2.51431 0.97440 -0.62698 0.29807 0.68802 -0.45746 0.47803
1413394995805760256.000000000 2.52120 0.97064 -0.65509 0.30377 0.67975 -0.45320 0.49017
1413394995905760512.000000000 2.53061 0.96565 -0.68178 0.30670 0.67381 -0.45152 0.49804
1413394996005760512.000000000 2.53881 0.95879 -0.72242 0.31447 0.67393 -0.44933 0.49501
1413394996105760512.000000000 2.53998 0.96472 -0.70393 0.32049 0.66718 -0.44541 0.50375
1413394996205760512.000000000 2.53751 0.97036 -0.71475 0.30108 0.67303 -0.45557 0.49884
1413394996305760256.000000000 2.53980 0.97429 -0.70907 0.32194 0.67117 -0.43745 0.50451
1413394996405760512.000000000 2.53858 0.97084 -0.71575 0.31946 0.67273 -0.43906 0.50260
1413394996505760512.000000000 2.53911 0.97274 -0.71888 0.32107 0.67588 -0.43771 0.49851
1413394996605760512.000000000 2.53831 0.97525 -0.71968 0.32173 0.67326 -0.43696 0.50227
1413394996705760512.000000000 2.53850 0.97486 -0.72045 0.32041 0.67455 -0.43784 0.50061
1413394996805760256.000000000 2.53860 0.97500 -0.72038 0.32088 0.67386 -0.43743 0.50161
1413394996905760512.000000000 2.53868 0.97480 -0.72065 0.32054 0.67395 -0.43756 0.50159
1413394997005760512.000000000 2.53868 0.97474 -0.72078 0.32028 0.67397 -0.43756 0.50173
1413394997105760512.000000000 2.53872 0.97477 -0.72077 0.32030 0.67384 -0.43751 0.50193
1413394997205760512.000000000 2.53879 0.97467 -0.72089 0.31998 0.67401 -0.43768 0.50176
1413394997305760256.000000000 2.53868 0.97474 -0.72095 0.31988 0.67396 -0.43755 0.50200
1413394997405760512.000000000 2.53866 0.97474 -0.72104 0.31984 0.67395 -0.43756 0.50204
1413394997505760512.000000000 2.53874 0.97480 -0.72116 0.31982 0.67397 -0.43750 0.50206
1413394997605760512.000000000 2.53876 0.97484 -0.72130 0.31976 0.67399 -0.43747 0.50211
1413394997705760512.000000000 2.53877 0.97486 -0.72138 0.31965 0.67405 -0.43748 0.50210
