70
80
71
56
55
60
53
55
49
54
54
72
62
56
52
52
65
54
60
56
56
55
61
84
55
81
55
54
57
51
54
50
52
56
56
51
70
53
53
59
55
51
47
52
49
50
51
48
69
53
51
54
47
47
76
51
47
47
53
87
62
53
51
51
61
50
52
53
55
52
49
51
61
57
55
54
55
55
54
56
56
59
57
60
63
63
53
56
54
63
61
54
58
97
63
58
59
56
59
58
81
56
56
54
88
66
68
56
59
59
56
57
54
55
53
54
78
52
66
58
59
50
52
54
51
60
55
61
60
59
54
51
48
75
55
49
64
49
80
59
60
59
51
47
51
48
68
50
57
46
78
48
48
53
48
43
73
48
47
46
48
85
54
54
54
47
44
43
47
40
98
42
72
42
37
40
36
45
80
40
42
38
59
36
57
40
42
65
37
36
66
35
58
37
45
43
33
28
35
38
41
55
30
42
31
47
72
31
36
30
33
66
35
30
28
35
29
66
62
34
34
33
33
35
32
34
33
33
83
70
48
39
39
37
36
38
40
58
38
36
71
49
53
42
39
38
37
36
35
35
35
40
65
50
48
44
38
40
40
62
40
36
38
70
46
45
45
38
39
33
57
35
33
37
86
46
50
39
39
37
43
33
36
37
35
37
77
42
47
42
38
43
38
39
42
39
46
74
45
39
43
37
39
35
35
34
65
34
67
51
45
40
33
36
33
34
73
59
39
42
37
44
36
77
39
35
38
38
36
35
60
34
38
37
32
34
37
32
35
33
38
67
49
41
55
37
41
36
39
40
38
38
39
58
41
45
40
38
37
40
73
39
42
105
41
47
41
41
38
41
41
43
46
47
46
71
54
46
46
45
46
45
43
42
41
42
42
86
49
49
46
43
41
39
41
41
40
78
45
40
43
39
39
39
49
40
40
75
40
76
42
38
38
35
37
38
39
34
34
35
36
66
49
36
38
34
35
40
36
37
36
39
62
45
42
39
41
34
40
51
39
38
59
72
51
44
50
44
42
36
43
40
45
39
40
74
44
50
46
37
37
37
36
40
33
60
37
40
43
37
42
37
34
34
65
34
32
55
40
38
39
31
68
33
33
38
36
33
34
70
47
45
37
37
32
32
36
32
36
34
57
35
36
31
50
36
33
37
64
39
39
57
42
38
43
40
39
35
39
39
37
46
40
72
51
49
45
41
41
43
41
41
41
85
42
48
45
37
38
38
40
35
77
44
38
63
50
53
42
38
40
36
41
39
36
37
34
49
78
56
52
49
54
51
52
47
52
53
56
61
59
55
52
62
59
64
53
60
89
62
86
54
84
60
49
58
52
51
46
48
53
52
46
94
48
48
55
49
47
53
55
49
83
48
60
92
54
50
55
47
57
53
61
48
60
48
88
49
51
49
49
58
47
47
53
58
59
90
47
54
52
59
52
63
51
60
52
58
110
55
54
53
53
54
52
58
53
51
54
52
87
56
58
55
59
77
55
70
57
55
59
58
62
57
57
60
56
56
57
63
66
80
57
64
51
56
59
56
49
55
51
55
55
57
48
51
49
58
59
54
56
53
55
50
51
84
60
54
50
73
47
47
75
53
78
50
91
54
54
59
48
48
47
49
47
49
49
54
76
51
50
56
75
51
48
55
47
73
49
78
53
52
49
51
52
48
47
59
83
47
46
49
54
71
51
51
56
52
74
54
53
88
58
66
57
61
53
55
55
56
55
54
57
70
63
59
61
59
57
58
94
64
57
58
89
57
58
59
60
56
56
52
78
55
62
53
55
59
59
59
49
55
53
58
54
54
51
87
53
53
50
53
49
48
48
48
51
49
80
88
56
54
55
48
83
47
52
45
65
45
64
48
47
47
45
44
48
47
47
54
60
80
50
48
51
43
44
41
54
41
49
56
61
41
39
44
38
61
58
35
63
37
58
44
58
35
40
38
75
36
42
46
55
36
71
45
40
33
31
45
39
37
58
35
46
33
78
34
36
35
33
41
32
39
31
58
34
68
69
46
42
31
35
37
36
49
32
77
38
61
51
48
45
34
37
36
36
41
38
39
71
45
41
43
37
37
36
38
38
38
38
39
76
56
41
46
39
39
39
77
37
36
36
71
38
38
48
33
32
34
70
36
35
36
75
48
53
40
42
38
38
35
39
38
38
36
59
45
40
43
37
38
38
36
76
45
42
50
43
37
37
33
37
35
37
41
39
37
72
40
43
38
37
35
67
40
37
58
39
67
48
45
44
33
34
35
36
38
62
37
66
45
41
37
58
36
35
33
33
34
36
68
44
43
44
38
37
37
37
38
38
38
42
73
49
46
41
37
36
40
40
41
45
66
77
55
46
41
46
40
42
42
46
43
47
67
54
46
49
47
41
39
40
39
38
38
69
79
42
42
50
38
42
38
71
40
40
78
45
43
44
37
38
39
41
40
40
37
47
71
36
40
35
36
65
39
36
35
36
34
39
71
43
42
38
56
39
35
37
36
40
40
66
44
44
53
38
40
83
43
39
39
41
75
54
42
57
51
41
39
45
41
38
39
40
67
53
49
45
37
44
37
63
39
61
53
39
38
35
33
42
62
32
45
61
30
33
29
51
44
61
38
136
96
44
37
38
166
67
44
45
56
45
38
38
34
36
33
36
33
48
36
42
36
37
39
38
36
36
40
40
67
47
49
42
39
36
36
83
52
37
39
42
78
45
44
41
50
42
42
43
75
40
70
41
46
45
36
39
40
36
34
37
36
38
65
48
45
48
76
50
42
39
43
37
35
65
36
41
36
37
36
36
36
39
34
33
34
63
62
49
39
35
35
36
34
39
67
44
41
42
40
36
43
35
35
38
37
35
42
32
55
50
37
33
33
33
33
32
39
32
34
73
41
38
34
32
34
37
36
35
34
55
72
40
48
46
38
38
37
36
34
36
37
41
74
46
45
39
37
37
38
39
40
38
37
65
41
38
36
33
35
31
42
37
30
30
50
40
34
35
32
34
29
31
30
33
35
33
72
41
38
30
30
32
29
31
44
31
57
34
33
32
33
29
27
35
31
32
30
38
44
36
33
34
29
35
42
33
42
78
40
41
53
43
41
36
37
36
38
35
42
38
48
49
42
50
42
36
35
35
47
36
37
34
40
44
31
32
65
75
72
56
54
49
51
51
51
55
51
52
53
55
52
48
53
48
50
51
90
58
53
61
76
54
94
50
51
51
52
57
58
50
53
51
93
95
62
61
67
56
52
48
49
57
49
48
51
50
53
50
51
46
53
56
61
47
62
47
65
51
49
49
46
58
48
48
52
52
46
99
65
59
63
54
51
52
52
51
53
99
83
55
60
53
52
51
52
53
61
53
65
53
87
55
55
53
54
53
62
53
54
54
54
96
58
60
59
55
56
54
52
52
53
54
72
98
59
53
54
52
49
54
48
51
50
64
64
51
52
58
46
86
46
79
47
60
45
84
57
50
48
70
46
52
55
49
56
48
76
89
51
45
42
41
59
44
72
43
44
76
76
45
51
42
48
73
39
68
39
80
36
80
39
35
34
46
51
39
71
32
67
31
66
60
32
35
67
72
85
57
56
55
56
55
46
54
52
57
49
67
52
49
48
50
52
58
54
59
53
76
59
81
53
58
47
63
52
52
47
66
54
47
74
57
50
53
49
49
47
46
49
58
47
102
96
48
49
54
51
57
48
48
49
52
48
83
47
48
49
48
57
50
47
53
62
47
84
51
57
53
53
58
52
87
53
54
54
85
53
53
56
54
53
53
53
53
56
53
52
84
55
64
65
76
172
69
55
57
54
59
55
71
68
58
59
59
57
54
57
59
61
51
83
55
53
59
55
59
102
64
53
78
53
63
55
55
92
51
49
48
56
50
48
50
87
75
49
54
47
75
45
46
47
67
46
46
71
50
48
52
43
40
44
46
45
42
44
73
51
43
46
42
47
40
66
40
41
45
73
39
42
38
36
38
35
40
36
40
34
36
74
48
43
39
38
63
33
69
35
34
66
33
44
41
43
29
41
33
37
40
42
32
39
36
39
32
31
38
31
40
28
37
30
42
56
30
33
31
34
35
37
37
29
46
56
67
47
45
39
32
60
38
35
56
41
90
142
51
39
40
42
37
37
40
37
40
39
41
158
95
40
45
38
42
43
35
39
38
42
79
34
38
44
50
36
33
74
37
34
35
44
46
40
36
39
38
37
70
51
37
35
34
74
52
37
37
43
41
40
38
38
45
41
57
42
41
36
36
38
36
68
38
57
38
35
46
42
40
42
54
135
36
34
36
37
36
35
35
53
37
141
45
45
43
36
36
141
72
59
49
44
47
45
46
38
34
37
37
36
38
115
55
49
49
142
44
60
46
98
38
39
39
43
38
72
58
133
40
47
42
138
62
64
49
51
50
46
139
51
48
167
56
55
55
61
57
60
66
40
147
42
40
112
141
47
51
50
49
45
132
48
42
63
140
40
46
42
39
138
57
59
46
40
130
41
91
42
37
34
123
37
40
138
42
38
37
56
103
45
40
37
47
49
131
45
41
137
41
134
74
40
39
44
36
58
53
38
40
140
49
55
48
53
48
161
43
45
55
67
72
53
64
78
59
76
66
50
38
42
37
34
37
35
41
58
43
46
46
47
42
36
35
33
33
36
38
45
33
34
33
34
35
33
34
37
66
48
34
72
37
54
32
44
32
33
31
54
31
33
31
36
42
38
35
56
36
47
64
58
39
36
39
40
50
35
38
60
39
39
49
46
42
43
39
38
39
43
90
41
55
38
37
36
64
38
37
36
35
33
46
38
70
54
41
42
37
38
65
38
41
86
44
38
68
39
36
33
74
40
34
42
32
34
33
57
35
43
34
70
34
79
35
38
40
71
67
36
36
34
33
32
71
39
61
39
34
31
82
35
35
31
37
34
37
33
42
57
32
76
35
33
34
33
37
34
59
34
35
36
50
40
40
43
38
39
37
61
38
76
39
37
66
38
40
35
41
36
39
44
41
39
37
32
37
42
40
38
36
34
35
38
33
28
32
41
38
31
30
35
52
30
47
38
33
31
68
38
32
37
65
30
30
29
31
36
61
32
32
38
31
69
37
32
45
67
32
37
64
36
35
33
67
29
38
32
70
41
63
59
36
36
39
34
32
34
62
35
32
34
75
37
42
38
41
36
35
33
49
34
40
48
35
34
43
33
32
32
43
33
70
34
31
77
38
37
37
33
33
72
35
36
55
33
32
65
44
36
41
34
33
43
34
32
33
44
46
44
37
32
38
36
32
47
40
38
32
57
35
35
129
51
34
31
30
27
24
25
23
22
38
28
26
28
28
32
29
31
28
28
40
53
41
28
28
32
40
31
31
30
30
30
34
34
32
32
29
31
32
38
37
36
33
30
38
35
39
33
34
34
38
35
33
36
36
43
42
39
37
41
43
37
31
35
75
47
42
34
41
39
39
38
35
41
36
42
42
35
30
39
37
37
34
32
40
56
32
111
39
44
58
41
32
32
29
30
26
30
40
58
43
34
33
44
32
34
33
32
34
34
38
35
36
37
35
39
40
39
34
35
38
36
36
46
41
39
39
34
35
34
35
38
43
38
42
41
41
42
37
45
40
45
36
48
53
33
39
42
35
34
34
35
33
32
31
30
59
37
44
39
39
39
68
50
46
41
45
48
50
52
36
36
38
37
43
39
37
34
33
65
38
42
44
35
37
39
37
37
38
44
55
43
47
41
43
52
44
40
41
45
46
58
47
52
52
43
44
44
43
43
46
44
45
47
47
49
60
45
47
47
46
84
43
53
52
53
48
46
48
45
47
46
45
41
69
50
50
42
42
78
50
80
46
61
90
48
47
45
48
77
49
74
47
73
73
51
93
76
57
54
45
128
169
53
43
45
44
40
51
46
42
59
42
72
61
66
38
40
69
66
80
40
39
70
42
48
70
78
75
57
42
40
38
41
41
41
40
37
38
45
42
45
42
57
46
43
49
40
53
42
43
40
38
45
41
39
43
42
41
44
35
38
45
41
42
36
38
41
33
36
33
40
31
30
29
29
57
61
54
37
29
109
46
59
51
32
30
52
33
38
35
32
32
28
29
31
39
64
33
44
36
35
36
31
35
35
58
35
34
36
63
37
41
38
33
40
32
32
40
66
40
73
45
38
36
69
42
35
38
35
64
35
45
40
37
37
36
36
64
38
35
34
37
66
36
38
35
37
36
40
34
34
36
38
54
39
36
35
33
36
36
38
59
37
34
53
71
49
34
41
37
41
40
35
35
35
38
73
43
34
38
34
33
35
33
37
35
37
66
36
40
38
37
38
34
35
41
35
38
66
39
37
35
40
38
35
33
35
34
34
32
47
36
44
51
34
65
33
34
35
38
36
68
42
40
41
43
35
42
37
36
35
38
38
40
50
36
36
36
35
35
34
38
36
43
82
41
49
47
36
39
70
41
39
38
65
38
40
40
39
45
39
41
36
37
41
38
37
82
38
41
42
39
45
42
41
39
36
36
81
57
46
43
39
41
42
37
36
42
38
86
38
36
38
35
35
37
43
69
42
39
43
66
47
41
45
41
36
39
44
38
39
175
59
47
45
49
45
43
43
43
44
46
42
46
57
56
49
50
46
40
43
41
51
42
63
86
41
47
49
44
45
44
43
49
52
55
46
67
47
58
58
49
45
50
51
54
55
61
57
57
54
44
57
52
42
46
54
51
42
53
65
55
53
47
44
42
36
163
78
61
73
46
43
46
39
38
41
62
42
45
43
67
51
41
39
40
40
42
41
48
43
42
42
60
44
40
46
42
39
37
37
38
34
38
65
40
55
43
56
50
41
37
35
34
33
53
42
34
41
39
38
37
38
35
35
37
34
55
52
55
48
37
39
39
36
75
42
61
77
41
40
40
38
36
38
36
36
36
37
71
42
54
35
40
45
41
39
40
43
44
40
61
47
46
44
43
42
42
40
38
38
37
56
39
41
45
40
42
38
39
39
42
38
118
47
48
45
48
55
41
44
38
40
39
39
115
42
40
39
44
40
39
38
38
39
39
61
42
44
44
40
36
46
36
74
42
39
68
41
44
39
42
37
40
39
51
62
76
81
56
72
67
75
79
71
73
63
57
52
50
48
65
83
61
71
68
60
83
57
50
50
46
46
47
52
51
52
49
44
49
51
58
48
50
45
43
48
45
63
41
39
39
39
42
67
39
37
38
39
124
45
42
39
49
39
45
42
44
41
37
36
37
36
36
40
40
49
34
39
37
35
36
34
33
33
35
34
33
61
33
37
37
36
50
35
33
33
35
33
66
43
34
35
32
33
69
35
33
33
34
32
36
33
33
30
84
33
30
34
34
36
29
63
45
32
28
28
41
32
71
34
56
30
39
47
30
29
37
30
45
33
39
33
29
66
41
37
30
34
38
44
63
39
34
37
74
45
36
38
38
35
37
34
37
38
68
38
83
40
40
40
42
36
36
38
36
82
77
41
41
37
41
36
38
37
35
62
33
62
36
35
33
32
31
32
59
34
48
37
74
75
41
40
42
41
37
38
37
38
73
37
42
38
43
47
43
37
37
39
39
37
40
37
72
40
42
41
41
41
41
40
38
45
38
72
39
41
42
42
40
42
44
44
44
38
74
39
41
45
52
73
47
85
47
44
44
43
85
44
47
44
43
41
42
40
61
42
77
46
46
49
44
46
40
41
42
42
46
43
71
46
47
47
50
45
46
45
44
75
49
73
42
38
40
39
38
38
39
36
73
41
82
43
46
37
39
37
40
43
37
38
51
44
39
40
37
36
37
40
35
37
37
35
50
56
50
38
35
35
32
33
32
34
34
55
73
37
38
34
55
36
88
48
39
34
32
53
39
45
38
34
61
64
40
72
61
61
69
57
28
39
31
28
78
37
75
33
68
36
36
34
36
66
65
35
66
63
44
64
67
34
39
34
43
62
69
67
65
37
69
73
36
37
33
89
35
38
35
38
40
37
35
36
38
37
44
41
44
42
44
50
39
41
47
52
48
44
42
37
40
40
41
40
46
56
47
48
45
44
43
42
44
41
42
40
57
52
50
42
48
45
38
36
38
38
39
37
81
50
44
43
43
43
48
66
41
40
36
75
41
39
34
34
34
40
42
35
38
39
67
40
45
48
36
35
33
33
36
65
39
51
70
44
39
38
35
37
44
33
34
37
34
57
40
36
44
36
44
36
35
39
37
39
38
71
43
48
42
35
37
33
31
33
35
36
65
48
38
39
43
38
40
39
36
36
35
59
52
41
37
39
35
37
40
36
38
40
36
63
42
35
35
43
38
35
35
39
38
39
72
42
41
40
39
38
40
37
39
40
39
72
45
49
45
44
42
41
41
39
41
44
78
46
49
46
48
44
43
48
48
46
45
44
77
56
55
48
51
48
51
44
43
46
49
60
51
47
45
43
44
46
47
45
49
47
51
78
63
51
52
52
51
46
46
46
50
46
68
53
56
50
50
46
50
47
47
48
47
43
46
47
48
46
39
38
42
42
43
39
41
71
46
44
47
40
44
42
41
42
39
42
60
43
48
44
39
41
40
44
44
43
41
74
42
45
42
42
43
40
42
41
44
40
72
44
41
45
42
42
39
43
82
45
77
43
40
44
49
46
40
44
39
37
39
38
67
48
40
40
39
39
36
35
36
36
38
36
74
38
43
35
98
44
37
72
39
40
33
73
45
36
40
32
34
33
29
71
31
66
72
45
42
30
141
78
44
39
35
31
58
26
49
28
33
33
34
31
45
27
30
29
37
58
40
37
31
32
34
27
36
31
32
64
62
37
30
36
37
25
56
28
53
28
80
55
49
34
41
31
57
33
34
31
44
35
76
64
46
31
32
42
30
31
32
30
59
58
65
30
32
29
30
33
34
35
32
37
33
63
40
30
33
45
29
33
31
56
29
29
59
64
34
37
35
31
27
48
27
54
29
43
62
32
34
29
30
33
41
43
31
32
60
36
35
33
35
54
32
37
29
30
31
46
31
58
33
38
37
40
32
50
36
62
33
59
60
36
35
34
39
34
36
38
34
34
43
72
34
47
44
37
39
32
34
35
33
38
75
65
45
40
39
53
36
117
64
71
59
36
67
35
48
47
38
59
38
40
40
70
34
70
43
40
41
38
39
72
36
36
34
35
51
69
45
51
44
42
36
36
34
62
35
78
53
45
40
40
38
75
40
39
67
44
41
68
43
42
39
38
46
43
46
40
39
41
40
78
50
48
50
42
91
50
42
42
44
72
69
48
44
44
42
42
119
47
48
42
38
74
45
43
49
42
39
52
40
42
38
37
46
71
47
40
38
36
36
39
37
37
38
48
73
43
42
44
38
38
38
40
39
39
40
61
49
44
48
40
38
36
36
37
65
39
64
40
50
41
43
44
35
146
102
44
48
39
66
45
46
40
39
36
35
33
32
36
39
44
42
44
41
34
33
34
34
35
36
64
38
72
36
39
36
33
33
63
34
35
33
32
64
37
37
34
32
68
36
35
60
38
32
70
48
33
34
35
34
35
34
33
32
34
74
73
38
34
33
35
35
67
36
32
34
39
67
39
53
38
37
33
33
31
31
34
30
58
36
40
40
34
75
47
31
35
34
32
65
63
41
28
33
38
32
40
31
36
32
49
67
40
37
36
35
32
71
38
34
32
32
69
39
35
38
32
76
45
32
37
34
35
35
37
42
49
48
56
40
38
40
37
37
39
35
46
55
39
38
39
36
40
39
39
36
75
48
43
39
36
36
50
46
35
34
36
33
65
39
41
49
36
35
36
35
36
36
31
44
50
32
33
27
29
54
31
64
35
54
72
46
41
36
34
31
30
31
32
27
31
26
35
37
29
34
33
36
32
38
32
34
43
62
33
33
38
40
32
78
36
33
31
31
59
37
37
45
35
32
30
32
32
41
36
36
71
51
34
38
35
71
37
36
35
34
37
66
42
39
38
40
37
39
40
36
39
136
34
126
115
57
34
34
33
34
34
30
70
57
36
41
41
42
33
80
38
34
35
43
36
74
47
30
41
36
28
71
87
57
53
54
56
58
57
51
59
55
55
57
60
54
56
56
62
63
60
61
49
62
78
50
86
64
49
54
59
55
50
48
59
57
49
87
53
56
59
55
49
50
50
50
49
50
48
78
62
55
59
60
50
50
53
47
47
79
77
49
53
53
51
54
67
50
52
53
47
83
52
57
58
60
54
55
54
174
66
61
54
62
79
67
66
57
56
57
58
63
57
54
60
63
59
61
65
57
58
55
54
55
57
88
79
64
67
64
78
63
54
56
60
54
54
92
61
62
56
53
53
87
62
51
51
62
52
64
60
58
75
53
50
52
50
50
49
88
61
60
61
51
89
52
49
49
52
49
49
50
53
53
45
44
49
45
52
47
46
79
82
53
54
47
45
47
46
44
67
41
56
75
48
38
42
36
50
48
37
38
39
59
39
60
36
38
44
41
38
49
36
34
36
43
47
41
31
31
61
55
28
48
37
33
36
53
60
35
33
32
39
70
30
30
29
49
62
68
82
58
47
55
54
55
52
53
55
66
53
61
49
55
56
53
57
56
52
52
57
75
49
75
57
53
62
57
54
53
48
57
53
47
86
59
51
56
50
48
46
49
47
49
48
52
68
63
51
65
51
49
51
52
51
50
48
52
58
53
51
50
54
47
47
54
52
47
73
49
76
56
58
51
52
53
51
52
51
74
55
56
59
64
53
82
