44
13
22
21
14
13
13
13
15
14
24
11
15
14
15
16
14
24
24
16
15
12
15
11
14
8
12
19
11
12
12
20
11
13
14
19
12
14
17
20
15
13
14
22
12
12
15
20
12
14
17
16
13
10
11
11
8
4
8
9
10
2
7
9
6
7
6
7
6
6
6
6
5
5
7
7
6
7
5
8
6
9
6
5
6
21
5
6
5
7
10
9
6
6
8
6
6
6
6
6
8
7
6
7
10
10
9
9
10
9
9
8
19
11
15
11
13
10
8
10
11
3
7
6
6
20
8
9
8
13
9
10
7
9
10
12
13
14
15
13
15
16
22
33
19
16
15
16
17
14
15
15
17
12
12
14
15
14
16
16
16
18
18
34
25
19
19
19
17
16
20
22
19
22
21
21
24
21
24
24
25
28
30
24
23
24
28
26
24
20
19
23
25
25
23
22
21
22
28
21
20
26
18
23
30
21
25
24
25
26
30
25
25
26
28
29
33
28
29
27
24
26
22
35
19
25
18
25
16
22
17
17
19
18
28
19
22
20
25
21
22
24
21
24
23
21
19
17
20
21
25
29
26
27
24
29
24
28
30
27
24
26
23
22
28
22
19
24
20
25
23
23
35
27
29
32
32
30
30
24
26
26
24
31
21
24
21
21
19
23
21
23
24
24
22
28
23
23
24
22
37
23
34
21
19
20
21
21
21
20
23
21
22
18
18
24
20
20
19
31
32
23
24
29
23
22
29
35
28
22
18
30
23
19
20
20
24
18
21
26
19
19
20
18
19
20
20
18
19
19
20
19
21
20
22
19
20
19
20
20
19
19
18
19
21
14
14
17
11
9
10
7
8
9
6
8
5
5
6
5
5
6
7
5
6
5
7
8
7
6
8
9
8
9
11
12
16
18
21
25
19
22
22
21
21
22
20
26
22
30
23
22
24
22
23
20
18
22
21
18
22
13
14
15
13
19
15
19
19
19
25
22
24
23
35
31
23
26
27
27
29
28
27
46
27
28
30
25
29
26
31
34
31
26
28
29
39
29
32
30
32
34
37
34
35
31
30
31
39
32
33
33
36
34
32
35
33
35
35
33
39
42
35
33
31
31
34
29
32
28
28
27
29
30
35
32
28
32
30
28
30
26
26
26
27
31
27
27
25
28
27
29
30
29
30
28
29
33
30
29
35
28
38
29
30
35
30
31
36
35
36
39
37
38
39
44
36
43
37
35
33
32
35
30
30
32
28
29
26
33
20
23
22
20
23
20
23
22
23
29
22
25
28
25
28
22
24
25
23
24
27
24
20
15
18
18
18
16
16
15
29
15
16
15
15
15
10
18
20
22
27
27
32
33
32
35
33
39
34
42
33
40
36
33
34
47
32
36
32
34
38
35
39
33
35
36
36
33
29
28
24
33
23
30
27
27
28
30
32
35
40
37
31
35
36
39
31
37
39
38
35
36
36
33
32
40
31
29
27
28
31
24
25
21
29
29
23
23
21
24
25
28
28
28
27
34
22
25
24
23
27
24
29
29
29
30
30
28
34
28
28
24
23
27
31
27
29
30
27
31
47
29
26
28
27
31
20
22
24
27
28
37
27
30
27
34
30
29
29
26
37
23
30
22
23
22
21
26
25
25
24
27
28
34
35
31
14
23
25
27
28
26
28
33
31
38
25
33
32
34
40
34
30
31
33
32
34
37
36
38
41
33
35
33
32
30
43
27
35
26
27
23
23
29
22
27
25
24
26
36
26
24
32
27
40
37
27
32
29
27
29
29
32
29
36
33
31
33
31
29
35
32
27
28
27
31
32
27
33
31
26
33
36
37
27
30
32
26
31
33
26
25
26
28
29
27
28
26
32
22
20
24
20
20
25
20
15
12
12
15
11
13
10
8
8
8
18
9
10
10
26
16
28
16
18
18
20
22
21
25
23
23
27
24
35
24
22
21
21
21
27
23
21
20
18
17
20
20
22
29
19
21
21
22
22
23
24
23
23
24
25
20
20
23
19
20
22
17
19
23
26
27
37
28
26
31
37
37
31
39
30
31
35
34
28
27
27
27
31
24
25
22
22
32
22
20
19
17
18
18
17
16
19
19
21
23
23
33
22
20
23
20
20
15
16
15
20
16
18
16
22
26
18
20
22
20
28
20
20
21
21
27
23
20
22
21
23
27
22
22
20
25
27
33
25
29
25
27
40
32
29
28
28
32
33
44
26
28
33
24
24
23
24
25
23
38
28
21
23
21
22
19
19
20
18
18
18
17
16
18
20
22
21
22
21
19
20
19
24
25
23
22
25
19
25
21
21
24
29
35
30
31
26
27
28
28
33
29
29
29
31
33
33
25
30
19
27
31
29
28
28
31
31
37
38
30
31
32
30
35
38
34
36
30
39
38
45
38
39
38
50
36
35
33
32
39
34
28
26
26
25
31
27
25
24
20
25
20
18
21
20
20
27
20
23
22
28
39
27
25
27
29
29
29
32
29
35
32
38
37
34
33
35
39
35
31
27
32
29
35
26
25
26
24
37
26
27
26
27
29
27
25
26
40
27
31
28
20
21
20
21
19
18
16
17
12
12
20
12
15
15
13
11
14
13
14
12
23
9
8
6
9
14
13
10
11
19
19
19
27
18
18
19
21
22
24
21
20
28
18
21
19
34
22
17
20
19
18
18
19
18
20
18
25
18
18
19
20
22
19
18
21
21
20
19
21
22
24
24
20
20
21
20
20
23
21
23
23
19
23
26
33
21
22
22
21
19
21
20
22
26
24
25
25
24
28
25
27
23
24
26
26
28
26
20
27
29
31
29
31
26
26
33
35
28
29
32
31
33
45
44
30
28
28
25
28
26
25
24
26
31
28
30
37
32
30
28
29
27
25
25
21
20
23
23
24
24
23
26
31
37
26
40
28
29
32
31
30
32
28
28
28
29
31
28
32
30
30
29
28
28
30
29
27
34
26
25
27
26
21
22
22
24
20
21
23
25
20
20
24
26
16
14
20
24
15
22
27
18
18
23
19
22
21
20
23
20
20
26
25
21
21
21
23
24
21
26
33
24
25
32
25
26
25
28
24
25
24
26
29
29
31
24
22
29
23
27
27
22
23
24
25
40
21
26
20
20
19
26
21
19
24
19
20
31
20
27
25
20
21
22
22
21
20
22
26
24
24
21
20
20
23
20
19
23
22
25
24
23
23
21
29
22
25
21
24
28
28
22
25
23
31
38
30
26
23
29
23
26
25
25
29
39
26
27
30
29
28
32
30
27
25
25
27
25
24
22
21
25
18
18
20
23
25
27
27
27
32
30
25
25
24
28
33
29
27
27
29
33
29
32
38
32
34
37
44
41
40
37
38
43
36
39
39
45
35
35
32
32
30
33
28
30
31
27
30
25
25
28
26
36
28
27
38
28
31
31
33
32
32
33
32
37
40
64
48
44
46
43
40
38
44
40
40
42
35
33
36
33
38
36
31
30
37
31
36
29
27
28
30
31
28
26
25
24
24
25
29
28
32
26
26
28
29
30
30
30
31
30
30
36
29
25
28
28
29
30
34
39
33
32
36
36
41
41
35
35
38
35
37
39
40
36
45
37
42
39
35
34
36
33
38
32
31
30
31
26
24
25
24
23
23
20
21
24
19
22
21
30
23
22
24
23
24
23
30
26
25
27
31
31
29
27
23
24
26
25
27
28
25
29
25
26
24
24
20
26
22
20
24
20
25
29
26
28
25
30
27
27
27
29
27
27
26
25
30
28
27
36
27
27
28
26
26
28
26
36
29
27
29
29
25
26
24
25
30
19
20
19
21
28
23
24
22
26
27
28
27
27
30
23
24
24
25
26
27
28
38
28
29
29
39
31
31
29
31
28
26
27
25
27
26
24
25
28
25
28
27
30
23
27
26
25
24
31
26
22
22
20
21
19
21
23
22
27
30
31
28
29
35
18
34
27
25
31
24
24
30
29
29
36
36
34
32
40
38
31
31
37
34
28
29
27
39
32
29
29
30
29
40
33
31
31
33
31
32
31
36
28
30
38
31
30
29
29
23
26
27
25
30
26
25
27
27
26
23
29
28
29
25
25
26
21
22
22
21
22
37
20
20
20
20
21
21
21
18
19
23
19
18
19
20
25
21
22
22
22
26
26
24
28
28
23
24
32
23
22
18
17
15
17
17
16
14
14
16
16
17
17
17
18
19
17
17
18
19
19
22
18
20
21
20
17
21
19
19
21
28
19
22
20
24
23
23
38
24
27
27
25
24
21
24
30
32
23
22
24
25
23
23
22
24
26
31
34
26
26
28
28
26
27
26
32
28
23
31
26
29
30
40
31
33
27
27
30
28
32
24
25
27
23
22
33
24
21
26
23
24
29
26
27
32
27
30
27
24
24
26
24
26
26
25
24
29
27
30
27
30
29
27
26
30
25
26
25
26
37
27
26
26
26
28
43
29
38
28
26
27
25
22
22
20
20
22
18
20
19
18
19
28
20
19
22
19
23
21
29
21
20
21
20
19
20
25
21
25
21
23
23
32
27
32
23
22
22
28
23
25
23
24
24
20
21
19
23
20
25
20
22
19
21
23
23
20
19
18
19
17
17
16
12
14
15
25
17
20
19
21
24
31
21
24
23
24
22
27
31
21
23
19
24
17
18
17
24
17
15
18
14
13
20
13
19
21
19
19
19
23
21
24
40
25
24
26
27
26
24
25
26
25
37
26
25
26
27
30
27
23
22
23
20
23
20
20
19
17
19
25
24
25
26
30
38
33
33
35
32
26
31
27
27
26
22
22
21
23
18
21
22
23
20
22
24
18
19
24
18
18
29
25
21
21
21
