38
24
20
17
20
18
15
18
19
23
18
14
27
18
24
21
30
20
22
18
18
18
18
17
17
17
18
19
18
19
17
17
17
17
17
17
17
18
18
17
17
17
17
17
17
17
17
17
14
17
21
17
17
17
17
17
19
36
17
18
21
30
18
21
18
32
17
19
19
18
24
19
18
18
19
25
17
19
19
15
25
18
19
18
23
23
24
15
15
15
23
15
16
19
11
31
17
19
16
21
20
24
17
18
20
24
19
18
20
22
18
21
20
24
17
17
16
22
15
18
17
20
14
16
16
18
13
15
14
15
13
15
16
17
12
13
15
13
14
16
19
21
24
30
11
14
13
12
14
10
13
11
17
11
12
10
15
11
11
10
12
10
13
10
11
10
11
10
13
14
9
21
10
35
12
10
14
24
27
21
14
47
17
34
54
14
14
14
18
12
31
48
49
26
19
31
36
25
27
22
36
34
39
35
37
33
24
23
30
23
17
20
24
18
25
21
18
22
31
28
31
22
30
29
29
27
23
31
32
39
38
36
36
36
34
30
25
37
41
40
40
47
45
38
41
32
43
42
43
43
43
43
47
46
43
43
33
27
51
37
28
37
26
46
35
36
55
33
39
31
30
31
37
36
43
26
44
41
34
39
31
37
34
39
23
30
44
47
41
39
33
29
33
26
34
28
20
23
37
24
25
27
33
27
26
24
23
30
30
23
29
37
32
33
27
32
26
33
30
40
39
35
26
32
38
31
37
36
24
31
28
33
29
26
33
31
35
30
34
27
34
24
40
23
42
29
27
23
24
30
20
19
24
30
29
31
28
31
37
28
37
42
39
32
48
45
42
29
36
39
35
43
37
60
37
39
40
34
38
36
35
35
30
34
36
30
42
45
43
36
34
31
34
26
36
29
25
36
38
34
40
26
25
35
33
21
31
30
26
35
40
26
24
26
23
27
29
24
26
24
27
22
38
32
27
24
35
32
26
31
27
25
32
43
35
30
38
36
25
27
33
40
33
30
33
29
37
33
37
34
34
34
26
35
25
35
26
22
22
34
20
19
20
24
29
28
20
26
24
20
25
28
21
21
31
22
27
33
40
29
18
28
21
22
19
31
28
26
25
32
20
22
18
16
22
22
20
24
18
20
28
22
23
21
22
21
24
27
25
25
25
26
30
41
24
29
33
26
25
39
30
27
35
39
24
28
40
37
34
29
32
29
38
39
48
39
34
33
40
39
27
24
22
26
37
28
34
38
39
38
40
43
33
37
26
47
34
39
41
29
31
24
24
22
24
20
24
31
33
40
28
34
37
34
23
36
28
30
35
31
39
34
36
32
30
33
30
31
32
36
25
27
23
26
24
24
29
24
37
27
27
33
35
30
28
29
30
27
26
35
31
27
28
31
28
36
32
25
29
33
37
41
29
29
36
45
26
30
24
26
34
23
27
31
25
24
33
30
28
26
21
19
32
22
18
26
30
31
29
34
26
21
23
37
41
26
33
37
28
36
35
28
36
56
33
20
31
24
27
31
32
25
33
18
28
26
24
26
20
27
19
29
29
22
28
28
29
23
24
20
21
18
17
34
21
21
28
29
22
24
23
24
25
28
41
21
20
24
33
22
24
23
23
31
33
46
41
32
27
59
44
51
36
37
33
53
61
53
55
45
24
20
21
24
31
31
25
30
27
29
24
26
23
20
20
27
22
21
26
22
24
22
18
18
30
22
25
23
23
19
30
20
21
16
20
29
23
21
22
14
20
20
17
17
18
31
17
19
22
23
24
21
19
18
30
23
14
15
14
23
17
18
27
16
32
22
30
20
23
23
22
26
30
24
28
27
38
33
26
21
29
22
30
28
29
27
30
27
23
23
31
25
35
24
25
31
37
36
37
37
25
36
36
35
32
34
32
34
32
34
33
29
31
27
30
34
21
29
24
24
26
23
33
20
14
20
26
18
27
20
32
21
34
28
37
28
28
31
37
29
36
37
38
29
32
31
22
33
35
34
29
24
28
25
34
29
29
31
25
27
37
20
24
35
28
24
29
34
29
35
28
31
27
43
29
29
27
25
36
27
27
26
27
32
29
32
32
35
43
48
43
40
43
43
34
38
39
38
46
36
40
39
36
46
29
30
39
42
26
30
31
46
42
36
35
39
41
41
40
46
43
43
40
49
44
42
45
40
39
33
40
47
43
27
35
48
33
26
30
41
33
39
43
40
37
41
45
46
50
46
43
48
47
43
45
41
44
46
37
29
35
30
45
37
45
32
46
50
47
48
36
41
31
45
29
46
47
47
48
44
45
27
42
41
27
34
39
44
33
43
33
31
31
29
35
33
35
31
35
42
28
36
33
52
28
34
42
51
39
43
30
28
30
45
35
29
43
30
36
31
36
29
29
46
46
38
45
45
46
46
39
46
52
59
46
42
48
48
50
40
44
47
42
39
42
48
48
52
49
39
49
39
42
44
48
47
41
51
28
26
31
40
35
36
40
30
40
36
43
51
37
36
39
42
31
38
37
32
33
34
33
46
33
35
32
26
30
30
33
33
36
43
38
25
33
27
34
32
20
15
14
15
20
24
22
21
24
26
33
29
34
25
24
32
31
29
24
32
25
32
27
34
33
26
32
33
31
31
28
26
31
29
28
27
26
27
37
28
24
30
31
31
32
29
32
38
49
43
33
39
32
31
26
28
29
29
44
36
48
48
41
48
46
45
47
37
37
33
48
43
46
47
43
49
45
37
38
46
53
48
51
53
46
40
39
44
49
40
42
50
45
51
50
42
46
49
36
42
50
46
48
48
42
47
50
52
59
47
47
48
47
49
49
39
46
46
45
49
41
35
48
40
49
34
31
36
51
44
48
41
42
46
29
30
47
40
47
56
50
48
38
47
42
48
54
38
42
47
48
48
48
42
46
42
44
33
48
46
37
45
38
46
38
46
41
40
45
43
35
38
47
48
46
30
28
27
28
31
39
28
43
44
27
49
36
26
26
30
31
23
32
28
31
29
29
29
23
31
31
27
27
26
35
28
39
37
36
37
31
32
24
36
32
30
31
29
32
44
32
29
36
38
35
30
39
27
44
32
48
50
51
51
47
32
45
37
45
31
32
48
46
45
38
38
43
37
40
49
40
41
38
42
32
46
45
31
32
26
27
29
41
26
46
48
43
23
35
23
26
25
34
35
33
40
31
29
36
31
22
35
38
31
44
31
29
46
42
51
46
43
45
48
46
37
37
34
20
19
22
30
29
25
30
33
38
41
36
45
38
41
38
32
40
31
46
44
21
30
30
44
27
38
43
40
31
17
60
39
25
44
45
39
35
43
47
34
37
29
40
34
28
47
36
48
40
39
46
29
44
45
45
47
47
47
47
39
30
46
51
31
45
34
44
37
48
46
36
39
41
28
38
32
24
26
37
43
37
50
35
31
47
47
33
36
50
47
45
46
44
48
42
42
37
33
32
41
40
34
37
46
34
43
39
25
39
32
34
19
25
32
34
36
36
30
37
34
31
38
39
32
41
39
37
32
34
37
32
37
26
32
36
32
30
41
33
40
38
43
43
31
31
37
32
35
35
44
38
36
49
31
50
50
50
49
55
53
44
49
47
36
40
68
51
31
43
36
47
38
35
49
43
42
41
43
44
45
49
46
30
38
37
35
62
51
37
44
52
44
43
49
46
47
44
33
34
39
32
39
32
33
40
33
43
48
42
39
40
42
39
44
41
36
38
46
34
42
27
34
32
37
29
30
32
38
31
35
24
26
29
38
23
23
31
27
25
31
20
26
23
18
23
26
23
21
30
24
24
29
23
28
22
24
31
25
23
22
34
23
26
23
23
20
24
45
23
28
20
39
34
37
25
29
33
35
40
28
45
36
27
47
48
33
43
30
76
52
37
23
35
34
31
38
35
36
41
38
35
36
29
35
38
35
39
22
24
25
34
43
24
23
31
38
36
34
35
36
27
61
61
40
45
32
25
33
50
43
41
35
34
37
34
33
38
29
35
38
45
32
40
40
38
38
21
49
38
31
42
34
32
24
29
34
36
26
26
42
25
41
37
26
34
27
26
27
36
28
35
30
33
30
49
42
38
32
38
32
28
43
39
26
43
49
49
39
37
43
42
43
39
40
31
48
48
47
42
40
36
25
24
31
40
38
31
42
23
32
40
35
29
28
31
38
24
37
37
37
21
34
20
20
17
31
28
34
34
34
21
33
38
30
38
26
26
34
37
38
45
27
37
38
40
34
29
33
30
22
17
30
30
28
19
22
25
27
35
29
25
28
39
35
29
29
32
26
32
32
28
28
31
32
30
32
25
36
21
28
25
26
24
20
24
22
41
40
26
32
25
31
25
34
27
29
26
32
29
24
28
23
25
30
35
30
28
30
30
27
31
31
28
35
26
38
26
28
36
36
27
28
32
39
29
38
28
33
27
35
34
38
36
34
29
36
35
31
37
27
38
40
44
43
47
42
38
45
35
47
44
32
43
46
45
44
47
39
51
28
39
37
50
41
41
32
25
37
34
35
39
29
30
23
33
30
35
26
24
20
33
28
21
28
25
23
37
37
31
32
32
27
32
31
46
29
32
33
30
36
30
28
30
32
34
27
49
25
28
32
27
27
27
28
31
29
38
43
39
28
33
36
40
38
42
45
42
41
41
34
40
41
35
39
33
45
34
38
33
41
45
31
38
30
38
39
30
46
36
44
43
34
38
29
35
33
30
42
32
41
41
26
35
44
36
47
46
41
46
31
36
39
37
38
37
54
53
49
46
48
33
25
34
46
47
37
33
45
45
48
41
38
28
37
37
27
48
47
44
46
38
51
46
46
40
