73
81
53
57
57
53
63
54
57
53
58
59
60
57
57
50
75
56
59
70
48
50
60
82
48
69
50
59
55
54
51
51
47
51
55
49
81
57
51
58
52
51
47
47
47
47
48
48
82
50
55
58
64
47
48
48
49
48
48
82
58
54
51
50
52
47
49
60
51
47
85
50
57
52
59
53
52
52
66
55
51
64
53
77
59
64
58
54
52
58
107
57
62
53
57
56
56
56
58
56
54
54
66
58
74
67
59
76
75
59
57
56
56
54
54
52
67
57
61
53
52
50
50
51
53
58
63
62
54
65
62
53
45
54
47
46
48
46
80
50
57
54
48
81
50
47
46
47
50
45
64
48
56
45
87
44
43
77
45
44
85
65
48
56
51
44
42
77
40
39
51
38
73
36
40
56
36
37
37
34
66
30
31
58
42
33
34
37
78
32
40
31
46
33
66
42
36
47
32
33
41
58
30
33
35
30
53
31
40
38
65
31
31
32
29
47
30
45
47
34
45
30
30
44
33
35
71
33
60
46
52
47
41
36
36
37
63
37
37
36
40
47
40
40
35
35
34
38
36
36
36
44
61
47
42
40
42
44
44
44
48
53
42
167
75
62
51
52
48
58
45
37
35
49
125
75
63
46
58
49
39
42
36
38
35
34
77
43
47
47
41
36
38
38
40
39
42
71
45
46
40
36
35
36
34
38
37
37
62
45
40
37
37
41
37
35
38
42
37
36
42
57
35
33
70
41
41
40
71
38
72
45
60
38
33
45
37
33
34
33
38
63
46
57
50
40
38
36
37
40
36
39
40
68
38
46
38
43
38
41
41
44
45
70
47
48
42
40
40
42
43
44
47
44
47
63
61
68
54
59
45
42
42
42
41
47
41
62
42
47
42
40
39
39
39
40
43
56
50
56
40
54
62
47
43
165
75
81
60
85
42
58
44
42
42
42
35
36
36
36
163
68
43
43
41
165
59
41
47
39
37
185
75
61
44
65
48
44
53
40
42
40
45
86
56
46
51
50
40
39
43
83
44
41
38
44
79
66
93
43
86
48
48
45
43
51
54
44
41
38
53
52
45
47
39
32
33
59
44
45
40
48
39
40
57
32
39
33
45
43
37
37
36
35
38
32
34
32
39
36
66
35
39
33
32
35
36
40
41
36
40
55
49
42
45
46
40
37
37
65
56
47
39
46
68
51
51
46
41
41
57
54
79
41
38
53
49
48
50
45
36
36
47
68
43
68
41
47
50
45
43
52
48
40
45
38
36
64
38
47
36
40
37
36
36
40
35
38
61
38
38
38
34
165
65
57
57
62
56
66
51
47
41
44
37
34
36
37
37
34
34
39
35
37
32
34
33
34
64
36
33
31
70
42
41
37
35
38
34
34
37
34
38
50
51
54
47
42
39
36
36
37
48
38
40
72
51
49
39
37
42
40
40
37
37
37
46
38
52
35
68
41
36
36
35
32
30
59
41
34
39
167
98
34
37
31
35
46
35
58
43
39
31
33
32
33
32
35
34
56
34
46
35
39
30
32
30
31
32
36
31
58
42
32
40
34
36
32
121
75
69
48
63
44
45
45
44
35
34
36
45
42
39
171
70
52
79
65
43
52
46
42
45
37
44
48
45
38
34
36
33
36
34
33
34
33
49
45
43
41
38
81
51
37
42
35
34
35
54
38
40
50
42
33
35
39
33
34
54
48
40
40
32
31
37
35
35
35
38
34
65
43
41
46
34
29
30
56
31
23
44
24
37
36
36
29
30
28
28
28
30
36
47
37
33
36
27
29
36
34
30
29
29
53
43
39
39
99
38
37
26
31
57
33
36
31
60
35
40
34
34
33
33
32
36
79
48
55
37
48
46
36
34
34
74
39
34
60
40
43
47
37
38
37
39
34
37
36
37
40
71
36
37
36
35
33
32
34
35
36
34
42
29
42
37
35
30
32
29
32
29
35
64
42
37
35
36
116
30
36
32
31
32
45
44
35
64
43
135
95
71
55
56
48
46
163
91
58
40
47
38
49
35
37
36
38
59
41
41
51
42
37
34
35
35
54
49
37
69
40
59
36
38
40
38
33
34
38
33
43
39
46
157
48
49
43
39
40
39
40
66
43
63
52
44
38
43
39
44
41
37
34
73
48
49
42
39
36
40
61
39
51
39
72
46
49
44
44
47
166
63
87
77
66
47
64
67
56
52
53
53
50
46
52
49
45
82
56
56
56
49
50
55
49
49
46
52
62
64
49
51
56
49
43
51
48
51
71
48
54
57
63
44
63
45
46
52
49
55
73
54
53
49
49
56
58
57
50
53
52
51
51
56
49
43
43
44
45
39
41
42
56
41
49
37
41
40
39
37
41
38
46
43
65
57
41
40
41
149
54
52
44
40
48
44
48
44
39
40
36
35
41
44
36
61
79
44
57
49
52
39
40
36
107
69
51
39
43
36
37
87
51
148
46
53
50
44
171
57
45
40
40
37
33
30
33
36
32
29
50
36
36
30
33
31
27
40
34
34
80
45
146
57
47
35
32
32
33
33
33
33
54
41
40
47
37
139
91
58
48
39
34
50
58
51
43
45
49
35
37
39
35
51
37
49
42
33
37
63
37
35
158
57
58
39
82
102
69
43
37
44
32
35
34
38
37
62
46
36
36
40
34
64
52
41
38
37
49
41
49
44
41
35
115
58
64
58
53
165
88
42
39
53
149
59
58
58
56
40
43
49
41
37
36
40
41
45
40
37
38
54
46
44
40
42
48
44
45
33
39
45
41
73
49
61
40
45
36
145
61
53
45
36
34
79
68
65
54
49
35
33
47
86
48
51
63
53
46
47
43
36
34
90
61
85
70
54
54
58
69
51
51
48
49
41
42
147
51
44
44
41
37
43
170
54
48
47
49
147
76
79
81
62
50
40
52
38
44
37
39
41
43
42
49
40
41
38
42
38
45
41
42
50
45
49
47
44
38
41
47
40
39
36
52
50
45
36
40
35
40
45
40
41
39
42
64
49
60
56
51
37
36
45
41
42
47
49
71
68
58
81
57
43
57
46
52
44
42
51
55
47
51
45
43
40
44
59
46
44
79
46
45
47
47
179
67
62
60
61
53
65
54
53
47
50
48
41
47
43
55
47
56
51
45
54
53
40
47
40
44
40
41
69
47
52
51
49
42
48
39
36
40
38
38
53
67
46
53
49
43
44
47
163
67
70
61
73
71
47
39
49
44
42
49
48
76
50
47
50
45
42
45
41
160
132
52
47
51
143
58
58
45
58
49
59
49
46
33
37
53
38
46
56
44
39
39
58
40
45
37
35
40
42
51
35
40
44
44
156
52
51
68
111
48
41
41
39
40
40
49
36
37
36
58
40
44
46
49
49
39
77
45
43
44
169
44
55
47
56
45
170
69
57
37
42
39
48
44
46
45
50
43
36
36
36
59
45
73
57
43
47
38
39
41
38
36
35
47
40
53
45
44
41
37
36
35
37
36
43
39
39
47
39
46
51
39
34
36
38
43
38
69
53
51
42
42
40
54
46
40
44
40
37
42
44
47
41
45
48
42
43
75
55
42
53
47
58
53
49
49
40
49
40
45
42
66
62
47
48
57
47
53
44
48
48
45
78
54
54
51
56
43
53
43
43
39
41
42
42
37
45
65
42
44
43
40
55
45
42
51
46
48
39
41
45
39
35
37
39
40
53
44
44
42
38
35
35
34
41
42
42
38
40
34
43
33
33
38
37
39
33
65
38
56
43
45
50
45
40
35
61
39
46
38
56
34
41
46
36
38
36
33
39
42
37
33
71
54
60
46
47
44
41
143
55
58
57
118
51
50
34
37
30
33
115
62
58
38
118
49
44
43
39
39
48
43
43
34
35
65
63
48
61
44
45
36
37
41
159
63
65
152
58
71
48
59
49
59
44
41
141
38
43
41
47
40
36
36
58
36
33
37
61
38
37
38
36
40
33
49
35
35
36
48
47
44
46
51
46
39
203
97
61
63
48
150
104
55
55
46
47
45
43
57
49
46
39
51
43
49
44
43
41
42
47
39
78
45
64
51
45
48
52
44
47
45
45
41
41
75
50
49
52
55
45
41
45
44
47
47
45
59
51
57
51
46
48
41
48
44
42
71
48
51
48
56
46
51
44
42
46
46
48
67
49
54
47
60
53
57
49
47
75
45
90
46
38
50
42
39
37
37
36
72
40
84
55
56
40
44
191
63
74
61
62
69
75
45
40
50
41
43
40
36
38
40
36
46
51
41
40
41
35
36
38
35
34
37
74
48
42
38
35
38
35
34
35
43
41
38
61
45
53
46
42
51
44
40
41
56
33
55
40
40
43
37
30
28
30
37
36
83
48
44
49
53
41
37
47
39
40
39
36
62
41
56
47
43
38
39
36
38
37
40
69
50
52
39
44
32
35
34
32
36
38
31
65
34
43
50
37
41
40
40
44
40
41
59
47
42
52
47
42
41
40
43
83
46
45
48
53
45
59
48
46
47
50
50
43
54
46
54
47
51
45
38
41
41
39
42
39
87
56
50
48
46
42
49
45
43
40
40
51
38
36
47
36
33
42
40
36
43
41
65
42
57
67
39
44
33
35
35
41
36
103
37
41
39
50
33
34
42
36
32
74
38
65
45
79
50
44
45
37
39
40
40
39
46
35
44
42
38
36
39
45
37
33
33
36
62
42
48
60
42
42
36
47
34
35
36
52
52
49
37
44
36
40
37
37
39
37
37
57
51
35
64
49
63
43
40
39
40
41
65
41
50
54
52
38
38
38
40
41
43
39
46
49
48
52
156
53
52
50
42
50
69
48
54
54
61
49
60
51
48
43
45
52
65
58
63
57
69
48
67
54
48
49
47
46
51
49
44
42
51
49
49
46
43
45
45
46
52
54
60
71
54
46
47
53
50
49
62
47
79
52
70
57
48
47
50
46
46
73
52
61
58
58
50
40
38
43
44
40
45
42
53
56
41
40
44
42
45
43
48
44
79
44
49
48
58
46
43
44
48
41
48
73
46
50
42
41
44
43
50
46
46
41
48
53
53
49
40
44
40
46
46
52
65
45
50
45
45
55
53
53
38
36
39
38
68
46
43
42
40
36
39
38
38
42
38
38
52
37
41
37
42
59
41
40
39
38
35
34
44
38
41
130
55
60
44
41
45
42
34
44
35
31
35
32
31
29
29
25
26
27
51
27
35
33
34
124
83
70
43
43
51
41
50
62
45
35
42
32
31
32
34
32
40
37
32
33
57
26
29
39
25
30
53
98
53
59
40
54
50
41
38
39
44
35
37
47
34
41
32
32
42
39
34
32
33
58
57
44
36
37
37
34
30
30
32
30
60
65
36
36
43
48
40
34
31
31
30
29
59
50
43
36
45
35
28
28
27
40
28
28
29
27
56
32
30
44
31
33
30
31
63
57
33
36
49
34
37
29
67
28
32
40
63
63
40
33
42
42
42
32
33
31
60
39
42
35
39
34
30
45
32
33
34
39
41
35
63
36
36
35
40
74
36
39
36
33
43
48
43
44
56
36
34
35
63
38
62
37
71
42
41
49
38
132
59
72
50
46
47
77
50
36
43
43
36
36
35
72
35
32
47
39
51
40
62
36
32
133
124
54
71
59
66
40
44
61
41
41
39
39
42
39
40
67
48
60
43
40
47
45
45
38
39
42
40
46
50
51
47
147
59
60
57
67
50
43
41
49
42
49
39
37
37
37
59
45
44
39
45
42
48
38
42
40
38
38
40
41
38
44
43
39
38
63
39
39
37
36
35
53
41
49
42
39
41
38
39
37
38
43
36
37
43
46
40
39
40
37
35
39
37
38
74
44
39
59
47
48
36
33
33
38
37
35
63
41
43
59
38
35
34
32
70
40
36
70
41
39
55
35
35
35
32
36
39
41
71
40
46
34
35
39
34
34
33
32
32
37
49
35
42
32
33
34
35
33
33
34
34
66
41
35
32
46
35
135
49
43
34
32
32
59
39
36
34
36
32
33
35
73
36
36
69
41
57
48
40
33
39
33
33
31
32
48
44
36
40
34
31
35
32
31
31
70
34
59
34
32
31
31
71
36
33
66
38
33
43
46
39
35
38
34
73
52
45
48
33
32
38
37
36
33
34
31
31
35
33
54
47
71
38
45
50
42
38
43
39
37
34
48
48
37
59
41
39
41
36
37
45
36
34
55
42
40
46
41
36
34
35
60
38
34
38
74
36
46
57
38
34
37
35
34
35
31
32
57
44
30
32
63
34
33
35
32
76
37
38
42
49
32
30
29
29
31
27
28
26
28
37
27
30
33
32
34
73
34
34
40
78
32
38
38
37
36
31
33
32
69
32
32
41
39
41
37
30
29
33
29
66
35
33
52
36
34
36
41
35
33
35
32
32
44
42
36
37
35
41
34
37
37
33
37
78
68
38
53
58
38
32
32
38
34
29
64
43
37
48
40
40
36
35
32
34
35
40
41
50
51
39
36
34
34
46
36
36
36
41
35
39
59
34
38
36
33
32
38
39
37
52
38
66
46
35
41
36
34
42
34
37
39
67
39
47
36
42
39
38
34
34
36
33
36
36
36
36
36
34
33
31
33
34
34
39
45
41
36
49
39
42
37
33
33
37
43
47
48
51
40
38
42
45
40
39
41
40
40
47
58
47
56
49
46
47
47
67
46
42
65
46
56
46
43
44
43
41
41
42
40
54
47
51
56
43
44
43
75
50
91
51
51
63
49
65
54
47
49
59
56
49
52
46
67
53
57
52
49
44
49
50
48
71
54
70
48
64
48
71
52
52
65
57
47
66
80
53
53
62
60
52
52
46
51
74
68
59
56
47
57
53
45
45
48
44
44
52
39
47
40
45
36
37
36
45
45
37
37
47
57
47
44
45
40
38
46
37
37
56
47
50
42
60
46
36
34
40
56
42
40
48
42
49
40
36
43
42
36
36
40
42
44
58
44
63
58
44
37
39
37
33
38
48
43
39
54
50
39
38
41
38
56
53
37
51
40
48
48
45
46
48
37
35
42
39
73
44
45
36
37
39
41
41
41
35
46
68
38
47
67
37
45
44
39
36
72
46
81
52
53
46
45
50
44
40
46
41
80
50
49
49
54
71
59
43
42
54
62
52
64
52
70
55
73
53
49
47
54
52
48
50
42
47
36
42
38
38
47
37
35
36
45
37
43
43
37
41
57
44
38
55
39
39
44
42
46
56
54
45
38
39
41
40
39
57
37
39
51
43
41
46
40
45
53
48
41
56
48
44
44
37
43
39
38
44
38
36
47
40
52
48
38
55
39
34
51
39
51
47
36
40
58
54
43
35
41
37
37
39
36
41
43
48
40
38
39
39
39
39
44
38
41
53
46
47
48
45
48
47
49
41
49
43
59
51
44
47
43
47
54
56
59
45
47
39
46
56
42
37
35
32
31
35
85
41
59
36
48
45
34
37
35
34
38
36
37
34
47
46
41
40
37
40
40
34
92
52
50
39
38
40
39
37
39
41
44
36
37
37
55
47
42
50
41
34
42
47
43
36
36
52
68
74
60
70
74
59
62
59
64
52
51
97
64
44
46
67
47
48
56
40
36
39
64
41
45
44
53
40
40
34
35
34
48
36
44
44
37
40
34
37
34
34
37
41
37
49
43
45
41
39
46
45
38
36
41
50
52
45
54
47
55
40
40
43
43
39
41
46
46
62
40
39
39
43
43
42
49
39
41
68
52
58
55
70
54
43
41
53
50
51
55
49
41
39
48
51
42
43
41
68
70
43
63
60
57
46
41
41
36
37
34
51
40
47
57
41
38
38
44
35
38
43
33
53
42
42
59
37
36
42
52
45
41
42
44
39
63
52
42
37
43
42
40
47
49
42
59
44
49
39
38
44
43
36
36
37
38
49
46
40
51
44
45
34
51
36
35
35
43
35
51
39
35
36
36
36
36
39
41
40
56
49
51
41
39
99
86
92
42
57
53
38
59
68
50
40
48
45
41
39
39
48
46
40
57
54
53
40
46
55
42
37
40
40
98
43
42
41
36
46
45
38
37
43
44
43
42
50
55
51
44
42
38
48
48
48
40
40
62
48
43
39
52
42
47
44
47
47
76
49
54
42
43
48
44
43
43
47
52
43
50
51
41
44
52
45
41
41
41
47
50
58
52
52
45
54
47
46
43
41
50
43
46
47
49
42
39
40
110
77
63
65
54
94
64
57
47
56
49
134
48
40
36
70
51
43
43
41
42
38
36
36
35
37
42
38
55
44
49
35
37
32
36
37
35
42
34
44
33
41
35
41
36
40
42
33
38
41
35
55
42
58
51
120
73
95
57
48
38
66
52
46
51
62
56
43
51
47
42
43
47
49
64
55
46
45
53
51
51
53
46
46
63
48
52
40
42
41
44
43
39
41
38
38
45
52
45
45
151
56
55
46
45
38
39
45
48
44
40
37
37
37
37
45
42
37
41
50
47
41
45
38
39
38
34
32
37
34
37
56
33
34
35
39
46
37
36
36
36
59
61
53
47
53
41
37
35
33
36
36
40
40
55
34
33
34
34
41
34
45
36
45
45
42
61
54
41
36
38
35
40
45
43
66
47
64
39
49
50
44
46
40
38
73
52
42
39
67
43
42
43
40
44
53
39
47
62
49
43
46
38
53
44
54
47
48
54
40
49
42
42
44
42
47
40
36
38
44
42
49
47
42
46
44
47
43
40
46
39
49
43
47
51
54
41
38
41
38
47
42
42
48
49
50
56
53
47
39
39
37
37
35
43
41
42
42
40
73
38
40
41
37
44
44
48
41
44
40
48
41
40
39
40
38
38
52
42
53
50
45
40
40
40
43
47
79
47
46
47
63
52
51
43
37
39
40
56
49
57
47
60
52
44
54
42
41
45
41
62
63
43
50
44
47
53
43
46
52
43
42
41
59
44
56
46
43
46
45
44
57
43
51
66
53
55
51
48
50
56
53
73
53
53
55
62
54
77
58
52
52
47
46
64
60
57
45
44
41
41
39
37
38
37
67
45
49
44
50
61
38
47
38
45
43
124
62
135
44
38
62
49
59
44
39
39
106
80
67
78
83
58
65
40
35
37
99
42
36
34
63
43
44
36
36
40
34
34
41
36
42
36
39
34
35
39
35
38
36
33
31
45
32
47
37
38
149
48
44
35
37
33
36
47
40
50
36
37
34
35
35
59
37
35
34
56
38
63
43
36
35
34
34
37
33
32
40
60
41
43
35
40
31
39
32
33
32
38
49
35
42
