49
18
10
23
41
19
28
19
23
38
28
17
27
14
26
25
27
27
18
21
19
29
16
23
26
13
14
18
35
14
17
21
22
11
12
15
22
15
14
19
14
20
15
18
16
18
25
12
23
18
19
13
15
18
20
16
10
14
13
9
10
13
10
10
5
16
17
8
10
12
23
13
9
19
14
6
8
10
9
7
8
7
9
13
11
10
6
6
8
11
7
6
8
10
7
10
10
7
11
9
9
8
7
10
10
10
14
14
13
16
22
20
28
33
32
31
38
41
38
38
34
30
38
41
31
23
22
26
21
40
29
20
17
24
38
30
29
25
26
31
24
30
33
19
34
33
24
28
23
36
39
30
28
27
18
20
23
35
19
23
38
35
20
17
29
21
17
40
38
27
23
23
33
31
39
35
34
31
24
39
40
40
22
36
23
35
34
29
28
24
39
35
29
24
27
26
27
42
27
23
22
19
21
26
22
22
30
18
31
19
24
27
25
25
29
36
35
30
28
25
29
25
22
31
25
22
25
26
17
20
16
25
30
20
27
20
33
22
25
14
16
22
26
17
21
25
14
27
26
21
20
29
14
26
25
25
22
28
29
38
41
28
27
25
26
36
17
28
35
34
30
29
39
25
34
36
34
38
25
19
33
30
28
34
22
22
35
28
27
29
24
40
20
30
28
24
15
27
23
21
26
19
27
27
20
28
32
15
22
22
16
28
23
20
14
27
21
17
14
30
27
27
18
28
18
28
28
21
31
22
20
28
23
31
14
21
16
11
20
17
11
11
13
17
14
19
17
16
19
19
24
13
18
21
20
25
22
13
18
17
22
19
21
12
26
14
19
14
16
18
17
23
19
16
15
17
23
23
17
15
18
22
14
16
22
11
17
15
13
13
16
13
19
14
26
18
19
19
19
25
22
21
20
28
29
18
36
24
27
33
23
33
27
31
18
27
35
34
20
15
21
39
25
31
19
24
31
17
27
28
18
26
27
31
31
31
18
22
31
18
23
24
19
34
32
19
26
35
33
25
22
29
37
30
28
33
22
26
33
39
28
37
36
34
34
33
25
34
40
37
32
34
40
44
45
39
40
40
38
38
39
40
30
40
34
38
36
32
37
35
41
37
40
37
39
31
40
34
31
37
33
39
38
34
40
37
31
34
36
27
31
36
30
31
39
29
34
33
30
31
26
27
40
29
29
34
39
38
32
41
42
33
37
43
42
41
40
32
37
34
32
29
26
33
40
35
39
29
24
23
32
30
30
21
24
21
25
27
25
36
25
27
30
28
27
18
28
26
23
23
19
23
28
37
36
35
22
20
26
26
33
22
23
27
39
25
30
33
31
26
31
39
41
31
40
41
44
34
43
42
39
42
38
37
38
24
31
30
40
35
38
40
39
41
42
40
35
33
35
33
32
22
25
34
35
39
20
24
35
39
40
41
37
38
41
42
44
42
39
27
35
30
38
33
38
36
39
35
27
28
25
29
19
28
20
32
23
25
27
24
30
27
25
28
28
32
32
21
27
39
32
38
35
25
39
37
33
24
21
24
27
30
29
18
27
29
37
32
35
38
26
30
25
28
29
21
28
23
29
28
22
32
36
35
38
38
36
23
35
32
37
21
23
16
18
32
22
32
22
33
27
30
28
34
24
41
26
38
27
31
26
35
24
40
35
27
40
33
39
41
42
25
40
31
38
30
32
39
37
31
33
38
37
36
28
34
28
32
25
33
33
26
23
27
19
26
25
21
22
18
32
30
35
29
22
23
31
27
30
23
29
29
42
31
27
29
26
28
35
33
35
33
31
27
36
35
40
41
32
40
35
28
45
32
39
32
36
30
35
31
30
37
30
29
24
30
36
34
32
32
32
27
24
18
21
17
11
22
12
10
16
15
15
24
12
18
21
19
20
22
12
26
13
19
17
25
28
27
30
22
40
18
23
18
26
24
24
20
23
28
34
34
31
26
27
27
30
27
25
24
19
26
37
36
36
21
25
24
28
31
25
26
32
17
28
28
16
25
25
28
33
28
17
39
31
37
34
23
39
35
37
39
37
25
31
29
25
31
30
30
35
37
23
23
19
27
25
15
23
16
22
23
22
22
30
18
32
32
38
21
19
25
21
20
30
19
19
19
27
26
25
29
24
24
20
23
20
15
21
32
35
25
21
25
23
39
29
20
17
22
35
36
27
29
25
24
21
34
37
24
27
33
39
28
22
25
31
38
38
37
30
21
36
35
32
39
35
35
29
35
26
26
20
26
20
29
30
22
16
38
27
20
36
23
23
27
26
28
27
21
25
21
29
23
27
25
21
28
35
32
29
28
31
36
28
26
34
37
30
40
27
34
34
41
35
31
40
39
25
39
42
39
41
32
39
36
40
31
34
32
34
40
40
42
39
40
37
39
41
32
28
33
29
32
25
27
27
35
30
42
35
36
44
30
30
40
34
26
33
39
27
28
29
39
33
27
40
32
26
26
38
39
29
25
32
35
32
34
29
26
25
29
39
39
41
33
34
33
24
28
36
24
20
22
23
20
21
22
28
19
22
19
22
38
21
39
24
20
26
28
21
22
21
22
25
19
28
17
18
25
28
23
17
17
18
27
18
13
14
19
16
12
13
16
12
21
15
17
14
20
19
29
23
18
17
19
30
18
18
24
14
10
28
16
17
14
12
12
27
21
15
11
20
28
15
13
13
20
13
23
17
17
23
15
31
29
18
25
26
16
31
17
26
20
19
19
21
17
27
20
20
38
39
34
27
21
39
28
27
26
36
20
30
32
27
29
24
33
22
21
20
20
30
40
36
32
31
21
21
42
30
36
29
27
30
40
34
37
30
32
26
39
39
26
20
39
34
28
38
21
30
36
39
27
31
24
41
25
32
23
32
23
21
35
32
26
31
17
20
25
27
34
29
22
38
39
30
24
33
39
41
40
32
37
28
38
29
40
34
30
41
36
40
27
38
22
38
40
22
23
19
23
30
31
34
33
23
21
19
32
24
26
14
25
22
18
31
27
17
25
34
30
38
26
33
24
32
30
22
32
21
23
22
33
28
27
37
34
35
23
21
30
30
21
35
24
26
39
23
30
35
27
30
40
24
30
19
23
27
35
32
34
20
15
18
18
25
23
20
18
16
18
22
23
17
12
19
19
19
20
16
22
26
24
22
26
26
26
23
21
24
31
43
38
33
38
35
35
23
28
21
34
18
25
26
28
25
28
20
29
36
26
17
26
25
34
22
25
30
24
18
35
29
32
23
19
31
26
38
34
25
26
22
37
35
23
17
30
32
28
28
35
22
34
32
33
36
23
32
30
30
32
36
22
32
32
34
39
33
29
39
42
37
33
31
34
35
41
41
39
38
42
38
41
41
36
38
35
32
31
26
28
33
39
39
34
25
34
39
31
40
31
31
33
34
33
44
32
41
42
33
33
37
29
42
34
40
36
49
40
42
40
41
42
40
41
38
39
33
33
37
42
42
42
41
31
40
41
41
38
29
25
21
23
21
29
17
22
31
31
27
37
27
37
36
41
39
38
34
38
41
38
37
41
30
32
35
29
32
36
42
44
40
42
40
37
41
40
41
41
44
30
32
40
36
42
40
43
43
34
37
41
38
71
53
59
44
44
51
39
32
35
29
30
36
30
22
29
32
37
25
24
31
27
23
32
38
34
34
30
33
27
30
30
24
36
29
32
33
21
29
26
36
31
28
22
28
25
26
24
23
38
26
33
39
38
26
29
23
31
22
28
32
31
29
49
31
43
47
31
43
40
49
32
46
75
41
47
30
28
23
32
26
64
31
50
20
57
32
44
41
20
73
25
40
49
55
29
36
24
48
41
44
40
54
45
32
27
39
37
35
33
26
33
42
38
33
27
24
34
26
27
23
26
23
30
29
26
26
35
22
33
32
32
26
19
30
29
25
19
25
19
30
25
27
31
32
22
34
28
39
26
23
17
21
30
31
28
29
23
36
33
36
30
29
34
41
37
33
24
37
39
30
33
24
39
34
31
41
38
43
34
35
44
40
32
32
33
38
25
23
31
27
25
38
34
31
19
37
29
26
40
26
34
33
37
30
20
21
35
27
23
35
28
31
34
24
28
39
17
21
21
22
29
23
12
26
16
25
16
19
23
23
21
24
23
32
31
37
38
42
38
32
27
27
40
31
26
27
29
38
36
26
15
25
32
32
24
20
15
28
26
27
15
33
19
32
23
20
18
19
21
19
25
18
21
22
36
34
34
13
24
16
21
35
24
34
28
37
25
39
34
25
19
35
29
26
24
21
26
24
25
38
23
19
27
36
33
34
26
25
30
40
33
29
28
32
41
43
42
33
31
27
35
42
32
25
22
35
33
26
32
32
17
21
33
27
18
26
37
29
31
36
25
18
27
22
36
34
27
19
30
31
39
31
27
36
29
37
32
27
23
23
34
33
26
22
25
21
36
22
31
19
26
33
32
35
30
27
36
29
25
29
19
12
25
22
16
17
19
23
16
33
21
37
21
33
32
24
31
24
24
31
22
31
17
16
30
26
26
25
23
21
25
28
30
25
27
29
28
27
28
21
21
37
23
29
29
20
17
34
31
33
23
16
18
26
26
18
16
9
25
23
19
14
17
16
23
22
29
22
19
38
35
22
25
24
26
32
30
39
25
25
24
26
29
26
23
16
22
25
18
27
22
23
34
30
35
19
22
23
23
25
37
21
20
38
35
30
31
35
27
38
39
33
28
28
32
30
26
29
22
37
25
29
27
32
22
23
31
30
29
37
33
31
36
41
40
36
39
33
38
35
32
18
26
21
31
28
16
15
21
25
26
24
17
21
28
17
17
20
21
23
