28
35
29
24
24
23
22
19
19
27
27
24
21
23
18
21
18
20
20
19
22
18
18
20
25
22
20
19
22
18
24
19
21
25
21
18
18
24
20
21
26
19
20
43
29
40
25
40
32
22
33
45
38
46
40
47
55
37
40
36
55
46
39
53
51
46
52
49
25
36
36
27
41
38
22
28
19
26
25
45
23
38
37
21
24
23
17
22
22
22
20
46
39
30
26
28
30
30
23
32
31
22
25
25
19
23
30
17
22
27
38
22
30
31
31
29
44
39
47
43
31
42
34
30
25
39
20
39
29
21
30
38
49
52
46
42
50
47
49
49
52
43
38
43
32
46
47
38
40
41
33
47
34
37
39
25
25
22
21
25
26
28
23
28
40
25
42
42
55
59
35
43
49
47
41
44
48
56
46
38
47
48
49
36
49
36
42
33
47
40
51
35
38
41
29
21
21
25
36
19
30
31
15
14
16
14
14
13
34
36
34
19
49
28
24
19
20
35
41
45
22
26
25
28
26
18
9
19
17
9
9
6
19
16
18
21
21
30
19
31
17
47
36
26
20
20
24
10
18
17
35
14
22
15
17
11
19
15
14
24
17
15
21
15
19
30
17
33
36
32
23
24
25
31
20
24
26
26
31
22
20
22
22
18
18
23
13
20
22
28
25
19
17
22
16
25
12
20
30
18
18
40
36
34
40
39
47
26
69
43
45
77
118
69
74
77
69
95
96
92
86
135
100
77
105
110
91
108
114
107
104
90
81
53
61
41
85
17
25
42
30
31
34
29
46
36
21
45
26
28
67
49
26
23
38
24
62
31
22
22
33
37
40
28
56
90
71
30
44
39
44
40
14
48
27
34
26
21
48
25
31
23
18
12
23
12
27
18
24
28
20
20
18
18
14
24
24
23
17
23
20
27
19
23
23
31
24
32
22
49
35
42
43
35
43
33
40
31
38
24
47
30
35
34
30
41
31
38
22
39
37
31
27
44
27
27
51
40
23
42
32
27
43
25
16
14
15
28
12
20
16
15
10
29
15
27
17
22
19
20
19
36
30
28
37
45
50
43
34
48
57
38
38
33
60
51
104
37
37
40
42
36
36
41
37
48
60
57
48
51
90
72
34
42
40
29
35
13
14
21
10
17
29
24
12
21
25
26
20
19
23
19
32
19
31
32
26
21
15
25
23
20
23
17
19
21
15
15
13
21
18
32
20
20
21
19
18
19
23
21
21
25
33
25
45
42
51
39
37
43
47
47
40
46
38
47
46
43
31
37
40
27
33
38
33
35
18
24
32
18
15
8
12
17
23
9
13
18
35
12
17
15
14
12
15
16
21
19
9
15
13
13
12
13
5
20
16
5
14
12
5
5
13
6
19
15
7
12
25
33
17
22
14
7
15
13
10
12
6
4
16
8
18
13
8
16
29
8
21
18
30
21
18
24
19
28
19
17
18
19
25
17
17
17
21
18
21
10
17
22
19
16
14
8
14
8
27
31
21
23
22
23
16
20
18
36
24
27
17
21
21
20
26
23
25
24
21
21
21
16
29
13
21
25
12
19
9
10
20
23
24
19
17
17
10
18
23
22
10
19
13
16
34
17
23
17
25
20
24
19
19
16
26
18
36
42
18
21
17
17
16
21
20
18
12
12
19
27
20
12
15
6
16
19
22
19
34
21
24
26
38
32
32
35
39
38
24
28
29
15
30
34
27
28
30
27
28
16
21
26
30
35
17
30
16
16
7
21
18
14
16
16
22
14
19
27
39
38
26
32
39
34
41
33
32
40
45
29
31
26
23
35
17
35
24
25
21
36
21
42
40
34
22
14
8
15
19
19
17
12
14
16
27
23
36
26
40
32
21
18
29
25
25
13
24
18
15
21
21
14
23
17
39
30
26
25
41
36
25
37
27
35
45
44
33
47
40
46
44
42
33
32
29
25
16
11
21
11
28
11
16
14
25
31
20
20
24
26
23
32
32
20
19
19
29
28
17
19
19
16
17
12
6
8
20
9
10
15
6
13
5
16
10
22
12
17
20
21
18
30
22
34
38
41
30
34
49
40
33
24
31
37
42
40
43
29
25
37
33
42
41
33
45
35
43
44
39
44
49
38
34
33
36
32
26
19
19
21
18
12
24
21
32
14
11
8
7
10
7
