105
153
82
79
70
76
69
75
68
66
78
75
73
75
78
81
81
83
75
69
67
63
69
66
72
69
75
69
71
63
77
82
68
80
67
65
70
68
71
63
75
78
69
73
65
63
64
68
75
81
66
62
71
66
70
66
65
69
70
65
71
63
79
70
70
66
70
65
68
65
79
70
72
68
65
63
80
72
70
80
67
64
77
78
64
74
76
75
77
74
78
78
86
74
78
76
79
78
78
79
77
74
76
79
84
80
82
79
81
74
80
82
83
73
75
77
78
72
76
72
76
77
76
71
77
74
78
72
78
77
73
76
85
71
73
78
79
75
83
71
84
73
71
72
70
73
73
75
81
72
80
73
77
68
74
82
79
72
79
84
76
82
72
73
81
72
75
75
75
79
86
82
79
69
72
65
71
73
75
73
103
72
100
94
86
75
76
71
75
72
71
75
74
75
88
80
76
72
82
66
80
73
88
73
71
65
82
67
83
64
67
66
59
61
70
67
66
59
71
71
87
77
95
67
69
73
65
59
68
56
58
59
68
62
58
49
56
51
67
59
62
54
57
48
57
53
59
48
53
56
54
54
61
61
64
64
62
57
75
60
63
54
64
58
61
57
67
60
77
70
65
66
68
65
75
71
76
68
74
77
77
65
74
76
72
73
76
72
79
76
82
71
84
73
85
73
71
71
75
76
112
64
73
65
76
65
72
68
69
67
75
73
76
76
86
70
82
76
84
71
81
70
74
72
69
67
75
70
64
57
65
57
62
56
66
59
65
62
62
65
63
57
65
64
61
59
69
64
67
60
64
60
65
56
71
57
65
62
67
64
78
75
82
73
78
80
73
62
68
69
72
67
65
60
67
59
89
75
104
76
87
65
83
65
74
70
68
67
74
67
69
70
64
55
62
54
66
58
67
59
57
57
63
59
60
50
49
46
56
49
55
56
63
45
55
52
67
49
54
51
60
55
71
67
86
86
107
112
130
109
101
76
87
84
87
88
85
77
84
82
88
74
89
73
82
74
84
76
78
63
71
65
69
68
64
60
72
63
70
62
66
59
57
56
59
57
61
48
59
61
58
53
67
56
63
56
65
71
73
73
77
61
57
49
57
46
52
65
64
53
58
56
74
66
75
76
76
72
75
70
68
63
66
57
63
79
70
60
61
63
74
77
73
71
73
66
70
72
76
82
72
67
69
59
71
64
66
61
76
81
74
72
82
73
70
81
88
69
74
62
70
54
65
50
60
59
72
79
78
79
83
78
83
77
73
72
65
56
65
55
63
53
55
51
59
58
72
63
78
78
84
70
75
73
78
65
62
51
62
50
55
54
65
50
61
55
66
61
69
70
71
70
69
62
70
63
61
65
77
55
54
54
68
60
71
58
64
60
62
58
68
57
64
59
72
66
67
59
78
67
73
64
72
63
72
65
78
63
70
61
65
67
64
61
80
66
74
71
74
76
108
78
88
83
90
101
145
101
133
135
159
166
150
187
153
87
153
139
155
157
152
123
175
165
157
150
193
111
185
145
189
132
98
104
144
132
150
96
117
77
121
88
117
177
204
84
164
114
147
127
116
116
74
103
136
96
130
85
81
89
116
84
95
89
102
99
110
106
104
80
92
89
75
70
84
81
88
83
83
76
83
73
104
75
96
97
76
78
85
87
80
85
91
77
98
86
101
87
85
90
85
78
95
80
80
86
84
80
81
65
70
82
180
110
90
80
117
93
122
85
92
81
82
81
67
76
65
62
60
96
62
51
57
50
58
53
62
59
62
56
67
68
65
58
65
57
61
52
63
55
51
51
57
48
49
58
58
53
55
52
54
52
61
50
57
52
56
59
63
53
62
53
61
55
67
55
65
56
62
61
66
56
75
67
60
62
65
57
61
58
69
57
66
60
65
62
66
65
56
57
55
52
83
79
106
71
66
54
69
52
69
51
75
51
60
52
57
52
66
53
74
51
70
51
68
57
57
51
58
49
57
55
64
49
61
58
57
53
54
53
62
52
69
50
59
48
56
42
48
44
55
51
55
56
57
65
87
54
55
48
59
177
68
54
79
54
88
58
98
46
59
44
51
49
66
49
56
53
78
52
65
60
63
55
65
54
67
60
74
59
77
62
78
61
87
62
75
69
84
74
92
80
83
82
85
82
85
81
83
76
92
77
88
72
100
84
86
69
85
70
80
74
78
73
84
72
81
79
75
70
95
83
102
81
101
85
161
88
112
92
117
98
96
96
103
89
115
89
110
88
97
86
103
89
100
87
109
92
95
93
100
84
86
85
120
106
90
86
78
74
70
66
73
59
68
65
66
61
83
68
74
84
83
71
87
81
75
69
55
57
66
65
64
63
68
69
70
69
76
76
77
82
74
73
70
75
71
73
76
80
85
81
88
94
93
79
88
83
85
84
98
94
101
92
96
91
103
74
77
72
82
75
86
73
82
68
68
64
71
65
62
55
59
58
72
60
63
64
70
66
80
72
78
80
83
70
84
73
74
64
75
70
68
62
68
63
70
62
66
65
77
85
73
70
73
68
65
69
71
73
72
73
72
72
79
68
81
71
80
78
79
77
87
78
85
79
91
78
82
77
84
72
72
71
81
69
72
72
75
72
88
83
96
95
104
102
105
93
107
87
99
109
121
103
91
87
93
88
98
90
98
93
92
81
76
75
72
73
77
82
90
88
77
83
84
82
72
72
71
69
61
56
63
66
77
77
84
77
66
63
50
45
56
49
57
57
77
84
91
67
67
67
58
59
54
57
64
62
54
55
56
52
62
58
59
54
55
59
69
72
68
69
67
69
72
64
75
83
101
93
100
88
107
83
71
71
72
84
74
78
78
75
79
69
60
59
59
55
60
62
68
72
78
73
73
72
68
76
77
77
75
81
75
84
79
91
86
81
65
59
64
62
83
71
69
65
66
67
68
59
64
58
67
63
65
63
78
78
72
71
75
72
81
71
71
69
73
65
69
69
70
64
78
72
74
56
54
111
67
61
70
70
74
68
67
56
57
54
55
52
58
54
58
55
62
52
61
59
75
57
64
58
57
54
60
62
70
63
68
58
61
57
66
62
74
74
75
63
70
60
55
50
56
51
55
48
65
53
58
57
61
62
70
54
60
50
57
43
48
41
56
51
63
54
70
58
62
57
63
55
58
50
52
54
60
60
70
69
79
73
75
68
74
65
67
62
70
60
79
71
70
67
66
71
83
75
84
76
81
75
88
77
94
87
90
96
74
76
75
94
92
90
79
71
78
78
84
77
79
72
69
54
57
57
69
62
68
62
69
69
68
74
69
66
77
67
71
65
68
69
71
64
70
60
67
54
64
59
67
68
66
64
68
61
63
52
56
55
59
56
66
60
66
62
65
59
66
58
63
60
65
62
72
65
68
64
69
64
81
74
89
96
95
84
93
75
78
79
87
78
99
91
127
117
115
103
88
78
81
72
70
70
66
76
94
78
87
92
104
99
103
87
90
79
91
85
85
54
57
47
52
47
57
57
67
68
64
57
65
59
62
58
69
63
70
62
71
83
77
76
75
70
73
66
66
59
73
68
65
66
77
70
73
78
81
74
86
70
82
69
75
73
70
69
77
65
80
68
87
71
79
79
79
79
83
83
85
87
98
91
109
103
107
99
103
99
99
96
102
91
110
95
89
86
86
79
90
81
90
86
99
85
95
92
101
95
98
96
94
80
70
67
78
76
70
72
70
64
80
64
70
66
73
65
68
71
76
67
76
66
74
73
83
82
97
106
68
86
125
97
107
107
106
109
124
89
86
62
71
73
86
87
73
73
84
68
91
70
72
77
62
67
67
64
70
71
82
72
81
75
83
74
80
76
79
79
78
80
78
77
84
75
85
83
84
82
85
81
89
84
82
82
85
78
90
79
88
74
77
79
80
77
87
75
84
80
93
75
78
70
85
71
86
73
73
74
77
71
75
77
72
72
76
71
68
63
66
66
71
72
68
62
71
74
66
73
65
62
68
63
62
54
63
57
67
46
53
51
56
52
50
45
51
46
53
44
51
43
46
38
49
42
56
41
50
49
53
52
51
49
60
53
60
57
58
55
57
51
56
51
52
51
61
87
94
57
60
58
61
58
69
65
77
63
73
67
85
72
73
70
74
71
88
81
93
72
92
85
102
78
100
116
113
116
117
118
103
85
86
78
81
75
81
75
79
71
76
67
77
70
75
69
71
71
80
70
69
68
82
67
76
68
86
71
81
73
74
77
76
78
80
74
74
72
71
71
77
75
82
85
101
82
88
78
86
75
82
82
82
72
76
69
78
83
87
107
84
63
87
68
73
98
101
104
103
104
103
94
105
103
95
98
103
92
101
93
91
103
105
95
96
