1607156340.345420000 0.0103354 0.0152118 0 0 0 0.00125847 0.999999
1607156345.143085000 0.0176942 0.0268011 0 0 0 -0.0138616 0.999904
1607156345.842726000 0.0194271 0.0401325 0 0 0 -0.0226004 0.999745
1607156346.542303000 -0.0387846 0.04911 0 0 0 -0.0326415 0.999467
1607156346.742751000 -0.0648132 0.0511546 0 0 0 -0.0489331 0.998802
1607156346.842308000 -0.0752708 0.0542036 0 0 0 -0.0592407 0.998244
1607156346.941911000 -0.0839732 0.0605561 0 0 0 -0.0718105 0.997418
1607156347.041516000 -0.0924598 0.0716283 0 0 0 -0.0825954 0.996583
1607156347.142308000 -0.0986578 0.0834408 0 0 0 -0.102446 0.994739
1607156347.241936000 -0.101305 0.0973675 0 0 0 -0.119568 0.992826
1607156347.341510000 -0.101983 0.113529 0 0 0 -0.136728 0.990609
1607156347.442313000 -0.10155 0.131296 0 0 0 -0.156392 0.987695
1607156347.541929000 -0.0992385 0.150231 0 0 0 -0.175787 0.984428
1607156347.641538000 -0.094715 0.168629 0 0 0 -0.196958 0.980412
1607156347.742319000 -0.0910012 0.184541 0 0 0 -0.218111 0.975924
1607156347.843150000 -0.0876558 0.199255 0 0 0 -0.239246 0.970959
1607156347.942757000 -0.0842832 0.212034 0 0 0 -0.261852 0.965108
1607156348.043519000 -0.0791606 0.225793 0 0 0 -0.282658 0.959221
1607156348.144333000 -0.0749033 0.238768 0 0 0 -0.305256 0.95227
1607156348.243964000 -0.070701 0.252681 0 0 0 -0.325739 0.94546
1607156348.344736000 -0.0669628 0.265629 0 0 0 -0.344416 0.938817
1607156348.445541000 -0.0636289 0.276175 0 0 0 -0.360922 0.932596
1607156348.644825000 -0.0562449 0.296758 0 0 0 -0.387302 0.921953
1607156348.744346000 -0.0530291 0.307882 0 0 0 -0.39664 0.917974
1607156348.843970000 -0.0501468 0.318313 0 0 0 -0.407965 0.912998
1607156348.944742000 -0.0462409 0.327872 0 0 0 -0.420969 0.907075
1607156349.044337000 -0.0429863 0.338147 0 0 0 -0.433846 0.900987
1607156349.143968000 -0.0396111 0.347683 0 0 0 -0.448326 0.89387
1607156349.243545000 -0.0358162 0.35717 0 0 0 -0.462526 0.886606
1607156349.344360000 -0.0338566 0.365491 0 0 0 -0.473139 0.880988
1607156349.443969000 -0.0327305 0.373694 0 0 0 -0.483627 0.875274
1607156349.543550000 -0.0315663 0.380366 0 0 0 -0.492068 0.870557
1607156350.442368000 -0.121629 0.569854 0 0 0 -0.497074 0.867708
1607156351.141981000 -0.145238 0.637323 0 0 0 -0.488714 0.872444
1607156351.842817000 -0.0576995 0.45616 0 0 0 -0.489466 0.872023
1607156352.044394000 -0.0258879 0.366 0 0 0 -0.503698 0.86388
1607156352.144017000 -0.00863403 0.322142 0 0 0 -0.516117 0.856518
1607156352.244796000 0.00787344 0.283273 0 0 0 -0.527176 0.849756
1607156352.345607000 0.0246035 0.249734 0 0 0 -0.542129 0.840295
1607156352.445210000 0.0398261 0.220624 0 0 0 -0.553356 0.832945
1607156352.544803000 0.0570628 0.195944 0 0 0 -0.56969 0.82186
1607156352.644399000 0.0761084 0.17622 0 0 0 -0.585834 0.810431
1607156352.745210000 0.0964002 0.16017 0 0 0 -0.60522 0.796058
1607156352.844805000 0.117945 0.147894 0 0 0 -0.620516 0.784194
1607156352.943199000 0.138176 0.138896 0 0 0 -0.630427 0.776249
1607156353.542026000 0.207733 0.145364 0 0 0 -0.623107 0.782137
1607156353.742450000 0.216724 0.162541 0 0 0 -0.610079 0.792341
1607156353.941636000 0.223189 0.191504 0 0 0 -0.599469 0.800398
1607156354.442037000 0.197469 0.287004 0 0 0 -0.608015 0.793925
1607156354.541642000 0.186043 0.309209 0 0 0 -0.618206 0.786016
1607156354.742058000 0.161861 0.350797 0 0 0 -0.630298 0.776353
1607156354.842872000 0.152483 0.37493 0 0 0 -0.638362 0.769736
1607156355.445257000 0.129585 0.603133 0 0 0 -0.630366 0.776298
1607156355.544842000 0.127442 0.647855 0 0 0 -0.621267 0.783599
1607156355.645655000 0.125545 0.690954 0 0 0 -0.607995 0.793941
1607156355.745264000 0.123829 0.729961 0 0 0 -0.598575 0.801067
1607156355.846053000 0.120947 0.765409 0 0 0 -0.584937 0.811079
1607156355.945662000 0.117885 0.796286 0 0 0 -0.577411 0.816454
1607156356.045272000 0.114296 0.822754 0 0 0 -0.569746 0.821821
1607156356.144870000 0.108506 0.845824 0 0 0 -0.560431 0.828201
1607156356.345274000 0.0923565 0.892432 0 0 0 -0.55298 0.833195
1607156356.944103000 0.0126958 1.10626 0 0 0 -0.544754 0.838596
1607156357.043684000 -0.00419118 1.15608 0 0 0 -0.536771 0.843728
1607156357.143289000 -0.0214095 1.20705 0 0 0 -0.528213 0.849112
1607156357.242905000 -0.0385519 1.25754 0 0 0 -0.518089 0.855327
1607156357.343676000 -0.0554985 1.30603 0 0 0 -0.506376 0.862313
1607156357.443305000 -0.0715808 1.34956 0 0 0 -0.493789 0.869582
1607156357.542920000 -0.0874512 1.3872 0 0 0 -0.479519 0.877532
1607156357.642491000 -0.102348 1.41779 0 0 0 -0.464142 0.885761
1607156357.743293000 -0.117264 1.44274 0 0 0 -0.449015 0.893524
1607156357.842912000 -0.130536 1.46048 0 0 0 -0.432814 0.901483
1607156357.942495000 -0.143102 1.47267 0 0 0 -0.416703 0.909043
1607156358.043290000 -0.155887 1.48051 0 0 0 -0.401407 0.9159
1607156358.142909000 -0.169059 1.48527 0 0 0 -0.386909 0.922118
1607156358.242499000 -0.184491 1.48978 0 0 0 -0.371787 0.928318
1607156358.343295000 -0.203075 1.4947 0 0 0 -0.35735 0.93397
1607156358.442928000 -0.224323 1.50057 0 0 0 -0.34396 0.938984
1607156358.542517000 -0.248518 1.50848 0 0 0 -0.330582 0.943777
1607156358.642109000 -0.276224 1.51824 0 0 0 -0.315273 0.949001
1607156358.742942000 -0.30716 1.53011 0 0 0 -0.29974 0.954021
1607156358.842502000 -0.340052 1.54393 0 0 0 -0.281803 0.959472
1607156358.942127000 -0.374708 1.55966 0 0 0 -0.26337 0.964695
1607156359.041742000 -0.410276 1.57596 0 0 0 -0.244747 0.969587
1607156359.142515000 -0.446927 1.59236 0 0 0 -0.225053 0.974346
1607156359.242130000 -0.482645 1.60801 0 0 0 -0.204853 0.978793
1607156359.341727000 -0.517134 1.62303 0 0 0 -0.186136 0.982524
1607156359.441345000 -0.549721 1.63687 0 0 0 -0.16629 0.986077
1607156359.542141000 -0.580482 1.64944 0 0 0 -0.14383 0.989602
1607156359.641730000 -0.608089 1.65841 0 0 0 -0.124507 0.992219
1607156359.741370000 -0.63261 1.66388 0 0 0 -0.102117 0.994772
1607156359.840943000 -0.652814 1.66375 0 0 0 -0.0811101 0.996705
1607156359.941743000 -0.669478 1.65764 0 0 0 -0.0574644 0.998348
1607156360.042529000 -0.682212 1.64577 0 0 0 -0.0343887 0.999409
1607156360.142119000 -0.691412 1.63083 0 0 0 -0.0140926 0.999901
1607156360.242970000 -0.69848 1.61298 0 0 0 0.00564602 0.999984
1607156360.343739000 -0.704251 1.59197 0 0 0 0.0257107 0.999669
1607156360.444543000 -0.710346 1.57077 0 0 0 0.0464739 0.99892
1607156360.544160000 -0.7181 1.55063 0 0 0 0.0665475 0.997783
1607156360.644945000 -0.727698 1.53032 0 0 0 0.0824878 0.996592
1607156360.745736000 -0.739755 1.5105 0 0 0 0.0989403 0.995093
1607156360.845381000 -0.754936 1.49069 0 0 0 0.112659 0.993634
1607156360.944941000 -0.77325 1.4733 0 0 0 0.122103 0.992517
1607156361.044576000 -0.794567 1.45904 0 0 0 0.130875 0.991399
1607156361.244952000 -0.845202 1.44471 0 0 0 0.146552 0.989203
1607156361.444169000 -0.902472 1.44726 0 0 0 0.15549 0.987837
1607156361.943355000 -1.07143 1.46512 0 0 0 0.167705 0.985837
1607156362.242169000 -1.18271 1.4733 0 0 0 0.183992 0.982928
1607156362.442595000 -1.25686 1.47323 0 0 0 0.193465 0.981107
1607156362.742569000 -1.36858 1.45895 0 0 0 0.209329 0.977845
1607156362.941775000 -1.4434 1.43811 0 0 0 0.219205 0.975679
1607156363.142176000 -1.51918 1.40635 0 0 0 0.228036 0.973653
1607156363.443393000 -1.63124 1.34647 0 0 0 0.237221 0.971456
1607156363.845398000 -1.7861 1.25653 0 0 0 0.227313 0.973822
1607156364.145402000 -1.90965 1.1906 0 0 0 0.2182 0.975904
1607156364.445424000 -2.04315 1.13237 0 0 0 0.208534 0.978015
1607156364.644630000 -2.13725 1.09931 0 0 0 0.199152 0.979969
1607156364.944612000 -2.29169 1.0612 0 0 0 0.185502 0.982644
1607156365.343056000 -2.51445 1.02635 0 0 0 0.187444 0.982275
1607156365.543428000 -2.62744 1.01555 0 0 0 0.202231 0.979338
1607156365.843430000 -2.79569 0.99011 0 0 0 0.212231 0.97722
1607156366.243067000 -3.0119 0.915826 0 0 0 0.219111 0.9757
1607156366.642653000 -3.22837 0.83048 0 0 0 0.217625 0.976033
1607156367.042260000 -3.44913 0.75456 0 0 0 0.214752 0.976669
1607156367.441865000 -3.68351 0.686534 0 0 0 0.215556 0.976491
1607156367.843864000 -3.93603 0.613075 0 0 0 0.218713 0.975789
1607156368.145060000 -4.13354 0.548659 0 0 0 0.216684 0.976242
1607156368.446269000 -4.33628 0.479848 0 0 0 0.218259 0.975891
1607156368.745086000 -4.53894 0.412442 0 0 0 0.219917 0.975519
1607156369.045081000 -4.74764 0.354587 0 0 0 0.213634 0.976914
1607156369.343893000 -4.95861 0.29713 0 0 0 0.209583 0.977791
1607156369.643896000 -5.17189 0.230081 0 0 0 0.21055 0.977583
1607156369.943895000 -5.38452 0.169283 0 0 0 0.212815 0.977092
1607156370.242721000 -5.6013 0.111514 0 0 0 0.212113 0.977245
1607156370.542703000 -5.81831 0.0412409 0 0 0 0.213208 0.977007
1607156370.842712000 -6.03732 -0.0358486 0 0 0 0.212672 0.977124
1607156371.142740000 -6.25663 -0.0963624 0 0 0 0.203882 0.978995
1607156371.442728000 -6.47616 -0.150602 0 0 0 0.199273 0.979944
1607156371.741535000 -6.69192 -0.20767 0 0 0 0.198569 0.980087
1607156372.041541000 -6.90416 -0.259671 0 0 0 0.199103 0.979979
1607156372.341533000 -7.11402 -0.3117 0 0 0 0.192371 0.981322
1607156372.642745000 -7.32574 -0.369534 0 0 0 0.192006 0.981394
1607156372.943947000 -7.53496 -0.427342 0 0 0 0.203432 0.979089
1607156373.245145000 -7.74281 -0.482432 0 0 0 0.212065 0.977255
1607156373.545156000 -7.9407 -0.553124 0 0 0 0.211152 0.977453
1607156373.845177000 -8.13947 -0.6202 0 0 0 0.208333 0.978058
1607156374.143998000 -8.34446 -0.672779 0 0 0 0.209338 0.977843
1607156374.443971000 -8.55092 -0.721876 0 0 0 0.201025 0.979586
1607156374.743986000 -8.75495 -0.776025 0 0 0 0.192949 0.981209
1607156375.042790000 -8.96074 -0.833837 0 0 0 0.189942 0.981795
1607156375.342792000 -9.17445 -0.88706 0 0 0 0.189647 0.981852
1607156375.642791000 -9.39886 -0.935808 0 0 0 0.189904 0.981803
1607156375.942794000 -9.62597 -0.993535 0 0 0 0.200184 0.979758
1607156376.142009000 -9.77289 -1.03494 0 0 0 0.210288 0.977639
1607156376.443220000 -9.98855 -1.10593 0 0 0 0.218925 0.975742
1607156376.744428000 -10.1931 -1.1868 0 0 0 0.216744 0.976229
1607156377.045637000 -10.3952 -1.2568 0 0 0 0.209167 0.97788
1607156377.345628000 -10.5957 -1.30003 0 0 0 0.198463 0.980108
1607156377.544843000 -10.7276 -1.322 0 0 0 0.189749 0.981833
1607156377.943255000 -10.982 -1.37385 0 0 0 0.180629 0.983551
1607156378.342859000 -11.2394 -1.44054 0 0 0 0.181315 0.983425
1607156378.642843000 -11.4443 -1.48389 0 0 0 0.179658 0.983729
1607156378.942862000 -11.6575 -1.52995 0 0 0 0.172921 0.984936
1607156379.142064000 -11.8056 -1.56143 0 0 0 0.163073 0.986614
1607156379.342475000 -11.9556 -1.59205 0 0 0 0.152219 0.988347
1607156379.642485000 -12.1818 -1.62394 0 0 0 0.141877 0.989884
1607156379.942466000 -12.4106 -1.64546 0 0 0 0.132997 0.991116
1607156380.244887000 -12.639 -1.67247 0 0 0 0.132045 0.991244
1607156380.546065000 -12.8631 -1.7047 0 0 0 0.135716 0.990748
1607156380.844897000 -13.0852 -1.72843 0 0 0 0.13542 0.990788
1607156381.144891000 -13.3076 -1.75396 0 0 0 0.135098 0.990832
1607156381.443681000 -13.5258 -1.79078 0 0 0 0.139022 0.990289
1607156381.743711000 -13.7479 -1.82371 0 0 0 0.141137 0.98999
1607156382.042534000 -13.9711 -1.85493 0 0 0 0.146714 0.989179
1607156382.242900000 -14.1201 -1.88143 0 0 0 0.157207 0.987566
1607156382.442127000 -14.2656 -1.91202 0 0 0 0.170576 0.985345
1607156382.642511000 -14.4066 -1.95214 0 0 0 0.184491 0.982834
1607156382.942518000 -14.6045 -2.02561 0 0 0 0.187232 0.982316
1607156383.243745000 -14.7992 -2.08243 0 0 0 0.185609 0.982624
1607156383.544934000 -14.9957 -2.11591 0 0 0 0.194459 0.980911
1607156383.746535000 -15.1238 -2.14458 0 0 0 0.206131 0.978524
1607156384.045354000 -15.3082 -2.21509 0 0 0 0.216082 0.976375
1607156384.345347000 -15.495 -2.29418 0 0 0 0.216205 0.976348
1607156384.644165000 -15.6889 -2.34921 0 0 0 0.216061 0.97638
1607156384.944166000 -15.8874 -2.40158 0 0 0 0.216805 0.976215
1607156385.242971000 -16.0834 -2.4634 0 0 0 0.209141 0.977886
1607156385.542990000 -16.2844 -2.52876 0 0 0 0.203209 0.979135
1607156385.842978000 -16.4955 -2.58505 0 0 0 0.202916 0.979196
1607156386.142997000 -16.7139 -2.63476 0 0 0 0.202847 0.97921
1607156386.441803000 -16.9331 -2.6965 0 0 0 0.202615 0.979259
1607156386.742997000 -17.1546 -2.76713 0 0 0 0.205349 0.978689
1607156387.044197000 -17.3797 -2.83175 0 0 0 0.208718 0.977976
1607156387.345405000 -17.6051 -2.89472 0 0 0 0.20883 0.977952
1607156387.645420000 -17.8284 -2.96554 0 0 0 0.208304 0.978064
1607156387.945397000 -18.0491 -3.03166 0 0 0 0.210615 0.977569
1607156388.244198000 -18.2674 -3.09262 0 0 0 0.210807 0.977528
1607156388.544207000 -18.4803 -3.15791 0 0 0 0.211364 0.977408
1607156388.843028000 -18.688 -3.22588 0 0 0 0.213818 0.976874
1607156389.143047000 -18.8991 -3.28028 0 0 0 0.217578 0.976043
1607156389.443028000 -19.1091 -3.34595 0 0 0 0.217274 0.976111
1607156389.743028000 -19.3209 -3.4166 0 0 0 0.219358 0.975644
1607156390.043034000 -19.5383 -3.48454 0 0 0 0.223991 0.974591
1607156390.341864000 -19.7572 -3.55172 0 0 0 0.224285 0.974524
1607156390.643074000 -19.9748 -3.62659 0 0 0 0.224722 0.974423
1607156390.944250000 -20.1928 -3.70093 0 0 0 0.22828 0.973596
1607156391.246689000 -20.4163 -3.76849 0 0 0 0.230782 0.973005
1607156391.545468000 -20.6304 -3.84873 0 0 0 0.231297 0.972883
1607156391.845485000 -20.8407 -3.92354 0 0 0 0.233111 0.97245
1607156392.144298000 -21.0423 -3.99629 0 0 0 0.236897 0.971535
1607156392.444292000 -21.2448 -4.06436 0 0 0 0.233921 0.972256
1607156392.744309000 -21.4498 -4.13699 0 0 0 0.23021 0.973141
1607156393.043110000 -21.6594 -4.20685 0 0 0 0.224584 0.974455
1607156393.343099000 -21.8763 -4.26981 0 0 0 0.216224 0.976344
1607156393.643112000 -22.0955 -4.33314 0 0 0 0.211939 0.977283
1607156393.941929000 -22.3146 -4.39998 0 0 0 0.211542 0.977369
1607156394.241909000 -22.5324 -4.46419 0 0 0 0.214075 0.976817
1607156394.543108000 -22.7476 -4.53047 0 0 0 0.213167 0.977016
1607156394.844326000 -22.9638 -4.59937 0 0 0 0.214143 0.976802
1607156395.145542000 -23.1802 -4.66291 0 0 0 0.218001 0.975949
1607156395.445548000 -23.3941 -4.72802 0 0 0 0.218146 0.975916
1607156395.745553000 -23.6052 -4.80471 0 0 0 0.213214 0.977006
1607156396.044352000 -23.8191 -4.86885 0 0 0 0.206281 0.978493
1607156396.344382000 -24.0312 -4.92061 0 0 0 0.201657 0.979456
1607156396.643146000 -24.2388 -4.96925 0 0 0 0.19646 0.980512
1607156396.943150000 -24.4415 -5.03012 0 0 0 0.194861 0.980831
1607156397.243160000 -24.6474 -5.08686 0 0 0 0.198291 0.980143
1607156397.543189000 -24.864 -5.1356 0 0 0 0.198214 0.980159
1607156397.841969000 -25.0857 -5.19799 0 0 0 0.198479 0.980105
1607156398.143189000 -25.316 -5.26652 0 0 0 0.201022 0.979587
1607156398.444402000 -25.5557 -5.32573 0 0 0 0.204313 0.978906
1607156398.745602000 -25.7898 -5.39121 0 0 0 0.203918 0.978988
1607156399.045605000 -26.0109 -5.46052 0 0 0 0.205848 0.978584
1607156399.345612000 -26.2245 -5.52057 0 0 0 0.209998 0.977702
1607156399.644410000 -26.4344 -5.57721 0 0 0 0.210781 0.977533
1607156399.944421000 -26.6402 -5.6416 0 0 0 0.210675 0.977556
1607156400.244429000 -26.847 -5.71166 0 0 0 0.213389 0.976967
1607156400.543230000 -27.0569 -5.77065 0 0 0 0.21593 0.976409
1607156400.843229000 -27.2717 -5.83342 0 0 0 0.216004 0.976392
1607156401.143234000 -27.4899 -5.90743 0 0 0 0.217418 0.976079
1607156401.443234000 -27.7149 -5.97709 0 0 0 0.22098 0.975278
1607156401.743242000 -27.9418 -6.04441 0 0 0 0.220865 0.975304
1607156402.042049000 -28.1649 -6.1193 0 0 0 0.221851 0.975081
1607156402.343248000 -28.3862 -6.19553 0 0 0 0.223489 0.974706
1607156402.644464000 -28.5993 -6.25876 0 0 0 0.219664 0.975575
1607156403.046473000 -28.8493 -6.33186 0 0 0 0.209943 0.977714
1607156403.444890000 -29.0786 -6.39514 0 0 0 0.202441 0.979294
1607156403.844490000 -29.3126 -6.4525 0 0 0 0.198161 0.98017
1607156404.244092000 -29.5656 -6.52228 0 0 0 0.196809 0.980442
1607156404.544088000 -29.7783 -6.58307 0 0 0 0.200091 0.979777
1607156404.842902000 -30.0069 -6.64074 0 0 0 0.200603 0.979673
1607156405.142924000 -30.2475 -6.70716 0 0 0 0.200085 0.979779
1607156405.442913000 -30.4937 -6.7806 0 0 0 0.202125 0.97936
1607156405.742908000 -30.7392 -6.85023 0 0 0 0.206024 0.978547
1607156406.042928000 -30.978 -6.91562 0 0 0 0.205906 0.978572
1607156406.344131000 -31.2089 -6.98381 0 0 0 0.205831 0.978587
1607156406.645329000 -31.4302 -7.0535 0 0 0 0.209769 0.977751
1607156406.946539000 -31.6459 -7.11519 0 0 0 0.210419 0.977611
1607156407.245356000 -31.8554 -7.1743 0 0 0 0.210058 0.977689
1607156407.544147000 -32.0581 -7.23835 0 0 0 0.212318 0.977201
1607156407.844147000 -32.2587 -7.3005 0 0 0 0.20732 0.978273
1607156408.043373000 -32.3928 -7.33614 0 0 0 0.198455 0.98011
1607156408.243763000 -32.5287 -7.37096 0 0 0 0.188482 0.982077
1607156408.442969000 -32.6636 -7.40276 0 0 0 0.178757 0.983893
1607156408.742971000 -32.8671 -7.44362 0 0 0 0.171127 0.985249
1607156409.042991000 -33.0734 -7.47605 0 0 0 0.166746 0.986
1607156409.342987000 -33.2816 -7.51139 0 0 0 0.163261 0.986583
1607156409.644208000 -33.4982 -7.55338 0 0 0 0.162999 0.986626
1607156409.945385000 -33.7214 -7.59681 0 0 0 0.166388 0.98606
1607156410.246599000 -33.9468 -7.64225 0 0 0 0.158989 0.98728
1607156410.545400000 -34.1711 -7.67811 0 0 0 0.145492 0.989359
1607156410.744592000 -34.3194 -7.69567 0 0 0 0.134247 0.990948
1607156410.945001000 -34.4667 -7.71197 0 0 0 0.120542 0.992708
1607156411.144223000 -34.6107 -7.72573 0 0 0 0.105368 0.994433
1607156411.243815000 -34.681 -7.72982 0 0 0 0.095088 0.995469
1607156411.343405000 -34.75 -7.73235 0 0 0 0.0828331 0.996563
1607156411.444197000 -34.8182 -7.73156 0 0 0 0.0723789 0.997377
1607156411.543810000 -34.8841 -7.72716 0 0 0 0.0610377 0.998135
1607156411.643423000 -34.9487 -7.72166 0 0 0 0.0513865 0.998679
1607156411.743027000 -35.0124 -7.71542 0 0 0 0.0407394 0.99917
1607156411.843822000 -35.0765 -7.70751 0 0 0 0.031136 0.999515
1607156411.943411000 -35.1399 -7.69748 0 0 0 0.0218727 0.999761
1607156412.043021000 -35.2029 -7.68679 0 0 0 0.012564 0.999921
1607156412.142644000 -35.2658 -7.67537 0 0 0 0.00324694 0.999995
1607156412.242249000 -35.3287 -7.66199 0 0 0 -0.00579537 0.999983
1607156412.343019000 -35.3929 -7.64868 0 0 0 -0.0158243 0.999875
1607156412.543435000 -35.5218 -7.62017 0 0 0 -0.0338561 0.999427
1607156412.643025000 -35.5868 -7.60406 0 0 0 -0.0434102 0.999057
1607156412.743831000 -35.652 -7.58684 0 0 0 -0.0529787 0.998596
1607156412.844632000 -35.7171 -7.57003 0 0 0 -0.0616466 0.998098
1607156413.045040000 -35.8453 -7.53323 0 0 0 -0.0771009 0.997023
1607156413.246632000 -35.9743 -7.48818 0 0 0 -0.0949005 0.995487
1607156413.447043000 -36.1029 -7.43532 0 0 0 -0.112852 0.993612
1607156413.546654000 -36.1669 -7.40786 0 0 0 -0.123461 0.992349
1607156413.646246000 -36.2305 -7.38157 0 0 0 -0.136628 0.990622
1607156413.745846000 -36.291 -7.35637 0 0 0 -0.152368 0.988324
1607156413.845455000 -36.3467 -7.33372 0 0 0 -0.167945 0.985796
1607156413.945046000 -36.396 -7.31469 0 0 0 -0.18466 0.982802
1607156414.045866000 -36.4365 -7.29893 0 0 0 -0.201556 0.979477
1607156414.145453000 -36.4682 -7.28702 0 0 0 -0.219212 0.975677
1607156414.245051000 -36.4932 -7.27516 0 0 0 -0.235527 0.971868
1607156414.344654000 -36.5132 -7.2604 0 0 0 -0.249176 0.968458
1607156414.444272000 -36.5281 -7.24249 0 0 0 -0.260119 0.965577
1607156414.543874000 -36.5409 -7.22009 0 0 0 -0.270765 0.962645
1607156414.643482000 -36.5549 -7.19271 0 0 0 -0.279458 0.960158
1607156414.843864000 -36.5882 -7.12693 0 0 0 -0.293135 0.956071
1607156415.043068000 -36.6322 -7.04823 0 0 0 -0.305226 0.95228
1607156415.243467000 -36.6943 -6.96182 0 0 0 -0.323609 0.946191
1607156415.343067000 -36.7306 -6.91713 0 0 0 -0.335497 0.942041
1607156415.443886000 -36.768 -6.87229 0 0 0 -0.34842 0.937338
1607156415.543476000 -36.8061 -6.82861 0 0 0 -0.363187 0.931716
1607156415.643086000 -36.8439 -6.7856 0 0 0 -0.377203 0.92613
1607156415.742701000 -36.8806 -6.7438 0 0 0 -0.39375 0.919218
1607156415.843521000 -36.9163 -6.70252 0 0 0 -0.408989 0.912539
1607156415.943084000 -36.9484 -6.6624 0 0 0 -0.421709 0.906731
1607156416.042701000 -36.9767 -6.62336 0 0 0 -0.430906 0.902397
1607156416.142311000 -37.001 -6.58452 0 0 0 -0.440328 0.897837
1607156416.342722000 -37.0392 -6.50217 0 0 0 -0.452356 0.891838
1607156416.541898000 -37.0709 -6.41165 0 0 0 -0.46279 0.886468
1607156416.844301000 -37.1203 -6.24818 0 0 0 -0.472702 0.881223
1607156417.246310000 -37.1998 -5.9899 0 0 0 -0.482819 0.87572
1607156417.446724000 -37.245 -5.84891 0 0 0 -0.494832 0.868989
1607156417.546312000 -37.2693 -5.77816 0 0 0 -0.502777 0.864416
1607156417.745524000 -37.3191 -5.63595 0 0 0 -0.515957 0.856615
1607156417.944722000 -37.3683 -5.49587 0 0 0 -0.526432 0.850217
1607156418.244726000 -37.4423 -5.29205 0 0 0 -0.534874 0.844932
1607156418.543552000 -37.5113 -5.09092 0 0 0 -0.541164 0.840917
1607156418.843526000 -37.5707 -4.88825 0 0 0 -0.544029 0.839066
1607156419.143551000 -37.6226 -4.67867 0 0 0 -0.544637 0.838672
1607156419.442358000 -37.6777 -4.46661 0 0 0 -0.543987 0.839094
1607156419.743573000 -37.7387 -4.24797 0 0 0 -0.543255 0.839568
1607156420.044766000 -37.8015 -4.0279 0 0 0 -0.543237 0.83958
1607156420.345966000 -37.8687 -3.80724 0 0 0 -0.542562 0.840016
1607156420.647184000 -37.9389 -3.58543 0 0 0 -0.541933 0.840422
1607156420.945988000 -38.0095 -3.36621 0 0 0 -0.547211 0.836995
1607156421.245968000 -38.079 -3.14869 0 0 0 -0.552352 0.833611
1607156421.544780000 -38.1367 -2.93094 0 0 0 -0.554351 0.832283
1607156421.844790000 -38.1826 -2.71245 0 0 0 -0.554405 0.832247
1607156422.143615000 -38.2303 -2.4975 0 0 0 -0.554698 0.832052
1607156422.443599000 -38.2897 -2.2831 0 0 0 -0.554205 0.83238
1607156422.743608000 -38.3523 -2.06564 0 0 0 -0.55315 0.833082
1607156423.043609000 -38.414 -1.84042 0 0 0 -0.553397 0.832918
1607156423.343610000 -38.4764 -1.61061 0 0 0 -0.552246 0.833681
1607156423.642417000 -38.5405 -1.3894 0 0 0 -0.551065 0.834462
1607156423.942422000 -38.6062 -1.17062 0 0 0 -0.551103 0.834437
1607156424.243624000 -38.6658 -0.951272 0 0 0 -0.550297 0.834969
1607156424.544827000 -38.7206 -0.733019 0 0 0 -0.549327 0.835608
1607156424.846039000 -38.7778 -0.51595 0 0 0 -0.548187 0.836355
1607156425.146044000 -38.8395 -0.299674 0 0 0 -0.548048 0.836447
1607156425.446050000 -38.913 -0.0815032 0 0 0 -0.547043 0.837104
1607156425.744872000 -38.9805 0.138318 0 0 0 -0.545694 0.837985
1607156426.044851000 -39.0397 0.35977 0 0 0 -0.545008 0.838431
1607156426.344869000 -39.1038 0.575875 0 0 0 -0.543819 0.839202
1607156426.643675000 -39.1684 0.784539 0 0 0 -0.542505 0.840053
1607156426.943699000 -39.2324 0.999927 0 0 0 -0.542121 0.8403
1607156427.243684000 -39.3032 1.22165 0 0 0 -0.541446 0.840736
1607156427.543705000 -39.376 1.44121 0 0 0 -0.542558 0.840018
1607156427.842498000 -39.4335 1.65671 0 0 0 -0.547993 0.836483
1607156428.143717000 -39.4811 1.86117 0 0 0 -0.555659 0.831411
1607156428.544494000 -39.5414 2.11252 0 0 0 -0.562128 0.82705
1607156428.845703000 -39.5842 2.31133 0 0 0 -0.562483 0.826809
1607156429.146913000 -39.6324 2.53164 0 0 0 -0.56297 0.826478
1607156429.445721000 -39.6944 2.75945 0 0 0 -0.562483 0.826809
1607156429.745721000 -39.7577 2.99212 0 0 0 -0.561083 0.827759
1607156430.044528000 -39.8153 3.22307 0 0 0 -0.55778 0.829989
1607156430.344536000 -39.8734 3.44546 0 0 0 -0.556201 0.831048
1607156430.644546000 -39.9299 3.65721 0 0 0 -0.554774 0.832001
1607156430.944581000 -39.9886 3.86875 0 0 0 -0.552761 0.83334
1607156431.243349000 -40.0484 4.08558 0 0 0 -0.552076 0.833794
1607156431.543350000 -40.1082 4.30367 0 0 0 -0.550437 0.834877
1607156431.843355000 -40.1652 4.52419 0 0 0 -0.548771 0.835972
1607156432.143369000 -40.2292 4.74464 0 0 0 -0.548649 0.836053
1607156432.443397000 -40.3003 4.96936 0 0 0 -0.547742 0.836648
1607156432.745776000 -40.3667 5.19217 0 0 0 -0.546473 0.837477
1607156433.047005000 -40.4317 5.41337 0 0 0 -0.545255 0.83827
1607156433.345805000 -40.4893 5.63165 0 0 0 -0.544228 0.838937
1607156433.645791000 -40.5499 5.84032 0 0 0 -0.543399 0.839474
1607156433.944610000 -40.6109 6.04618 0 0 0 -0.542538 0.840032
1607156434.244620000 -40.6752 6.25842 0 0 0 -0.541611 0.840629
1607156434.544610000 -40.7406 6.47426 0 0 0 -0.540757 0.841179
1607156434.843432000 -40.8065 6.69353 0 0 0 -0.539385 0.842059
1607156435.143419000 -40.874 6.91821 0 0 0 -0.537923 0.842994
1607156435.443436000 -40.9481 7.14203 0 0 0 -0.537462 0.843288
1607156435.743447000 -41.0221 7.36162 0 0 0 -0.535734 0.844387
1607156436.043452000 -41.0878 7.58011 0 0 0 -0.534052 0.845451
1607156436.345829000 -41.1577 7.8015 0 0 0 -0.533196 0.845991
1607156436.647049000 -41.2292 8.01775 0 0 0 -0.531399 0.847121
1607156436.945868000 -41.2981 8.23106 0 0 0 -0.53015 0.847904
1607156437.245858000 -41.3688 8.44882 0 0 0 -0.528764 0.848769
1607156437.544669000 -41.4449 8.67028 0 0 0 -0.527805 0.849366
1607156437.844679000 -41.5204 8.88541 0 0 0 -0.526179 0.850374
1607156438.144688000 -41.59 9.09622 0 0 0 -0.524397 0.851474
1607156438.443471000 -41.6602 9.30667 0 0 0 -0.523796 0.851844
1607156438.743501000 -41.7343 9.51655 0 0 0 -0.521713 0.853121
1607156439.043502000 -41.8117 9.72868 0 0 0 -0.519563 0.854432
1607156439.343490000 -41.8927 9.94349 0 0 0 -0.518709 0.854951
1607156439.643483000 -41.9761 10.165 0 0 0 -0.52061 0.853795
1607156439.944692000 -42.0561 10.3784 0 0 0 -0.528804 0.848744
1607156440.247105000 -42.112 10.5833 0 0 0 -0.536698 0.843774
1607156440.547129000 -42.1621 10.7785 0 0 0 -0.540868 0.841107
1607156440.845932000 -42.2195 10.9723 0 0 0 -0.543108 0.839663
1607156441.145934000 -42.2774 11.1756 0 0 0 -0.54289 0.839804
1607156441.444715000 -42.342 11.3881 0 0 0 -0.543072 0.839686
1607156441.744726000 -42.4082 11.6135 0 0 0 -0.542517 0.840045
1607156442.044760000 -42.4756 11.8453 0 0 0 -0.540613 0.841271
1607156442.344766000 -42.5448 12.0787 0 0 0 -0.539267 0.842135
1607156442.643559000 -42.615 12.3096 0 0 0 -0.5383 0.842754
1607156442.943570000 -42.6824 12.5326 0 0 0 -0.5367 0.843773
1607156443.243572000 -42.7494 12.7502 0 0 0 -0.534414 0.845223
1607156443.543577000 -42.8184 12.9598 0 0 0 -0.533701 0.845673
1607156443.943178000 -42.9002 13.2042 0 0 0 -0.533946 0.845519
1607156444.345195000 -42.9679 13.4196 0 0 0 -0.533102 0.846051
1607156444.747204000 -43.0352 13.6569 0 0 0 -0.532809 0.846235
1607156445.046008000 -43.0978 13.8552 0 0 0 -0.532227 0.846602
1607156445.345990000 -43.1698 14.0698 0 0 0 -0.53069 0.847566
1607156445.644802000 -43.2466 14.2978 0 0 0 -0.52945 0.848341
1607156445.944822000 -43.3256 14.5298 0 0 0 -0.529155 0.848525
1607156446.244835000 -43.398 14.7306 0 0 0 -0.529159 0.848522
1607156446.644432000 -43.4631 14.9301 0 0 0 -0.528586 0.84888
1607156447.143651000 -43.5228 15.1345 0 0 0 -0.530636 0.8476
1607156447.644036000 -43.5952 15.3746 0 0 0 -0.529468 0.84833
1607156447.945265000 -43.6603 15.5643 0 0 0 -0.528664 0.848831
1607156448.246462000 -43.7348 15.7909 0 0 0 -0.528517 0.848923
1607156448.546468000 -43.8113 16.0193 0 0 0 -0.528797 0.848748
1607156448.846493000 -43.8809 16.2128 0 0 0 -0.533019 0.846103
1607156449.145275000 -43.9308 16.3657 0 0 0 -0.542925 0.839781
1607156449.345684000 -43.9549 16.448 0 0 0 -0.550464 0.834859
1607156449.644502000 -43.9746 16.536 0 0 0 -0.561434 0.827522
1607156450.044093000 -43.9718 16.5968 0 0 0 -0.569348 0.822096
1607156450.544504000 -43.9652 16.5889 0 0 0 -0.577182 0.816616
1607156450.944105000 -43.9544 16.5679 0 0 0 -0.587473 0.809244
1607156451.242900000 -43.9414 16.5583 0 0 0 -0.59735 0.80198
1607156451.542915000 -43.9298 16.5552 0 0 0 -0.609057 0.793126
1607156451.743320000 -43.9201 16.558 0 0 0 -0.620094 0.784527
1607156452.145315000 -43.8904 16.5903 0 0 0 -0.627347 0.77874
1607156452.646934000 -43.8272 16.6457 0 0 0 -0.634189 0.773178
1607156453.245722000 -43.739 16.8018 0 0 0 -0.640916 0.767611
1607156453.744939000 -43.6749 17.0299 0 0 0 -0.648619 0.761113
1607156454.244167000 -43.7021 17.2643 0 0 0 -0.650463 0.759538
1607156454.744551000 -43.8239 17.4586 0 0 0 -0.651521 0.75863
1607156455.243773000 -43.9174 17.6469 0 0 0 -0.652008 0.758212
1607156455.843767000 -43.9414 17.8276 0 0 0 -0.659724 0.751508
1607156456.243397000 -43.9317 17.936 0 0 0 -0.669267 0.743022
1607156456.443799000 -43.9221 17.9923 0 0 0 -0.676779 0.736187
1607156456.645393000 -43.909 18.05 0 0 0 -0.685024 0.72852
1607156456.845794000 -43.8954 18.1084 0 0 0 -0.693434 0.72052
1607156457.047400000 -43.8843 18.164 0 0 0 -0.703123 0.711068
1607156457.146991000 -43.8807 18.1904 0 0 0 -0.710705 0.70349
1607156457.246606000 -43.8781 18.2161 0 0 0 -0.7195 0.694492
1607156457.346212000 -43.8763 18.2399 0 0 0 -0.728373 0.685181
1607156457.445811000 -43.8744 18.2619 0 0 0 -0.73833 0.67444
1607156457.546635000 -43.8721 18.2812 0 0 0 -0.748238 0.66343
1607156457.646216000 -43.8691 18.2983 0 0 0 -0.758563 0.651599
1607156457.745827000 -43.865 18.3123 0 0 0 -0.769469 0.638684
1607156457.845423000 -43.8577 18.3248 0 0 0 -0.780328 0.62537
1607156457.945012000 -43.8467 18.3362 0 0 0 -0.78847 0.615074
1607156458.044626000 -43.8304 18.3479 0 0 0 -0.794939 0.60669
1607156458.245134000 -43.7801 18.3804 0 0 0 -0.804181 0.594385
1607156458.444247000 -43.7088 18.4272 0 0 0 -0.811137 0.584856
1607156458.643438000 -43.6267 18.4868 0 0 0 -0.818219 0.574906
1607156458.744243000 -43.5831 18.521 0 0 0 -0.824314 0.566133
1607156458.843833000 -43.5417 18.5557 0 0 0 -0.831457 0.555589
1607156458.943446000 -43.5029 18.5909 0 0 0 -0.839384 0.543538
1607156459.044228000 -43.4681 18.6254 0 0 0 -0.847631 0.530587
1607156459.143859000 -43.4379 18.6588 0 0 0 -0.856549 0.516065
1607156459.243459000 -43.4122 18.6901 0 0 0 -0.865449 0.500997
1607156459.343072000 -43.3893 18.7202 0 0 0 -0.87412 0.485711
1607156459.443875000 -43.3669 18.7498 0 0 0 -0.880488 0.474068
1607156459.644277000 -43.3217 18.8095 0 0 0 -0.888418 0.459035
1607156459.945468000 -43.2408 18.9039 0 0 0 -0.896079 0.443894
1607156460.246660000 -43.1276 19.0166 0 0 0 -0.900431 0.435
1607156460.546653000 -42.9793 19.1531 0 0 0 -0.90283 0.429997
1607156460.846681000 -42.8059 19.3068 0 0 0 -0.904475 0.426528
1607156461.145474000 -42.6164 19.4696 0 0 0 -0.904115 0.42729
1607156461.445496000 -42.4208 19.6397 0 0 0 -0.9039 0.427744
1607156461.745474000 -42.2255 19.8128 0 0 0 -0.902789 0.430084
1607156462.044296000 -42.0391 19.9785 0 0 0 -0.902093 0.431541
1607156462.344298000 -41.8618 20.1376 0 0 0 -0.902203 0.431312
1607156462.644320000 -41.6961 20.2934 0 0 0 -0.901245 0.43331
1607156462.944293000 -41.536 20.4474 0 0 0 -0.899399 0.437129
1607156463.143507000 -41.4412 20.5489 0 0 0 -0.894046 0.447976
1607156463.443507000 -41.3067 20.7079 0 0 0 -0.88766 0.460499
1607156463.743526000 -41.172 20.872 0 0 0 -0.885015 0.465563
1607156464.044739000 -41.0312 21.0357 0 0 0 -0.883378 0.468661
1607156464.345952000 -40.8844 21.2038 0 0 0 -0.880174 0.474651
1607156464.546328000 -40.7848 21.3194 0 0 0 -0.871185 0.490955
1607156464.647141000 -40.7382 21.377 0 0 0 -0.866659 0.4989
1607156464.747936000 -40.6938 21.4337 0 0 0 -0.861803 0.507242
1607156464.847550000 -40.6523 21.4892 0 0 0 -0.856886 0.515505
1607156465.046740000 -40.5773 21.6014 0 0 0 -0.850142 0.526554
1607156465.247158000 -40.5077 21.7158 0 0 0 -0.844815 0.535058
1607156465.545962000 -40.4053 21.8973 0 0 0 -0.840903 0.541186
1607156465.845955000 -40.3009 22.0904 0 0 0 -0.839121 0.543945
1607156466.144765000 -40.1908 22.286 0 0 0 -0.836605 0.547806
1607156466.444755000 -40.0703 22.482 0 0 0 -0.835185 0.54997
1607156466.744815000 -39.941 22.6789 0 0 0 -0.834065 0.551666
1607156467.043599000 -39.8132 22.8772 0 0 0 -0.831915 0.554902
1607156467.343587000 -39.6882 23.0753 0 0 0 -0.829407 0.558644
1607156467.643589000 -39.5691 23.2712 0 0 0 -0.828495 0.559997
1607156467.943592000 -39.4558 23.471 0 0 0 -0.828186 0.560454
1607156468.244806000 -39.3531 23.6671 0 0 0 -0.822116 0.56932
1607156468.446412000 -39.2932 23.7948 0 0 0 -0.814529 0.580123
1607156468.747616000 -39.2084 23.9878 0 0 0 -0.813444 0.581643
1607156469.046418000 -39.1187 24.1738 0 0 0 -0.821596 0.57007
1607156469.147222000 -39.0849 24.235 0 0 0 -0.827736 0.561118
1607156469.246830000 -39.051 24.2925 0 0 0 -0.835564 0.549393
1607156469.346434000 -39.016 24.3466 0 0 0 -0.841396 0.540418
1607156469.545621000 -38.9417 24.4452 0 0 0 -0.850029 0.526736
1607156469.744824000 -38.8629 24.5371 0 0 0 -0.855207 0.518286
1607156470.044860000 -38.7393 24.6809 0 0 0 -0.86024 0.50989
1607156470.344830000 -38.6059 24.8481 0 0 0 -0.864913 0.501922
1607156470.544040000 -38.5161 24.9695 0 0 0 -0.873898 0.486109
1607156470.644840000 -38.4732 25.027 0 0 0 -0.879973 0.475024
1607156470.744442000 -38.4328 25.0777 0 0 0 -0.886745 0.462259
1607156470.844042000 -38.3937 25.12 0 0 0 -0.893518 0.449028
1607156470.943655000 -38.3547 25.1545 0 0 0 -0.899728 0.436451
1607156471.043245000 -38.3171 25.1826 0 0 0 -0.904676 0.4261
1607156471.243667000 -38.243 25.2246 0 0 0 -0.911399 0.411525
1607156471.442865000 -38.1723 25.2547 0 0 0 -0.915598 0.402095
1607156471.643265000 -38.1063 25.2856 0 0 0 -0.919452 0.393201
1607156471.945666000 -38.0109 25.3451 0 0 0 -0.922995 0.384812
1607156472.246886000 -37.9043 25.4459 0 0 0 -0.928449 0.37146
1607156472.347688000 -37.8667 25.4893 0 0 0 -0.932153 0.362064
1607156472.447265000 -37.8281 25.5344 0 0 0 -0.936045 0.35188
1607156472.548066000 -37.7874 25.5793 0 0 0 -0.940929 0.338603
1607156472.647663000 -37.7456 25.6214 0 0 0 -0.944783 0.327696
1607156472.846894000 -37.6551 25.6955 0 0 0 -0.949539 0.31365
1607156473.046080000 -37.5486 25.7535 0 0 0 -0.953197 0.30235
1607156473.245296000 -37.4254 25.7993 0 0 0 -0.955864 0.293811
1607156473.545290000 -37.2193 25.8575 0 0 0 -0.958331 0.285661
1607156473.844094000 -36.9998 25.9285 0 0 0 -0.959325 0.282303
1607156474.144129000 -36.7819 26.0202 0 0 0 -0.958781 0.284146
1607156474.444107000 -36.5672 26.1277 0 0 0 -0.961212 0.27581
1607156474.643311000 -36.425 26.1954 0 0 0 -0.9659 0.258916
1607156474.843726000 -36.2809 26.2525 0 0 0 -0.969724 0.244205
1607156475.044116000 -36.1383 26.3016 0 0 0 -0.972149 0.234365
1607156475.345327000 -35.9307 26.3657 0 0 0 -0.974663 0.223677
1607156475.646524000 -35.7315 26.4168 0 0 0 -0.976518 0.215434
1607156476.047324000 -35.4749 26.4866 0 0 0 -0.977015 0.213172
1607156476.445756000 -35.2191 26.5633 0 0 0 -0.976405 0.215949
1607156476.745751000 -35.0189 26.6257 0 0 0 -0.976528 0.215391
1607156477.045755000 -34.8138 26.688 0 0 0 -0.976047 0.21756
1607156477.344566000 -34.6005 26.7556 0 0 0 -0.975219 0.221242
1607156477.644553000 -34.3777 26.8211 0 0 0 -0.974983 0.222277
1607156477.944561000 -34.1506 26.8935 0 0 0 -0.975015 0.222139
1607156478.244573000 -33.9195 26.9678 0 0 0 -0.973978 0.226644
1607156478.543385000 -33.6936 27.0507 0 0 0 -0.97363 0.228133
1607156478.844572000 -33.4672 27.1348 0 0 0 -0.973877 0.227076
1607156479.145791000 -33.2433 27.2124 0 0 0 -0.973145 0.230192
1607156479.446993000 -33.0227 27.2855 0 0 0 -0.972343 0.233557
1607156479.748224000 -32.8118 27.362 0 0 0 -0.9738 0.227405
1607156480.047003000 -32.6083 27.4334 0 0 0 -0.974794 0.223108
1607156480.345816000 -32.4133 27.4973 0 0 0 -0.974554 0.224151
1607156480.645801000 -32.2176 27.5558 0 0 0 -0.974397 0.224836
1607156480.944628000 -32.0195 27.6114 0 0 0 -0.97458 0.224039
1607156481.244642000 -31.8214 27.6826 0 0 0 -0.97388 0.227061
1607156481.544638000 -31.6183 27.7547 0 0 0 -0.972958 0.230983
1607156481.844635000 -31.405 27.8175 0 0 0 -0.972777 0.231745
1607156482.143439000 -31.1922 27.8952 0 0 0 -0.972521 0.232817
1607156482.443444000 -30.9737 27.9799 0 0 0 -0.971473 0.237151
1607156482.745867000 -30.7461 28.0557 0 0 0 -0.970902 0.239478
1607156483.047044000 -30.5162 28.1346 0 0 0 -0.971434 0.237309
1607156483.347069000 -30.2923 28.2236 0 0 0 -0.974445 0.224626
1607156483.647073000 -30.074 28.2972 0 0 0 -0.976742 0.214417
1607156483.945877000 -29.8596 28.3431 0 0 0 -0.978371 0.20686
1607156484.245888000 -29.657 28.3954 0 0 0 -0.97866 0.205486
1607156484.544686000 -29.4626 28.4521 0 0 0 -0.978137 0.207963
1607156484.844702000 -29.269 28.5045 0 0 0 -0.977905 0.209049
1607156485.144700000 -29.073 28.5603 0 0 0 -0.978017 0.208523
1607156485.444689000 -28.8695 28.621 0 0 0 -0.977181 0.212406
1607156485.744721000 -28.6558 28.6879 0 0 0 -0.976537 0.21535
1607156486.043499000 -28.4301 28.7515 0 0 0 -0.976574 0.21518
1607156486.344706000 -28.2004 28.8296 0 0 0 -0.976226 0.216756
1607156486.645937000 -27.9692 28.9084 0 0 0 -0.97526 0.221059
1607156486.947136000 -27.7367 28.9853 0 0 0 -0.975102 0.221758
1607156487.247139000 -27.5076 29.0606 0 0 0 -0.97512 0.22168
1607156487.545936000 -27.2829 29.1366 0 0 0 -0.974032 0.22641
1607156487.845946000 -27.0644 29.2093 0 0 0 -0.973471 0.228811
1607156488.145948000 -26.8516 29.2841 0 0 0 -0.973435 0.228962
1607156488.444765000 -26.6424 29.357 0 0 0 -0.972851 0.231433
1607156488.744747000 -26.4357 29.4284 0 0 0 -0.971845 0.235621
1607156489.044764000 -26.2283 29.4955 0 0 0 -0.971756 0.235988
1607156489.344783000 -26.0251 29.5769 0 0 0 -0.974067 0.226261
1607156489.543974000 -25.8932 29.6356 0 0 0 -0.978067 0.208293
1607156489.744379000 -25.7559 29.6737 0 0 0 -0.980844 0.194793
1607156490.045580000 -25.5433 29.6968 0 0 0 -0.982835 0.184485
1607156490.346782000 -25.3332 29.7267 0 0 0 -0.984313 0.176431
1607156490.647985000 -25.1267 29.7749 0 0 0 -0.984393 0.175986
1607156490.946796000 -24.9223 29.8265 0 0 0 -0.98428 0.176615
1607156491.246798000 -24.7116 29.8687 0 0 0 -0.984412 0.175878
1607156491.545624000 -24.5018 29.9135 0 0 0 -0.983746 0.179563
1607156491.746018000 -24.3594 29.9407 0 0 0 -0.980869 0.19467
1607156491.845630000 -24.2893 29.9551 0 0 0 -0.978764 0.204989
1607156492.046009000 -24.1541 29.9977 0 0 0 -0.975269 0.221019
1607156492.245223000 -24.0279 30.0562 0 0 0 -0.972886 0.231284
1607156492.545232000 -23.8434 30.1619 0 0 0 -0.97176 0.23597
1607156492.845224000 -23.6513 30.2419 0 0 0 -0.973741 0.227661
1607156493.044439000 -23.5202 30.2799 0 0 0 -0.976935 0.213535
1607156493.244819000 -23.3866 30.3066 0 0 0 -0.979383 0.202014
1607156493.544862000 -23.1842 30.3349 0 0 0 -0.980811 0.194959
1607156493.843658000 -22.9897 30.3813 0 0 0 -0.979648 0.200724
1607156494.143649000 -22.8001 30.4505 0 0 0 -0.977801 0.209534
1607156494.444876000 -22.6002 30.513 0 0 0 -0.976966 0.213397
1607156494.746069000 -22.3896 30.5774 0 0 0 -0.976851 0.213919
1607156495.047283000 -22.1753 30.6481 0 0 0 -0.975835 0.218508
1607156495.347268000 -21.9558 30.7157 0 0 0 -0.975123 0.221663
1607156495.647289000 -21.7296 30.7857 0 0 0 -0.975137 0.221601
1607156495.946071000 -21.5021 30.867 0 0 0 -0.974551 0.224164
1607156496.246080000 -21.2735 30.9457 0 0 0 -0.973487 0.228742
1607156496.544898000 -21.0462 31.0122 0 0 0 -0.973204 0.229944
1607156496.844910000 -20.8265 31.0878 0 0 0 -0.97304 0.230635
1607156497.144900000 -20.6133 31.1698 0 0 0 -0.971979 0.235068
1607156497.444931000 -20.4039 31.2444 0 0 0 -0.971456 0.237219
1607156497.743725000 -20.1984 31.3166 0 0 0 -0.972775 0.231751
1607156497.945340000 -20.0622 31.3669 0 0 0 -0.974985 0.222272
1607156498.246538000 -19.8586 31.4281 0 0 0 -0.976653 0.214824
1607156498.547741000 -19.6548 31.4763 0 0 0 -0.977478 0.211039
1607156498.847747000 -19.452 31.5298 0 0 0 -0.978237 0.207491
1607156499.146563000 -19.252 31.597 0 0 0 -0.97784 0.209356
1607156499.446564000 -19.0454 31.6612 0 0 0 -0.977234 0.212164
1607156499.745362000 -18.8356 31.721 0 0 0 -0.977294 0.211886
1607156500.045362000 -18.6221 31.787 0 0 0 -0.977085 0.212848
1607156500.345374000 -18.4087 31.8567 0 0 0 -0.976122 0.217224
1607156500.645375000 -18.1896 31.9198 0 0 0 -0.975833 0.218518
1607156500.945363000 -17.9667 31.993 0 0 0 -0.975919 0.218132
1607156501.244184000 -17.7433 32.0712 0 0 0 -0.975057 0.221953
1607156501.544176000 -17.5175 32.143 0 0 0 -0.974364 0.224978
1607156501.844191000 -17.2944 32.2107 0 0 0 -0.974336 0.2251
1607156502.145383000 -17.0773 32.2849 0 0 0 -0.973756 0.227596
1607156502.446591000 -16.8653 32.3623 0 0 0 -0.972815 0.231585
1607156502.747820000 -16.6546 32.4346 0 0 0 -0.972625 0.232379
1607156503.047833000 -16.4497 32.509 0 0 0 -0.972563 0.232638
1607156503.346639000 -16.2489 32.5866 0 0 0 -0.971482 0.237111
1607156503.646627000 -16.0448 32.6555 0 0 0 -0.970881 0.239562
1607156504.045048000 -15.7727 32.7536 0 0 0 -0.970749 0.240097
1607156504.345045000 -15.5703 32.8382 0 0 0 -0.969639 0.244542
1607156504.645020000 -15.3619 32.9171 0 0 0 -0.969365 0.245626
1607156504.945049000 -15.1511 32.9995 0 0 0 -0.97299 0.230848
1607156505.144267000 -15.0108 33.0509 0 0 0 -0.975809 0.218624
1607156505.444257000 -14.7933 33.1046 0 0 0 -0.977611 0.210423
1607156505.744258000 -14.5728 33.1469 0 0 0 -0.978561 0.205957
1607156506.045482000 -14.3533 33.2082 0 0 0 -0.979514 0.201378
1607156506.346672000 -14.1359 33.2784 0 0 0 -0.979334 0.202248
1607156506.647893000 -13.916 33.3416 0 0 0 -0.97863 0.205628
1607156506.947892000 -13.6941 33.3979 0 0 0 -0.978616 0.205693
1607156507.246721000 -13.4757 33.4599 0 0 0 -0.97842 0.206628
1607156507.546705000 -13.2592 33.5294 0 0 0 -0.977516 0.210862
1607156507.845492000 -13.0435 33.5928 0 0 0 -0.977131 0.212637
1607156508.145522000 -12.8291 33.6541 0 0 0 -0.977133 0.212628
1607156508.445548000 -12.6175 33.725 0 0 0 -0.976342 0.216233
1607156508.744314000 -12.4067 33.7894 0 0 0 -0.97565 0.219332
1607156509.044304000 -12.197 33.8528 0 0 0 -0.975619 0.21947
1607156509.344313000 -11.9853 33.9269 0 0 0 -0.975331 0.220748
1607156509.646753000 -11.7635 33.9985 0 0 0 -0.974365 0.224972
1607156509.947949000 -11.5414 34.0625 0 0 0 -0.973992 0.226581
1607156510.247931000 -11.3247 34.1298 0 0 0 -0.973901 0.226972
1607156510.546770000 -11.1129 34.2111 0 0 0 -0.973072 0.230502
1607156510.846767000 -10.9019 34.2908 0 0 0 -0.972466 0.233045
1607156511.145565000 -10.6913 34.3627 0 0 0 -0.972578 0.232577
1607156511.445565000 -10.4797 34.4343 0 0 0 -0.97207 0.234691
1607156511.745589000 -10.2704 34.5114 0 0 0 -0.970978 0.23917
1607156512.044358000 -10.0595 34.5846 0 0 0 -0.970727 0.240184
1607156512.344387000 -9.84651 34.6636 0 0 0 -0.970704 0.240277
1607156512.644393000 -9.63523 34.7474 0 0 0 -0.96964 0.244538
1607156512.945594000 -9.42171 34.8211 0 0 0 -0.969056 0.246841
1607156513.347604000 -9.13974 34.9253 0 0 0 -0.969036 0.24692
1607156513.647605000 -8.94319 35.0123 0 0 0 -0.96968 0.244379
1607156513.947600000 -8.76715 35.0857 0 0 0 -0.972906 0.231201
1607156514.146817000 -8.65617 35.1214 0 0 0 -0.975966 0.217921
1607156514.346048000 -8.54706 35.1473 0 0 0 -0.979317 0.202333
1607156514.546407000 -8.43618 35.1642 0 0 0 -0.982262 0.187511
1607156514.745616000 -8.32647 35.1778 0 0 0 -0.98423 0.176891
1607156515.145221000 -8.0974 35.1997 0 0 0 -0.985913 0.167261
1607156515.544828000 -7.84662 35.2391 0 0 0 -0.987043 0.160456
1607156515.844828000 -7.64264 35.2812 0 0 0 -0.987236 0.159266
1607156516.143628000 -7.42653 35.3196 0 0 0 -0.987185 0.15958
1607156516.446052000 -7.19956 35.3667 0 0 0 -0.989311 0.14582
1607156516.545663000 -7.12517 35.3848 0 0 0 -0.990957 0.134179
1607156516.646452000 -7.05138 35.4025 0 0 0 -0.992679 0.120782
1607156516.747260000 -6.97937 35.4176 0 0 0 -0.994313 0.106498
1607156516.846862000 -6.91186 35.4292 0 0 0 -0.995728 0.0923388
1607156516.947658000 -6.8455 35.436 0 0 0 -0.996856 0.0792318
1607156517.148075000 -6.71472 35.4281 0 0 0 -0.997974 0.0636243
1607156517.347271000 -6.58899 35.4017 0 0 0 -0.998589 0.0530945
1607156517.647274000 -6.41122 35.3664 0 0 0 -0.999165 0.0408568
1607156517.846478000 -6.29663 35.3385 0 0 0 -0.9997 0.0244769
1607156517.947260000 -6.2403 35.3248 0 0 0 -0.99992 0.0126206
1607156518.046882000 -6.18698 35.3114 0 0 0 -0.999997 -0.00233804
1607156518.146471000 -6.1381 35.3016 0 0 0 -0.999864 -0.0164697
1607156518.246105000 -6.09443 35.295 0 0 0 -0.999556 -0.0298087
1607156518.345667000 -6.0569 35.293 0 0 0 -0.999089 -0.042686
1607156518.446475000 -6.02336 35.2917 0 0 0 -0.998595 -0.0529985
1607156518.645695000 -5.96621 35.2834 0 0 0 -0.997615 -0.0690287
1607156518.846091000 -5.90892 35.2585 0 0 0 -0.996764 -0.0803874
1607156519.045302000 -5.83578 35.2119 0 0 0 -0.995004 -0.0998386
1607156519.146096000 -5.79479 35.182 0 0 0 -0.993682 -0.112235
1607156519.245699000 -5.75266 35.1512 0 0 0 -0.991962 -0.126533
1607156519.345296000 -5.71098 35.1215 0 0 0 -0.989781 -0.142594
1607156519.444889000 -5.6711 35.0959 0 0 0 -0.987174 -0.15965
1607156519.545709000 -5.6354 35.077 0 0 0 -0.984196 -0.177082
1607156519.645313000 -5.6055 35.0639 0 0 0 -0.98123 -0.192843
1607156519.744903000 -5.58118 35.0557 0 0 0 -0.979038 -0.203676
1607156519.844494000 -5.56054 35.0496 0 0 0 -0.976695 -0.214633
1607156520.044906000 -5.52504 35.0355 0 0 0 -0.97331 -0.229494
1607156520.244133000 -5.48838 35.0021 0 0 0 -0.970795 -0.239911
1607156520.444534000 -5.43894 34.9446 0 0 0 -0.966274 -0.257515
1607156520.544109000 -5.40975 34.9099 0 0 0 -0.962899 -0.269863
1607156520.644939000 -5.37819 34.8727 0 0 0 -0.958744 -0.284272
1607156520.744541000 -5.34613 34.8347 0 0 0 -0.953898 -0.300131
1607156520.844143000 -5.31496 34.7974 0 0 0 -0.94827 -0.317465
1607156520.944918000 -5.28635 34.7613 0 0 0 -0.9423 -0.334771
1607156521.045729000 -5.2619 34.7266 0 0 0 -0.93639 -0.350961
1607156521.145336000 -5.24387 34.6937 0 0 0 -0.930598 -0.366042
1607156521.346932000 -5.21216 34.6272 0 0 0 -0.922322 -0.386422
1607156521.446537000 -5.1992 34.5942 0 0 0 -0.918653 -0.395065
1607156521.648149000 -5.17814 34.5258 0 0 0 -0.912259 -0.409614
1607156521.848542000 -5.15481 34.4544 0 0 0 -0.906873 -0.421403
1607156521.948144000 -5.14106 34.4183 0 0 0 -0.9024 -0.430899
1607156522.047739000 -5.12515 34.3827 0 0 0 -0.897065 -0.441898
1607156522.147358000 -5.10921 34.3479 0 0 0 -0.891683 -0.45266
1607156522.246943000 -5.09483 34.3134 0 0 0 -0.887244 -0.4613
1607156522.447341000 -5.07081 34.2422 0 0 0 -0.880108 -0.474774
1607156522.646559000 -5.04812 34.1623 0 0 0 -0.875271 -0.483634
1607156522.945374000 -5.00162 34.0082 0 0 0 -0.869363 -0.494173
1607156523.344970000 -4.89949 33.754 0 0 0 -0.863527 -0.504302
1607156523.644981000 -4.80707 33.5349 0 0 0 -0.860003 -0.510289
1607156523.944985000 -4.72561 33.3023 0 0 0 -0.856213 -0.516624
1607156524.245001000 -4.65815 33.0834 0 0 0 -0.854419 -0.519585
1607156524.544987000 -4.60604 32.8762 0 0 0 -0.853602 -0.520926
1607156524.846197000 -4.55359 32.6744 0 0 0 -0.851739 -0.523966
1607156525.147398000 -4.49836 32.482 0 0 0 -0.851397 -0.524522
1607156525.548215000 -4.42185 32.2324 0 0 0 -0.850921 -0.525294
1607156525.946623000 -4.35658 31.9913 0 0 0 -0.850618 -0.525784
1607156526.346233000 -4.2918 31.7578 0 0 0 -0.850296 -0.526305
1607156526.745836000 -4.22251 31.5255 0 0 0 -0.848801 -0.528713
1607156527.145484000 -4.1584 31.2929 0 0 0 -0.846811 -0.531893
1607156527.545042000 -4.08719 31.0649 0 0 0 -0.846018 -0.533155
1607156527.944667000 -4.00813 30.8405 0 0 0 -0.848617 -0.529007
1607156528.344252000 -3.92613 30.6109 0 0 0 -0.851801 -0.523865
1607156528.746261000 -3.8388 30.3696 0 0 0 -0.848316 -0.52949
1607156528.946645000 -3.79971 30.2465 0 0 0 -0.842733 -0.538331
1607156529.247873000 -3.74468 30.0519 0 0 0 -0.836811 -0.547492
1607156529.547877000 -3.69157 29.8516 0 0 0 -0.831228 -0.555932
1607156529.846682000 -3.64493 29.6456 0 0 0 -0.828379 -0.560168
1607156530.146688000 -3.59636 29.4287 0 0 0 -0.827133 -0.562006
1607156530.446678000 -3.53543 29.2068 0 0 0 -0.828325 -0.560249
1607156530.745506000 -3.47412 28.9849 0 0 0 -0.828532 -0.559942
1607156531.045506000 -3.42122 28.7613 0 0 0 -0.829183 -0.558977
1607156531.345518000 -3.3639 28.5341 0 0 0 -0.830798 -0.556574
1607156531.645514000 -3.30499 28.3135 0 0 0 -0.83176 -0.555135
1607156531.945516000 -3.24567 28.1025 0 0 0 -0.832122 -0.554592
1607156532.244321000 -3.18592 27.8919 0 0 0 -0.83283 -0.553528
1607156532.545521000 -3.12664 27.6721 0 0 0 -0.83463 -0.550811
1607156532.847946000 -3.06566 27.4514 0 0 0 -0.835464 -0.549546
1607156533.147932000 -3.00269 27.2269 0 0 0 -0.836192 -0.548437
1607156533.447943000 -2.93698 27.0048 0 0 0 -0.838033 -0.545619
1607156533.746738000 -2.87288 26.7889 0 0 0 -0.839041 -0.544068
1607156534.046754000 -2.80569 26.5744 0 0 0 -0.839644 -0.543137
1607156534.345554000 -2.74044 26.3598 0 0 0 -0.840541 -0.541748
1607156534.645560000 -2.68116 26.144 0 0 0 -0.839721 -0.543018
1607156534.945564000 -2.62258 25.9298 0 0 0 -0.836088 -0.548596
1607156535.245576000 -2.56147 25.7173 0 0 0 -0.834684 -0.550729
1607156535.544378000 -2.50374 25.5028 0 0 0 -0.834743 -0.550639
1607156535.845583000 -2.44401 25.2845 0 0 0 -0.834785 -0.550576
1607156536.146809000 -2.38446 25.0695 0 0 0 -0.835387 -0.549662
1607156536.448003000 -2.32376 24.8514 0 0 0 -0.836477 -0.548002
1607156536.747998000 -2.25929 24.634 0 0 0 -0.838038 -0.545611
1607156537.048008000 -2.19857 24.4163 0 0 0 -0.838712 -0.544575
1607156537.346809000 -2.13919 24.1976 0 0 0 -0.838623 -0.544712
1607156537.646818000 -2.0729 23.9845 0 0 0 -0.834909 -0.550387
1607156537.945619000 -2.02184 23.7756 0 0 0 -0.829114 -0.559079
1607156538.245629000 -1.97582 23.5658 0 0 0 -0.825933 -0.563769
1607156538.545630000 -1.92774 23.3513 0 0 0 -0.825341 -0.564635
1607156538.845644000 -1.87601 23.14 0 0 0 -0.825288 -0.564712
1607156539.145635000 -1.82272 22.9302 0 0 0 -0.825132 -0.56494
1607156539.444447000 -1.76968 22.7139 0 0 0 -0.825883 -0.563842
1607156539.745657000 -1.71511 22.4868 0 0 0 -0.828212 -0.560415
1607156540.048071000 -1.66075 22.2579 0 0 0 -0.828382 -0.560164
1607156540.348062000 -1.60025 22.0302 0 0 0 -0.829439 -0.558597
1607156540.648065000 -1.53874 21.8004 0 0 0 -0.831027 -0.556232
1607156540.946898000 -1.48276 21.5799 0 0 0 -0.832065 -0.554678
1607156541.246900000 -1.42321 21.3703 0 0 0 -0.833107 -0.553112
1607156541.545687000 -1.36237 21.1619 0 0 0 -0.834124 -0.551577
1607156541.845690000 -1.3063 20.9476 0 0 0 -0.836311 -0.548256
1607156542.145698000 -1.24831 20.7316 0 0 0 -0.836813 -0.547488
1607156542.445718000 -1.18197 20.5148 0 0 0 -0.837707 -0.54612
1607156542.744534000 -1.11658 20.296 0 0 0 -0.839559 -0.543268
1607156543.044517000 -1.0552 20.0731 0 0 0 -0.840258 -0.542187
1607156543.345726000 -0.989399 19.8511 0 0 0 -0.841329 -0.540523
1607156543.648139000 -0.918968 19.6294 0 0 0 -0.84239 -0.538869
1607156543.948145000 -0.850919 19.4144 0 0 0 -0.844001 -0.536341
1607156544.248151000 -0.781311 19.2088 0 0 0 -0.843341 -0.537379
1607156544.546961000 -0.716204 19.0018 0 0 0 -0.838924 -0.544249
1607156544.846955000 -0.660769 18.7891 0 0 0 -0.834387 -0.551179
1607156545.145767000 -0.613542 18.5817 0 0 0 -0.830726 -0.556682
1607156545.445754000 -0.561364 18.3804 0 0 0 -0.829583 -0.558383
1607156545.745781000 -0.508326 18.1722 0 0 0 -0.829894 -0.55792
1607156546.045777000 -0.454856 17.9585 0 0 0 -0.83087 -0.556467
1607156546.344583000 -0.396935 17.7437 0 0 0 -0.831261 -0.555882
1607156546.645788000 -0.332973 17.5195 0 0 0 -0.831556 -0.555442
1607156546.946993000 -0.273354 17.289 0 0 0 -0.833572 -0.55241
1607156547.248203000 -0.214161 17.0578 0 0 0 -0.834178 -0.551496
1607156547.548212000 -0.150076 16.8308 0 0 0 -0.835106 -0.550088
1607156547.848186000 -0.082889 16.607 0 0 0 -0.836304 -0.548267
1607156548.146998000 -0.0219771 16.3863 0 0 0 -0.837421 -0.546559
1607156548.447012000 0.0397275 16.1703 0 0 0 -0.837978 -0.545705
1607156548.745806000 0.103691 15.9581 0 0 0 -0.834983 -0.550275
1607156549.045836000 0.159527 15.7435 0 0 0 -0.832193 -0.554485
1607156549.345814000 0.210685 15.5327 0 0 0 -0.830557 -0.556934
1607156549.645853000 0.267818 15.3219 0 0 0 -0.830258 -0.55738
1607156549.944642000 0.323279 15.108 0 0 0 -0.831528 -0.555483
1607156550.245853000 0.375766 14.8892 0 0 0 -0.832748 -0.553653
1607156550.547053000 0.438519 14.675 0 0 0 -0.833461 -0.552579
1607156550.848262000 0.502823 14.4564 0 0 0 -0.834526 -0.550969
1607156551.148258000 0.561632 14.2306 0 0 0 -0.836928 -0.547313
1607156551.448263000 0.621211 14.0024 0 0 0 -0.838047 -0.545598
1607156551.747075000 0.692513 13.7744 0 0 0 -0.836873 -0.547397
1607156552.047093000 0.75789 13.5524 0 0 0 -0.832377 -0.55421
1607156552.345871000 0.80511 13.3388 0 0 0 -0.828568 -0.559889
1607156552.645883000 0.850535 13.1331 0 0 0 -0.826882 -0.562375
1607156552.945892000 0.902384 12.9246 0 0 0 -0.826601 -0.562788
1607156553.245914000 0.957031 12.7098 0 0 0 -0.826981 -0.56223
1607156553.545924000 1.01031 12.4906 0 0 0 -0.827314 -0.561739
1607156553.844709000 1.06607 12.2716 0 0 0 -0.827874 -0.560915
1607156554.145945000 1.12306 12.0497 0 0 0 -0.829585 -0.55838
1607156554.448322000 1.17821 11.8272 0 0 0 -0.829977 -0.557797
1607156554.748338000 1.23519 11.6092 0 0 0 -0.830982 -0.556299
1607156555.048345000 1.29496 11.3912 0 0 0 -0.832101 -0.554623
1607156555.347153000 1.35504 11.1712 0 0 0 -0.833466 -0.55257
1607156555.647160000 1.4134 10.9487 0 0 0 -0.834143 -0.551548
1607156555.945964000 1.47751 10.7289 0 0 0 -0.83525 -0.54987
1607156556.245952000 1.54035 10.5075 0 0 0 -0.836814 -0.547487
1607156556.545969000 1.60159 10.2878 0 0 0 -0.836707 -0.54765
1607156556.845977000 1.6634 10.0725 0 0 0 -0.834329 -0.551266
1607156557.144781000 1.72204 9.8597 0 0 0 -0.832479 -0.554056
1607156557.444765000 1.77256 9.64812 0 0 0 -0.831164 -0.556027
1607156557.745971000 1.82731 9.43875 0 0 0 -0.831086 -0.556144
1607156558.048370000 1.88575 9.22607 0 0 0 -0.831971 -0.554819
1607156558.348374000 1.94359 9.00946 0 0 0 -0.833957 -0.55183
1607156558.648404000 2.00212 8.78952 0 0 0 -0.83462 -0.550826
1607156558.947203000 2.06676 8.56318 0 0 0 -0.832774 -0.553613
1607156559.247206000 2.12992 8.33577 0 0 0 -0.827274 -0.561799
1607156559.546022000 2.17717 8.1123 0 0 0 -0.821868 -0.569677
1607156559.846018000 2.22015 7.89608 0 0 0 -0.819629 -0.572895
1607156560.146007000 2.26499 7.68763 0 0 0 -0.818969 -0.573838
1607156560.446017000 2.30823 7.4839 0 0 0 -0.819633 -0.572889
1607156560.744860000 2.35079 7.27894 0 0 0 -0.819091 -0.573663
1607156561.044844000 2.39588 7.07236 0 0 0 -0.819561 -0.572992
1607156561.346027000 2.4452 6.85696 0 0 0 -0.82182 -0.569747
1607156561.647242000 2.49895 6.63631 0 0 0 -0.823176 -0.567786
1607156561.948437000 2.55108 6.41445 0 0 0 -0.823699 -0.567027
1607156562.248486000 2.59879 6.19288 0 0 0 -0.824749 -0.565499
1607156562.547274000 2.64769 5.96863 0 0 0 -0.826244 -0.563313
1607156562.847273000 2.70798 5.74356 0 0 0 -0.825593 -0.564267
1607156563.146090000 2.76811 5.51938 0 0 0 -0.820839 -0.57116
1607156563.446088000 2.81557 5.29624 0 0 0 -0.817906 -0.575352
1607156563.746095000 2.85279 5.07593 0 0 0 -0.814562 -0.580077
1607156564.044903000 2.88691 4.86412 0 0 0 -0.813477 -0.581597
1607156564.344898000 2.92727 4.6501 0 0 0 -0.813907 -0.580995
1607156564.646114000 2.96952 4.43082 0 0 0 -0.810284 -0.586038
1607156564.746913000 2.98327 4.35948 0 0 0 -0.80427 -0.594265
1607156564.847717000 2.99568 4.29087 0 0 0 -0.797647 -0.603125
1607156564.947293000 3.00331 4.22557 0 0 0 -0.790772 -0.612111
1607156565.048122000 3.00614 4.16232 0 0 0 -0.783322 -0.621616
1607156565.148925000 3.00695 4.10125 0 0 0 -0.777821 -0.628485
1607156565.349313000 3.00452 3.9863 0 0 0 -0.769644 -0.638473
1607156565.548526000 3.00218 3.8757 0 0 0 -0.762927 -0.646485
1607156565.848516000 2.99638 3.70971 0 0 0 -0.754399 -0.656416
1607156566.047715000 2.98233 3.59 0 0 0 -0.7451 -0.666953
1607156566.147334000 2.97131 3.52656 0 0 0 -0.737246 -0.675625
1607156566.248128000 2.95917 3.46162 0 0 0 -0.727839 -0.685748
1607156566.347734000 2.94731 3.39852 0 0 0 -0.717075 -0.696996
1607156566.447324000 2.93534 3.33877 0 0 0 -0.706008 -0.708204
1607156566.546929000 2.92431 3.2827 0 0 0 -0.693823 -0.720146
1607156566.647739000 2.91409 3.23154 0 0 0 -0.680972 -0.73231
1607156566.747331000 2.90665 3.18615 0 0 0 -0.667383 -0.744715
1607156566.846938000 2.90047 3.14804 0 0 0 -0.654698 -0.75589
1607156566.946552000 2.89504 3.11602 0 0 0 -0.645358 -0.76388
1607156567.046154000 2.88861 3.08803 0 0 0 -0.637623 -0.770349
1607156567.146957000 2.87771 3.06185 0 0 0 -0.630931 -0.775839
1607156567.346179000 2.84232 3.01107 0 0 0 -0.620827 -0.783948
1607156567.546576000 2.78467 2.954 0 0 0 -0.612118 -0.790767
1607156567.846570000 2.67068 2.84262 0 0 0 -0.60186 -0.798602
1607156567.946172000 2.6317 2.79322 0 0 0 -0.594444 -0.804137
1607156568.045776000 2.59508 2.74053 0 0 0 -0.584495 -0.811397
1607156568.146561000 2.56213 2.68594 0 0 0 -0.573379 -0.81929
1607156568.246184000 2.53552 2.63246 0 0 0 -0.560693 -0.828024
1607156568.345780000 2.51469 2.58073 0 0 0 -0.5479 -0.836544
1607156568.445371000 2.49931 2.53237 0 0 0 -0.53311 -0.846046
1607156568.544980000 2.48832 2.48664 0 0 0 -0.520067 -0.854125
1607156568.645764000 2.47857 2.44329 0 0 0 -0.506637 -0.862159
1607156568.745377000 2.46894 2.40399 0 0 0 -0.494553 -0.869147
1607156568.844960000 2.45673 2.36828 0 0 0 -0.481565 -0.87641
1607156568.944582000 2.44163 2.33586 0 0 0 -0.47211 -0.88154
1607156569.045386000 2.42353 2.3058 0 0 0 -0.462697 -0.886517
1607156569.145014000 2.4007 2.27704 0 0 0 -0.454324 -0.890836
1607156569.244580000 2.3744 2.24959 0 0 0 -0.443548 -0.896251
1607156569.345391000 2.34538 2.22229 0 0 0 -0.431149 -0.902281
1607156569.446195000 2.31499 2.19481 0 0 0 -0.416732 -0.90903
1607156569.546985000 2.28331 2.16853 0 0 0 -0.40171 -0.915767
1607156569.646597000 2.251 2.14528 0 0 0 -0.38518 -0.922842
1607156569.747415000 2.21685 2.12637 0 0 0 -0.369895 -0.929073
1607156569.848209000 2.18113 2.1132 0 0 0 -0.357222 -0.93402
1607156569.947805000 2.14494 2.10497 0 0 0 -0.348072 -0.937468
1607156570.149401000 2.06669 2.09481 0 0 0 -0.333858 -0.942623
1607156570.348603000 1.9806 2.08462 0 0 0 -0.323434 -0.946251
1607156570.547824000 1.88546 2.06068 0 0 0 -0.312293 -0.949986
1607156570.847808000 1.73385 1.9971 0 0 0 -0.302638 -0.953106
1607156571.247412000 1.51003 1.87594 0 0 0 -0.296713 -0.954967
1607156571.546245000 1.32719 1.76278 0 0 0 -0.297159 -0.954828
1607156571.846234000 1.13405 1.65117 0 0 0 -0.305126 -0.952312
1607156572.146230000 0.944838 1.55936 0 0 0 -0.309362 -0.950944
1607156572.345433000 0.826389 1.51257 0 0 0 -0.32344 -0.946249
1607156572.445044000 0.769817 1.49307 0 0 0 -0.334415 -0.942426
1607156572.545833000 0.713976 1.47357 0 0 0 -0.345855 -0.938288
1607156572.645441000 0.662312 1.4542 0 0 0 -0.359701 -0.933068
1607156572.745042000 0.613615 1.4336 0 0 0 -0.37221 -0.928149
1607156572.845848000 0.566962 1.41182 0 0 0 -0.381791 -0.924249
1607156572.945456000 0.523776 1.38854 0 0 0 -0.390477 -0.920613
1607156573.145857000 0.445641 1.33539 0 0 0 -0.402383 -0.915472
1607156573.346244000 0.378308 1.27528 0 0 0 -0.413265 -0.910611
1607156573.546768000 0.319818 1.20951 0 0 0 -0.431103 -0.902303
1607156573.647465000 0.293615 1.17793 0 0 0 -0.442403 -0.896816
1607156573.748263000 0.268685 1.14972 0 0 0 -0.455434 -0.89027
1607156573.847869000 0.245719 1.12586 0 0 0 -0.469372 -0.883
1607156573.948676000 0.224764 1.10624 0 0 0 -0.483637 -0.875268
1607156574.049492000 0.205265 1.09111 0 0 0 -0.498588 -0.866839
1607156574.149065000 0.188216 1.07652 0 0 0 -0.511742 -0.859139
1607156574.249872000 0.172561 1.06086 0 0 0 -0.522035 -0.852924
1607156574.349468000 0.1583 1.04388 0 0 0 -0.530482 -0.847696
1607156574.548683000 0.133479 1.00593 0 0 0 -0.541822 -0.840493
1607156574.747870000 0.114806 0.959674 0 0 0 -0.55516 -0.831744
1607156574.847501000 0.107591 0.934506 0 0 0 -0.566706 -0.82392
1607156574.947115000 0.100955 0.909231 0 0 0 -0.579869 -0.81471
1607156575.046703000 0.0948105 0.884723 0 0 0 -0.592903 -0.805274
1607156575.146287000 0.0904788 0.860812 0 0 0 -0.605842 -0.795585
1607156575.247107000 0.0873959 0.837077 0 0 0 -0.621167 -0.783678
1607156575.346685000 0.0863613 0.814961 0 0 0 -0.636036 -0.771659
1607156575.446297000 0.0885132 0.794596 0 0 0 -0.648336 -0.761354
1607156575.545902000 0.093365 0.776387 0 0 0 -0.662969 -0.748647
1607156575.645524000 0.0996838 0.76016 0 0 0 -0.677287 -0.735719
1607156575.746302000 0.108783 0.745097 0 0 0 -0.686922 -0.726731
1607156575.845899000 0.11883 0.730275 0 0 0 -0.698653 -0.71546
1607156575.945508000 0.128341 0.71626 0 0 0 -0.710199 -0.704001
1607156576.046316000 0.138277 0.698375 0 0 0 -0.717131 -0.696939
1607156576.145914000 0.14926 0.676974 0 0 0 -0.727267 -0.686354
1607156576.245523000 0.159377 0.65335 0 0 0 -0.737306 -0.675559
1607156576.345104000 0.16964 0.62922 0 0 0 -0.750169 -0.661246
1607156576.444715000 0.178733 0.60308 0 0 0 -0.762722 -0.646726
1607156576.545510000 0.187965 0.575597 0 0 0 -0.77332 -0.634016
1607156576.645104000 0.196139 0.548708 0 0 0 -0.783583 -0.621287
1607156576.745911000 0.204428 0.520509 0 0 0 -0.791164 -0.611605
1607156576.946406000 0.222348 0.457564 0 0 0 -0.806594 -0.591106
1607156577.247520000 0.260107 0.342843 0 0 0 -0.811834 -0.583889
1607156577.649533000 0.321345 0.168459 0 0 0 -0.806642 -0.591041
1607156577.848747000 0.345659 0.0773569 0 0 0 -0.800697 -0.599069
1607156578.147549000 0.368906 -0.0707101 0 0 0 -0.792218 -0.610239
1607156578.547156000 0.387755 -0.299221 0 0 0 -0.79309 -0.609104
1607156578.946753000 0.413058 -0.530676 0 0 0 -0.793092 -0.609101
1607156579.245561000 0.442905 -0.678249 0 0 0 -0.787098 -0.616828
1607156579.645182000 0.486784 -0.832658 0 0 0 -0.77886 -0.627198
1607156580.347173000 0.54972 -1.04091 0 0 0 -0.782507 -0.622642
1607156581.248397000 0.593349 -1.2184 0 0 0 -0.774627 -0.632418
