1610110902.595069885 -0.16145 -0.00813 -0.09913 -0.72232 0.03337 -0.01715 0.69054
1610110903.394579887 -0.14669 0.14861 -0.09417 -0.72238 0.03019 -0.01355 0.69071
1610110903.927589893 -0.14135 0.23791 -0.09427 -0.72422 0.01562 -0.00123 0.68940
1610110904.194089890 -0.14129 0.28361 -0.09359 -0.72285 0.00738 0.00422 0.69095
1610110904.993599892 -0.13886 0.44505 -0.09137 -0.72492 -0.00126 0.01615 0.68864
1610110905.260109901 -0.14020 0.49775 -0.09030 -0.72325 -0.00446 0.01486 0.69042
1610110905.593230009 -0.13614 0.56232 -0.08905 -0.72367 -0.00126 0.01669 0.68994
1610110906.992369890 -0.12075 0.83229 -0.08687 -0.72362 0.01778 -0.00292 0.68997
1610110907.258879900 -0.11777 0.88311 -0.08567 -0.72196 0.01806 -0.00543 0.69168
1610110907.658629894 -0.10976 0.96313 -0.08388 -0.72231 0.02170 -0.00492 0.69121
1610110908.058389902 -0.10343 1.05166 -0.08554 -0.72442 0.02423 -0.00962 0.68886
1610110910.790050030 -0.04968 1.59728 -0.07556 -0.72265 0.02589 -0.00905 0.69068
1610110911.656189919 -0.03448 1.77827 -0.07370 -0.72221 0.02553 -0.00782 0.69116
1610110912.122570038 -0.02640 1.87914 -0.07006 -0.72435 0.02661 -0.01123 0.68883
1610110912.522320032 -0.01901 1.96532 -0.07199 -0.72238 0.02445 -0.00879 0.69101
1610110912.922070026 -0.01052 2.05906 -0.07239 -0.72458 0.02654 -0.01099 0.68859
1610110913.355149984 -0.00349 2.15260 -0.06980 -0.72246 0.02494 -0.01015 0.69089
1610110915.054110050 0.02980 2.52790 -0.06463 -0.72282 0.02599 -0.01123 0.69046
1610110915.453860044 0.03696 2.61942 -0.06251 -0.72272 0.02445 -0.00792 0.69067
1610110916.852999926 0.05863 2.88796 -0.06189 -0.72202 0.02689 -0.00847 0.69130
1610110918.118890047 0.07541 3.10437 -0.04934 -0.72624 0.01767 -0.00244 0.68721
1610110918.551959991 0.07848 3.17323 -0.05220 -0.72197 0.01104 0.00466 0.69183
1610110918.885090113 0.08126 3.23459 -0.05188 -0.72093 0.01060 0.00570 0.69290
1610110920.317549944 0.08871 3.50938 -0.04798 -0.72427 0.00391 0.00864 0.68945
1610110920.750610113 0.09196 3.59306 -0.04611 -0.72377 0.00365 0.01190 0.68993
1610110921.250309944 0.09360 3.69821 -0.04218 -0.72421 0.00305 0.00912 0.68951
1610110922.149749994 0.09956 3.88056 -0.03646 -0.72205 0.00167 0.00856 0.69179
1610110922.482889891 0.10222 3.94946 -0.03520 -0.72420 -0.00058 0.01239 0.68948
1610110923.448960066 0.10829 4.15518 -0.03289 -0.72321 -0.00091 0.01359 0.69049
1610110924.514970064 0.11982 4.39452 -0.03083 -0.72459 0.00952 0.00529 0.68909
1610110925.014669895 0.12728 4.51967 -0.02887 -0.72494 0.01377 0.00191 0.68867
1610110925.414429903 0.13289 4.61726 -0.02677 -0.72246 0.01282 0.00275 0.69128
1610110925.647609949 0.13731 4.67695 -0.02715 -0.72138 0.01429 0.00569 0.69237
1610110926.147310019 0.14409 4.81024 -0.02708 -0.72446 0.01486 0.00119 0.68915
1610110926.247250080 0.14463 4.83848 -0.02862 -0.72220 0.01439 0.00080 0.69154
1610110926.713629961 0.15339 4.96760 -0.02582 -0.72217 0.01398 0.00415 0.69156
1610110926.813570023 0.15647 4.99531 -0.02475 -0.72387 0.01430 0.00262 0.68978
1610110928.146100044 0.17707 5.36828 -0.02317 -0.72443 0.01414 -0.00014 0.68920
1610110928.579149961 0.18260 5.49142 -0.02362 -0.71995 0.01351 0.00367 0.69389
1610110928.945590019 0.18594 5.59809 -0.01736 -0.72251 0.01582 0.00136 0.69118
1610110929.378659964 0.18790 5.69450 -0.01241 -0.72208 0.01360 0.00075 0.69168
1610110931.910449982 0.21922 6.23897 -0.00727 -0.72244 0.01322 0.00314 0.69130
1610110932.343509912 0.22178 6.32632 -0.00821 -0.72100 0.01091 0.00183 0.69285
1610110934.209029913 0.23838 6.70637 0.00735 -0.72048 0.01173 0.00206 0.69338
1610110935.141789913 0.24823 6.89849 0.02289 -0.72609 0.01079 0.00283 0.68751
1610110936.207809925 0.25589 7.13852 0.01629 -0.72125 0.01188 0.00410 0.69256
1610110937.606950045 0.27704 7.46978 0.02594 -0.72325 0.00850 0.00837 0.69048
1610110938.073329926 0.28374 7.58418 0.02613 -0.72423 0.01329 0.00259 0.68943
1610110938.539710045 0.29233 7.69608 0.02741 -0.72370 0.01858 -0.00239 0.68986
1610110938.672970057 0.29557 7.73178 0.02723 -0.72320 0.02141 -0.00197 0.69030
1610110939.172660112 0.30400 7.86733 0.02712 -0.72497 0.02648 -0.00968 0.68820
1610110939.605730057 0.30948 7.98423 0.02814 -0.72259 0.02741 -0.00993 0.69067
1610110939.972170115 0.31211 8.08708 0.03151 -0.72450 0.02951 -0.01550 0.68847
1610110940.471869946 0.32427 8.21148 0.03126 -0.72195 0.02800 -0.01515 0.69121
1610110940.904930115 0.33286 8.32990 0.02801 -0.72019 0.03136 -0.01626 0.69288
1610110941.304689884 0.34372 8.43836 0.04104 -0.72308 0.02942 -0.01773 0.68991
1610110941.804379940 0.35870 8.56361 0.04468 -0.72406 0.03012 -0.01589 0.68890
1610110942.270760059 0.37020 8.67505 0.04520 -0.72353 0.02893 -0.01920 0.68942
1610110942.770450115 0.38365 8.80158 0.05258 -0.72411 0.02805 -0.02058 0.68881
1610110943.236829996 0.39580 8.91678 0.05209 -0.72322 0.02977 -0.02902 0.68936
1610110943.736530066 0.41986 9.01688 0.05601 -0.72145 0.05222 -0.04884 0.68876
1610110944.236229897 0.44571 9.11591 0.04935 -0.71696 0.09146 -0.09614 0.68437
1610110944.669290066 0.50821 9.27552 0.05458 -0.71161 0.11989 -0.13036 0.67989
1610110944.802550077 0.54983 9.31992 0.05605 -0.70896 0.12843 -0.14001 0.67918
1610110944.835850000 0.56109 9.33051 0.05652 -0.70940 0.13017 -0.14081 0.67822
1610110944.869169950 0.57227 9.34009 0.05685 -0.70947 0.13149 -0.14202 0.67764
1610110944.935790062 0.59459 9.35837 0.05684 -0.70931 0.13489 -0.14733 0.67600
1610110945.002419949 0.61651 9.37446 0.05684 -0.70912 0.13906 -0.15148 0.67444
1610110945.069050074 0.63998 9.38665 0.05770 -0.70809 0.14375 -0.15513 0.67371
1610110945.135669947 0.66278 9.39594 0.05814 -0.70670 0.14859 -0.16291 0.67228
1610110945.168989897 0.67424 9.39869 0.05935 -0.70598 0.15165 -0.16508 0.67182
1610110945.202300072 0.68547 9.40068 0.05990 -0.70516 0.15528 -0.16853 0.67100
1610110945.735310078 0.79464 9.39929 0.06653 -0.69666 0.20210 -0.20542 0.65698
1610110946.268310070 0.74863 9.30294 0.06009 -0.67383 0.26642 -0.26703 0.63535
1610110946.801320076 0.66940 9.24774 0.05534 -0.64877 0.31958 -0.31053 0.61688
1610110947.334330082 0.59187 9.23847 0.04959 -0.62212 0.36950 -0.35477 0.59209
1610110947.400949955 0.58270 9.24090 0.04852 -0.62097 0.37410 -0.35934 0.58764
1610110947.434269905 0.57753 9.24181 0.04764 -0.62033 0.37571 -0.36216 0.58556
1610110947.734080076 0.54125 9.24232 0.04902 -0.60477 0.39501 -0.38615 0.57369
1610110948.233769894 0.50779 9.22762 0.06459 -0.57886 0.43335 -0.41643 0.55110
1610110948.466969967 0.50105 9.23304 0.06328 -0.56531 0.45054 -0.43192 0.53934
1610110951.098690033 0.24131 9.21874 0.06652 -0.47620 0.54415 -0.51149 0.46424
1610110953.896970034 0.52479 9.19362 0.05357 -0.48227 0.53596 -0.51093 0.46810
1610110956.795190096 0.79637 9.19564 0.05967 -0.49660 0.52203 -0.49769 0.48289
1610110959.660109997 1.16863 9.15127 0.07364 -0.47826 0.54302 -0.51234 0.46251
1610110961.025929928 1.33791 9.12989 0.07680 -0.48713 0.53323 -0.50633 0.47118
1610110961.892070055 1.44147 9.11469 0.07477 -0.48858 0.53162 -0.50347 0.47454
1610110964.257289886 1.76883 9.07631 0.08539 -0.49113 0.53244 -0.50262 0.47188
1610110967.222140074 2.20327 9.02633 0.08852 -0.49314 0.53325 -0.49915 0.47256
1610110968.221529961 2.36072 9.00714 0.08918 -0.49109 0.53334 -0.50068 0.47297
1610110968.421410084 2.39501 9.00544 0.08894 -0.48894 0.53256 -0.50226 0.47440
1610110971.319629908 2.86390 8.95791 0.09279 -0.50321 0.52222 -0.48982 0.48388
1610110972.385649920 3.05278 8.94391 0.09416 -0.50481 0.52078 -0.48794 0.48566
1610110975.017369986 3.48188 8.92438 0.08801 -0.52596 0.49810 -0.46252 0.51122
1610110977.682399988 3.96364 8.96652 0.10207 -0.53375 0.49453 -0.44472 0.52229
1610110978.082149982 4.01705 8.96816 0.10050 -0.54938 0.47880 -0.42610 0.53608
1610110979.481290102 4.23854 9.01143 0.09474 -0.61956 0.37873 -0.33455 0.60066
1610110979.947669983 4.33570 9.06082 0.09824 -0.64071 0.34516 -0.29994 0.61676
1610110980.280810118 4.39579 9.11499 0.10285 -0.65357 0.31825 -0.27684 0.62844
1610110980.713870049 4.46742 9.19041 0.10495 -0.66889 0.28408 -0.24095 0.64330
1610110981.580009937 4.48342 9.28593 0.10397 -0.69586 0.21851 -0.17469 0.66145
1610110984.378289938 4.57599 9.79793 0.12232 -0.71991 -0.03784 0.03970 0.69190
1610110986.377069950 4.56099 9.95565 0.12289 -0.72527 -0.02520 0.02657 0.68750
1610110987.776210070 4.56770 10.05952 0.12200 -0.72384 0.02913 -0.01301 0.68923
1610110988.175970078 4.57123 10.11242 0.12265 -0.72560 0.03476 -0.01845 0.68699
1610110990.474560022 4.58074 10.31206 0.12483 -0.72364 0.01601 -0.00756 0.68995
1610110991.407330036 4.59275 10.39946 0.12440 -0.72436 0.03943 -0.02996 0.68764
1610110991.507260084 4.59439 10.41309 0.12527 -0.72452 0.03838 -0.02934 0.68756
1610110991.973649979 4.59643 10.45851 0.12658 -0.72346 0.02273 -0.01620 0.68980
1610110992.473330021 4.60404 10.54149 0.12887 -0.72653 0.01463 -0.00926 0.68692
1610110992.873090029 4.60759 10.60921 0.12835 -0.72538 0.00728 -0.00642 0.68829
1610110993.272850037 4.61197 10.67412 0.12852 -0.72311 0.01369 -0.00603 0.69057
1610110995.937880039 4.66289 11.06206 0.12429 -0.72233 0.03855 -0.03076 0.68979
1610110998.569600105 4.68225 11.43599 0.12724 -0.72228 0.01275 -0.00482 0.69146
1610111000.368499994 4.70465 11.70032 0.12435 -0.72081 0.03575 -0.02458 0.69178
1610111002.533839941 4.74077 12.05863 0.12597 -0.72275 0.03652 -0.02579 0.68967
1610111003.300029993 4.75342 12.18721 0.12679 -0.72178 0.03479 -0.02550 0.69078
1610111003.699790001 4.76319 12.26068 0.12669 -0.72365 0.03617 -0.02773 0.68866
1610111004.066230059 4.77030 12.32450 0.12734 -0.72154 0.03420 -0.02837 0.69095
1610111005.365430117 4.80360 12.56588 0.13177 -0.72195 0.03503 -0.02368 0.69065
1610111005.698570013 4.81073 12.63127 0.13192 -0.72411 0.03538 -0.02754 0.68823
1610111006.098320007 4.81893 12.70870 0.13310 -0.72359 0.03347 -0.02779 0.68886
1610111006.531389952 4.83147 12.79722 0.13497 -0.72400 0.03575 -0.02381 0.68847
1610111006.964449883 4.84068 12.88091 0.13341 -0.72022 0.03438 -0.02651 0.69238
1610111007.364209890 4.85173 12.96243 0.13619 -0.72204 0.03456 -0.02148 0.69066
1610111007.763969898 4.86162 13.04842 0.13640 -0.72418 0.03582 -0.02530 0.68822
1610111008.130409956 4.86870 13.12768 0.13681 -0.72276 0.03385 -0.02398 0.68985
1610111008.530169964 4.87981 13.21244 0.13667 -0.72196 0.03524 -0.02240 0.69067
1610111008.929919958 4.89200 13.29760 0.14126 -0.71680 0.03414 -0.02595 0.69596
1610111009.329669952 4.90154 13.38712 0.14045 -0.72156 0.03254 -0.02131 0.69126
1610111011.195219994 4.92724 13.74409 0.14069 -0.72137 0.02129 -0.01153 0.69212
1610111012.061330080 4.93963 13.92251 0.14176 -0.72178 0.01971 -0.01285 0.69172
1610111012.927469969 4.95553 14.10371 0.14697 -0.71991 0.02097 -0.01353 0.69362
1610111013.393850088 4.96282 14.20938 0.14502 -0.72142 0.02032 -0.00791 0.69216
1610111013.826920033 4.97176 14.31165 0.14716 -0.72432 0.02136 -0.01071 0.68905
1610111014.259989977 4.97727 14.40483 0.14974 -0.72352 0.01823 -0.00840 0.69001
1610111014.659749985 4.98491 14.49529 0.14950 -0.72606 0.02061 -0.00908 0.68727
1610111015.092809916 4.99280 14.59365 0.14872 -0.72366 0.01778 -0.01014 0.68986
1610111015.226069927 4.99415 14.62709 0.14991 -0.72324 0.01798 -0.00909 0.69030
1610111015.359309912 4.99508 14.65843 0.14966 -0.72271 0.01917 -0.00717 0.69085
1610111018.157599926 5.04002 15.30434 0.15047 -0.72347 0.02030 -0.01185 0.68996
1610111019.090359926 5.05204 15.52005 0.14986 -0.72409 0.02250 -0.01222 0.68924
1610111019.523430109 5.05792 15.62262 0.14829 -0.72202 0.02330 -0.01018 0.69140
1610111019.956490040 5.06839 15.74270 0.15040 -0.72522 0.02386 -0.01379 0.68797
1610111020.189690113 5.07207 15.80793 0.14903 -0.72386 0.02238 -0.01348 0.68946
1610111021.055830002 5.09006 16.04961 0.14721 -0.72205 0.02394 -0.01553 0.69125
1610111021.488889933 5.09572 16.17468 0.15264 -0.72207 0.02500 -0.01203 0.69126
1610111021.921960115 5.10122 16.30780 0.15295 -0.72426 0.02655 -0.01592 0.68884
1610111022.321710110 5.10580 16.42533 0.15935 -0.72242 0.02463 -0.01396 0.69087
1610111022.621530056 5.11367 16.52065 0.16114 -0.72261 0.02724 -0.01373 0.69058
1610111023.254470110 5.12541 16.70105 0.16358 -0.72228 0.02528 -0.01524 0.69097
1610111023.754169941 5.14041 16.83009 0.16493 -0.72434 0.02594 -0.01615 0.68877
1610111024.087320089 5.14772 16.91179 0.16651 -0.72322 0.02457 -0.01589 0.69000
1610111024.387109995 5.15594 16.98791 0.16743 -0.72155 0.02418 -0.01262 0.69183
1610111025.053369999 5.17017 17.16166 0.16711 -0.72116 0.02397 -0.01589 0.69218
1610111025.519750118 5.18231 17.28518 0.17040 -0.72103 0.02346 -0.01239 0.69240
1610111025.886189938 5.19084 17.38647 0.17034 -0.72239 0.02500 -0.01515 0.69087
1610111026.385890007 5.20156 17.51551 0.17315 -0.72002 0.02248 -0.01126 0.69350
1610111026.652390003 5.20721 17.58537 0.17409 -0.71929 0.02443 -0.01257 0.69416
1610111027.118769884 5.21515 17.70934 0.17629 -0.72010 0.02252 -0.01500 0.69334
1610111027.385279894 5.22252 17.77672 0.17995 -0.71976 0.02308 -0.01121 0.69374
1610111028.617850065 5.24907 18.09167 0.19185 -0.72210 0.02447 -0.01131 0.69127
1610111029.050930023 5.25718 18.19704 0.19055 -0.72052 0.02848 -0.01821 0.69261
1610111029.983690023 5.28329 18.41690 0.20055 -0.72174 0.03416 -0.02258 0.69095
1610111030.416749954 5.30041 18.51369 0.19940 -0.72087 0.03250 -0.01874 0.69205
1610111030.816509962 5.31204 18.60787 0.19984 -0.72279 0.03420 -0.02245 0.68985
1610111031.083009958 5.31783 18.66677 0.19903 -0.72227 0.03275 -0.02268 0.69047
1610111031.549390078 5.33220 18.77174 0.20159 -0.72021 0.03262 -0.01997 0.69271
1610111031.949150085 5.34433 18.87244 0.20129 -0.72477 0.03325 -0.02127 0.68787
1610111032.348910093 5.35471 18.96283 0.20473 -0.72178 0.03046 -0.01872 0.69120
1610111032.815289974 5.36215 19.07203 0.20327 -0.72438 0.03321 -0.02018 0.68831
1610111033.281670094 5.36414 19.16656 0.19938 -0.72257 0.03131 -0.01844 0.69034
1610111033.548170090 5.36199 19.22005 0.19684 -0.72232 0.03234 -0.01601 0.69062
1610111033.981230021 5.36517 19.31102 0.19613 -0.72530 0.04240 -0.02152 0.68679
1610111034.480930090 5.37212 19.42648 0.19628 -0.72295 0.04534 -0.01996 0.68912
1610111034.880690098 5.37449 19.52835 0.19106 -0.72607 0.03710 -0.01408 0.68648
1610111035.280440092 5.36847 19.62114 0.18613 -0.72480 0.01338 0.00460 0.68881
1610111035.447010040 5.35820 19.65191 0.18142 -0.72433 0.00375 0.01545 0.68927
1610111035.880069971 5.34933 19.76175 0.18258 -0.72582 -0.01499 0.03733 0.68671
1610111036.379770041 5.32653 19.87144 0.18086 -0.72369 -0.05329 0.07179 0.68431
1610111036.779530048 5.29447 19.95551 0.17726 -0.71816 -0.08513 0.10599 0.68248
1610111037.245909929 5.23863 20.08237 0.17571 -0.71284 -0.12280 0.14433 0.67524
1610111037.712290049 5.16383 20.18781 0.17772 -0.70549 -0.16088 0.18048 0.66621
1610111037.878849983 5.15031 20.17872 0.16820 -0.70396 -0.17324 0.18972 0.66215
1610111037.978790045 5.14976 20.16645 0.15877 -0.70345 -0.18029 0.19533 0.65917
1610111038.511790037 5.20566 20.21975 0.12797 -0.69860 -0.21563 0.22830 0.64292
1610111039.044800043 5.33179 20.26540 0.04833 -0.68798 -0.25046 0.25682 0.63087
1610111039.477869987 5.37355 20.21121 0.03991 -0.67154 -0.28448 0.29157 0.61895
1610111039.977570057 5.37600 20.17854 0.03534 -0.65420 -0.32269 0.32848 0.60001
1610111042.942409992 5.18366 20.17590 0.05264 0.52591 0.49443 -0.48287 -0.49578
1610111044.807929993 4.98588 20.18437 0.05046 0.52011 0.50073 -0.48911 -0.48941
1610111045.307630062 4.92660 20.18980 0.05394 0.52844 0.49223 -0.48293 -0.49522
1610111046.207079887 4.81957 20.20295 0.05830 -0.53933 -0.47898 0.47309 0.50585
1610111047.572910070 4.63940 20.22397 0.06255 0.53611 0.48720 -0.47542 -0.49920
1610111048.039289951 4.58207 20.22956 0.06308 0.52929 0.49255 -0.48093 -0.49594
1610111048.505670071 4.51156 20.23326 0.06362 0.52781 0.49447 -0.48567 -0.49096
1610111049.005369902 4.43812 20.23717 0.06429 0.52545 0.49709 -0.48473 -0.49177
1610111050.970829964 4.14831 20.24699 0.06702 0.52509 0.49536 -0.48576 -0.49288
1610111051.337270021 4.08200 20.23980 0.06291 0.52552 0.49459 -0.48719 -0.49179
1610111054.302119970 3.67483 20.26472 0.06257 0.52603 0.49413 -0.48649 -0.49240
1610111054.735189915 3.60941 20.25520 0.05947 0.53029 0.49088 -0.48266 -0.49485
1610111057.633409977 3.32647 20.28070 0.05948 0.53449 0.48980 -0.47880 -0.49516
1610111060.465009928 3.04565 20.29757 0.05606 0.53138 0.49148 -0.48150 -0.49421
1610111062.863539934 2.72910 20.31014 0.05350 0.53000 0.49128 -0.48259 -0.49482
1610111063.796299934 2.60148 20.31653 0.05216 0.52930 0.49214 -0.48325 -0.49409
1610111064.795690060 2.46400 20.32759 0.05507 0.52904 0.49281 -0.48323 -0.49370
1610111065.195450068 2.41084 20.33212 0.05665 0.52890 0.49290 -0.48515 -0.49188
1610111065.628509998 2.34627 20.33570 0.05940 0.52853 0.49445 -0.48349 -0.49235
1610111066.028270006 2.28976 20.33834 0.06054 0.52764 0.49342 -0.48319 -0.49463
1610111066.894409895 2.15961 20.34846 0.06743 0.52790 0.49352 -0.48337 -0.49408
1610111067.360790014 2.09025 20.35459 0.07058 0.52772 0.49614 -0.48502 -0.49002
1610111067.760540009 2.02430 20.35864 0.06960 0.52724 0.49632 -0.48475 -0.49062
1610111068.193609953 1.96141 20.36528 0.07078 0.52660 0.49808 -0.48728 -0.48700
1610111068.526730061 1.90363 20.36556 0.07070 0.52467 0.49837 -0.48857 -0.48750
1610111069.159689903 1.77905 20.37318 0.06795 0.52200 0.49991 -0.48987 -0.48748
1610111069.292929888 1.74361 20.37420 0.06792 0.51982 0.49987 -0.49063 -0.48907
1610111069.692689896 1.62233 20.39322 0.07255 0.52213 0.50318 -0.48797 -0.48588
1610111069.726000071 1.61229 20.39453 0.07284 0.52218 0.50326 -0.48738 -0.48633
1610111069.925879955 1.55127 20.40281 0.07489 0.51970 0.50378 -0.48720 -0.48863
1610111070.025820017 1.51904 20.40529 0.07494 0.52049 0.50312 -0.48684 -0.48882
1610111070.425570011 1.41869 20.40624 0.07341 0.51906 0.50283 -0.49075 -0.48673
1610111070.525510073 1.38709 20.39671 0.06896 0.52002 0.50215 -0.49157 -0.48558
1610111070.825330019 1.31667 20.38468 0.06227 0.52089 0.50351 -0.48907 -0.48576
1610111070.858639956 1.30270 20.37272 0.05668 0.52122 0.50257 -0.48857 -0.48688
1610111071.291709900 1.21842 20.36474 0.04821 0.51778 0.50207 -0.49236 -0.48725
1610111071.758090019 1.11643 20.35877 0.04283 0.51898 0.50449 -0.48986 -0.48599
1610111072.191149950 1.03026 20.35141 0.03738 0.51945 0.50343 -0.49096 -0.48547
1610111072.590909958 0.94619 20.34187 0.03086 0.52596 0.49772 -0.48427 -0.49104
1610111073.057290077 0.85723 20.33597 0.02641 0.53128 0.49145 -0.47786 -0.49786
1610111073.556989908 0.74507 20.33555 0.02685 0.53415 0.48778 -0.47677 -0.49945
1610111073.656929970 0.71476 20.32303 0.02104 0.53528 0.48911 -0.47397 -0.49959
1610111074.089989901 0.63127 20.31572 0.01761 -0.53697 -0.48660 0.47309 0.50108
1610111074.589689970 0.52753 20.31038 0.01369 0.53827 0.48604 -0.47454 -0.49883
1610111075.022749901 0.43901 20.30053 0.01074 0.53804 0.48597 -0.47385 -0.49982
1610111075.389199972 0.36189 20.30189 0.01141 0.53772 0.48647 -0.47715 -0.49653
1610111075.888890028 0.25442 20.31580 0.01293 0.53294 0.49263 -0.48234 -0.49056
1610111076.388590097 0.17346 20.32357 0.01548 0.51262 0.51236 -0.50224 -0.47165
1610111076.888279915 0.08084 20.32398 0.02135 0.49703 0.52968 -0.51741 -0.45243
1610111077.354660034 -0.01159 20.31712 0.01807 0.48225 0.53378 -0.53142 -0.44733
1610111077.821039915 -0.12035 20.31014 0.03031 0.47620 0.55019 -0.53669 -0.42719
1610111078.287430048 -0.21914 20.28889 0.03207 0.45133 0.56913 -0.55370 -0.40720
1610111078.720489979 -0.32034 20.25130 0.03220 0.42145 0.58926 -0.57590 -0.37881
1610111079.186870098 -0.40669 20.21808 0.03597 0.38919 0.61333 -0.59396 -0.34578
1610111079.653249979 -0.45850 20.17939 0.03723 0.35313 0.63398 -0.61326 -0.31190
1610111080.086319923 -0.49275 20.13833 0.04749 0.32683 0.64799 -0.62719 -0.28271
1610111080.386130095 -0.52770 20.10056 0.05280 0.31069 0.65747 -0.63321 -0.26507
1610111080.819210052 -0.57967 20.03402 0.06500 0.28002 0.67264 -0.64290 -0.23625
1610111082.917920113 -0.76033 19.67132 0.07247 0.10145 0.71745 -0.68537 -0.07241
1610111083.350990057 -0.77361 19.55779 0.06356 0.06136 0.71893 -0.69111 -0.04186
1610111083.784049988 -0.77358 19.44671 0.06572 0.02224 0.72120 -0.69235 -0.00491
1610111084.150490046 -0.77146 19.36175 0.07153 0.00181 0.72222 -0.69156 0.01228
1610111085.616270065 -0.75652 18.98617 0.08304 -0.02570 0.72272 -0.68987 0.03314
1610111086.082649946 -0.75483 18.86764 0.08595 -0.02342 0.72201 -0.69069 0.03318
1610111086.782210112 -0.75115 18.71015 0.08608 -0.01404 0.72236 -0.69099 0.02286
1610111087.148659945 -0.75100 18.62552 0.08775 -0.01268 0.72160 -0.69178 0.02407
1610111087.515100002 -0.75107 18.53226 0.08858 -0.00525 0.72327 -0.69037 0.01568
1610111088.414550066 -0.76639 18.32260 0.08985 0.01240 0.72211 -0.69165 0.00504
1610111088.914249897 -0.77764 18.21756 0.09220 0.02519 0.72319 -0.69010 -0.01117
1610111089.313999891 -0.78941 18.13007 0.09487 0.03460 0.72232 -0.69049 -0.01682
1610111090.513269901 -0.81885 17.88872 0.09298 0.01707 0.72300 -0.69064 -0.00017
1610111090.946330070 -0.82887 17.78033 0.08880 0.00534 0.72308 -0.69073 0.00416
1610111091.679209948 -0.83870 17.60324 0.08768 0.00142 0.72335 -0.69044 0.00698
1610111092.145590067 -0.84303 17.49301 0.08919 0.00372 0.72162 -0.69226 0.00558
1610111092.478729963 -0.84997 17.40459 0.08973 0.00497 0.72209 -0.69177 0.00415
1610111092.878499985 -0.85609 17.30328 0.08936 0.00591 0.72280 -0.69104 0.00105
1610111093.244930029 -0.86363 17.22571 0.09017 0.01204 0.72121 -0.69261 -0.00191
1610111094.011120081 -0.87983 17.03515 0.09174 0.01871 0.72208 -0.69147 -0.01121
1610111094.144370079 -0.88513 17.00289 0.09232 0.01977 0.72094 -0.69266 -0.00896
1610111094.644069910 -0.89956 16.86966 0.09465 0.02171 0.72521 -0.68808 -0.01238
1610111095.110450029 -0.90860 16.75373 0.09649 0.02033 0.72235 -0.69114 -0.01127
1610111095.576829910 -0.92176 16.62603 0.09491 0.02287 0.72351 -0.68986 -0.01048
1610111096.043210030 -0.93477 16.49073 0.09724 0.02056 0.72439 -0.68898 -0.01171
1610111096.476269960 -0.94942 16.36125 0.09634 0.02243 0.72423 -0.68911 -0.01070
1610111096.909349918 -0.97253 16.21699 0.09297 0.02145 0.72500 -0.68832 -0.01139
1610111097.409039974 -0.99837 16.05707 0.09693 0.02010 0.72359 -0.68989 -0.00790
1610111097.508970022 -1.00383 16.01728 0.09378 0.01835 0.72254 -0.69103 -0.00854
1610111097.908730030 -1.02090 15.85813 0.08764 0.01471 0.72023 -0.69347 -0.01270
1610111097.975359917 -1.02946 15.84178 0.08714 0.01612 0.71997 -0.69370 -0.01260
1610111100.740329981 -1.05401 15.59508 0.08586 0.01505 0.72364 -0.68999 -0.00667
1610111103.671869993 -1.07902 15.46115 0.07709 0.00909 0.72046 -0.69343 -0.00337
1610111106.436840057 -1.10421 15.22175 0.06741 0.01899 0.72063 -0.69303 -0.00722
1610111109.201809883 -1.14029 14.89381 0.07517 0.01456 0.72197 -0.69176 -0.00424
1610111112.166670084 -1.16254 14.57247 0.06476 0.01122 0.72130 -0.69253 -0.00352
1610111114.531879902 -1.20564 14.31159 0.06206 0.04402 0.71914 -0.69281 -0.03036
1610111116.497349977 -1.23051 14.05561 0.06228 0.00618 0.72052 -0.69340 0.00271
1610111117.330169916 -1.24604 13.92676 0.05934 0.00118 0.72132 -0.69258 0.00548
1610111117.829859972 -1.25369 13.85364 0.05945 0.00298 0.72341 -0.69041 0.00283
1610111119.162369967 -1.27138 13.66662 0.06178 0.02032 0.72206 -0.69140 -0.01353
1610111119.895260096 -1.28264 13.56186 0.06007 0.02795 0.72575 -0.68713 -0.01874
1610111120.028510094 -1.28378 13.54188 0.05821 0.02683 0.72422 -0.68875 -0.02064
1610111120.994590044 -1.30354 13.38624 0.05860 0.02788 0.72033 -0.69273 -0.02199
1610111122.093909979 -1.32867 13.19143 0.05581 0.02815 0.72349 -0.68947 -0.01993
1610111122.193850040 -1.33303 13.17149 0.05490 0.02730 0.72322 -0.68981 -0.01931
1610111122.960050106 -1.34802 13.04099 0.05341 0.02842 0.72037 -0.69274 -0.01935
1610111124.792259932 -1.38384 12.73044 0.05635 0.02575 0.72210 -0.69113 -0.01598
1610111125.258640051 -1.39120 12.64342 0.05713 0.02345 0.72200 -0.69129 -0.01703
1610111125.525150061 -1.39586 12.60122 0.05783 0.02463 0.72178 -0.69155 -0.01372
1610111125.924900055 -1.40286 12.53439 0.05984 0.02497 0.71962 -0.69372 -0.01693
1610111126.357969999 -1.41084 12.45445 0.05832 0.02266 0.72050 -0.69297 -0.01310
1610111127.224109888 -1.42466 12.29914 0.05863 0.02137 0.72104 -0.69241 -0.01480
1610111127.723789930 -1.43367 12.21388 0.06021 0.02257 0.72206 -0.69135 -0.01250
1610111128.623250008 -1.44758 12.05626 0.06426 0.02064 0.72020 -0.69337 -0.01170
1610111129.056309938 -1.45331 11.97450 0.06564 0.01965 0.72327 -0.69015 -0.01362
1610111129.522690058 -1.46099 11.90208 0.06518 0.01951 0.72230 -0.69125 -0.00905
1610111129.922450066 -1.46590 11.82814 0.07143 0.02021 0.72209 -0.69139 -0.01223
1610111130.188950062 -1.47044 11.77659 0.06891 0.01846 0.72480 -0.68863 -0.01053
1610111130.688649893 -1.47724 11.68397 0.07075 0.01942 0.72236 -0.69119 -0.00857
1610111131.188339949 -1.48305 11.58539 0.07275 0.01840 0.72238 -0.69119 -0.00937
1610111131.288280010 -1.48370 11.56652 0.07264 0.01761 0.72295 -0.69061 -0.00908
1610111131.754659891 -1.49137 11.47982 0.07524 0.01808 0.72517 -0.68831 -0.00609
1610111132.054470062 -1.49092 11.41818 0.07475 0.01566 0.72697 -0.68645 -0.00737
1610111132.520849943 -1.49409 11.33999 0.07494 0.00588 0.72587 -0.68778 0.00611
1610111133.020550013 -1.49732 11.23262 0.07241 -0.00515 0.72843 -0.68494 0.01482
1610111133.520250082 -1.50187 11.12970 0.06909 -0.01316 0.72658 -0.68654 0.02404
1610111133.953310013 -1.50512 11.03813 0.06426 -0.01589 0.72548 -0.68750 0.02766
1610111134.353070021 -1.50274 10.95711 0.06853 -0.02151 0.72535 -0.68718 0.03450
1610111134.819449902 -1.49401 10.85614 0.06891 -0.03342 0.72434 -0.68683 0.04979
1610111135.319149971 -1.47760 10.72687 0.06524 -0.05406 0.72485 -0.68341 0.06803
1610111135.818830013 -1.45302 10.60614 0.05943 -0.08315 0.71937 -0.68260 0.09823
1610111136.085340023 -1.44138 10.51948 0.05639 -0.09149 0.71985 -0.67980 0.10640
1610111136.451790094 -1.42161 10.40171 0.05269 -0.10668 0.71923 -0.67570 0.12148
1610111136.784909964 -1.39496 10.29819 0.04894 -0.12757 0.71548 -0.67224 0.14109
1610111136.851530075 -1.39776 10.27013 0.04215 -0.13196 0.71540 -0.67007 0.14764
1610111137.217979908 -1.36455 10.16810 0.03647 -0.15205 0.70922 -0.66797 0.16645
1610111137.417850018 -1.34590 10.09887 0.02891 -0.16134 0.70905 -0.66365 0.17550
1610111137.750989914 -1.29950 10.00869 0.02153 -0.18364 0.70200 -0.66021 0.19390
1610111138.184050083 -1.22557 9.90864 0.01597 -0.21707 0.68986 -0.65188 0.22809
1610111138.650429964 -1.14046 9.80987 0.01251 -0.25253 0.67851 -0.63830 0.26160
1610111139.083509922 -1.06701 9.73239 0.00983 -0.29044 0.66226 -0.62515 0.29366
1610111141.015650034 -0.73015 9.53720 0.03022 -0.43028 0.58049 -0.54575 0.42434
1610111141.382090092 -0.65578 9.51845 0.02844 -0.45222 0.56463 -0.52913 0.44353
1610111141.881789923 -0.53982 9.49547 0.03322 -0.46702 0.54994 -0.51834 0.45911
1610111142.248229980 -0.43767 9.47996 0.03231 -0.47229 0.54429 -0.51320 0.46617
1610111142.714610100 -0.31223 9.45883 0.03279 -0.47660 0.54122 -0.51104 0.46773
1610111145.313019991 0.06120 9.39546 0.06275 -0.50399 0.51860 -0.48836 0.48842
1610111148.044680119 0.07461 9.21708 0.04661 -0.50731 0.51356 -0.48516 0.49347
1610111151.009530067 0.32540 9.20396 0.04148 -0.48565 0.52817 -0.50635 0.47832
1610111153.374749899 0.39531 9.18918 0.05001 -0.50603 0.51293 -0.48976 0.49089
1610111154.307509899 0.48244 9.18386 0.05323 -0.49338 0.52394 -0.50152 0.48015
1610111154.807199955 0.53871 9.17917 0.05421 -0.49251 0.52750 -0.50337 0.47519
1610111156.306289911 0.71806 9.16081 0.05679 -0.49048 0.52793 -0.50342 0.47676
1610111159.071249962 1.08619 9.12317 0.06720 -0.48994 0.53065 -0.50355 0.47414
1610111160.803529978 1.29581 9.11097 0.07118 -0.50651 0.51558 -0.49012 0.48725
1610111161.902849913 1.44480 9.10665 0.07389 0.51377 -0.50823 0.48269 -0.49473
1610111164.101510048 1.74168 9.10582 0.08506 0.51740 -0.50580 0.47858 -0.49742
1610111164.867710114 1.85416 9.10682 0.08507 0.51788 -0.50661 0.47709 -0.49752
1610111165.167520046 1.90072 9.10704 0.08396 0.51768 -0.50265 0.47959 -0.49934
1610111167.799259901 2.29569 9.09516 0.08630 -0.50657 0.51902 -0.48771 0.48594
1610111168.565429926 2.40914 9.08269 0.08933 -0.49843 0.52145 -0.49516 0.48422
1610111168.831939936 2.45564 9.07625 0.09111 -0.49762 0.52549 -0.49491 0.48094
1610111169.098449945 2.50129 9.07116 0.09142 -0.49645 0.52500 -0.49734 0.48018
1610111169.398260117 2.55323 9.06394 0.09233 -0.49658 0.52475 -0.49684 0.48082
1610111171.930049896 2.97771 9.02428 0.09704 -0.49562 0.52827 -0.49726 0.47753
1610111172.296489954 3.04035 9.01784 0.09785 -0.49522 0.52579 -0.49680 0.48114
1610111172.696239948 3.11407 9.00749 0.09897 -0.49575 0.52642 -0.49450 0.48227
1610111173.062680006 3.18174 8.99753 0.10152 -0.49830 0.52662 -0.49542 0.47847
1610111174.395200014 3.41135 8.98094 0.10175 -0.49796 0.52493 -0.49381 0.48233
1610111174.894890070 3.51306 8.97308 0.10393 -0.49799 0.52840 -0.49270 0.47963
1610111176.094150066 3.74338 8.95538 0.10468 -0.49731 0.52635 -0.49311 0.48217
1610111176.560529947 3.83879 8.94502 0.10741 -0.49808 0.52393 -0.49175 0.48538
1610111177.026920080 3.93200 8.93682 0.10852 -0.49747 0.52526 -0.49297 0.48333
1610111177.260109901 3.98042 8.93326 0.10967 -0.49729 0.52271 -0.49293 0.48631
1610111177.659869909 4.06744 8.92526 0.10992 -0.49743 0.52409 -0.48902 0.48862
1610111178.059619904 4.15238 8.92134 0.10979 -0.49934 0.52310 -0.49111 0.48563
1610111178.292809963 4.19962 8.91789 0.11004 -0.50026 0.52107 -0.49022 0.48777
1610111178.792510033 4.31383 8.90493 0.11125 -0.50260 0.52123 -0.48852 0.48689
1610111179.258889914 4.41506 8.90003 0.11534 -0.50241 0.51819 -0.49096 0.48788
1610111179.558700085 4.48631 8.89223 0.11706 -0.50413 0.51688 -0.49045 0.48800
1610111179.958450079 4.58320 8.87669 0.11628 -0.50609 0.51865 -0.49097 0.48355
1610111180.291589975 4.64121 8.86934 0.11646 -0.49573 0.52434 -0.50060 0.47826
1610111180.658030033 4.70782 8.85524 0.11934 -0.47846 0.54273 -0.51310 0.46179
1610111181.091089964 4.79242 8.83146 0.12020 -0.45954 0.56062 -0.53039 0.43957
1610111181.524169922 4.88166 8.80507 0.12317 -0.44876 0.56926 -0.53851 0.42961
1610111181.657409906 4.90778 8.79490 0.12411 -0.44575 0.57295 -0.54105 0.42462
1610111181.990550041 4.97480 8.77176 0.12479 -0.43188 0.58476 -0.55158 0.40902
1610111182.323669910 5.03926 8.74618 0.12590 -0.41136 0.59747 -0.56721 0.38998
1610111182.823369980 5.13989 8.69131 0.12765 -0.37949 0.62173 -0.58563 0.35564
1610111182.923310041 5.15842 8.67912 0.12780 -0.37227 0.62546 -0.59022 0.34907
1610111183.323060036 5.23516 8.62631 0.12834 -0.34077 0.63991 -0.60754 0.32449
1610111183.789439917 5.33253 8.54301 0.12971 -0.30499 0.65826 -0.62465 0.28894
1610111183.956010103 5.36670 8.50883 0.12993 -0.29217 0.66238 -0.63249 0.27540
1610111184.322449923 5.44048 8.42866 0.12859 -0.26418 0.67204 -0.64547 0.24887
1610111184.788830042 5.52688 8.30810 0.12757 -0.22319 0.68553 -0.65863 0.21552
1610111185.121959925 5.58476 8.21286 0.13033 -0.19696 0.69257 -0.66733 0.19034
1610111185.221889973 5.60110 8.18159 0.13031 -0.18739 0.69440 -0.66964 0.18516
1610111185.555030107 5.64302 8.07494 0.13473 -0.15713 0.69909 -0.67830 0.16278
1610111185.921469927 5.68810 7.92876 0.13796 -0.12674 0.70662 -0.68259 0.13679
1610111186.121350050 5.71177 7.83894 0.13853 -0.11054 0.70931 -0.68572 0.12020
1610111186.287909985 5.72081 7.76540 0.14391 -0.09816 0.71103 -0.68768 0.10907
1610111186.421169996 5.72980 7.72450 0.14559 -0.08518 0.71399 -0.68761 0.10081
1610111189.252759933 5.86338 7.22052 0.17481 -0.16569 0.70639 -0.66589 0.17365
1610111189.619210005 5.89751 7.16323 0.17950 -0.18799 0.70046 -0.66082 0.19322
1610111190.085589886 5.94833 7.10143 0.17370 -0.22294 0.68700 -0.65339 0.22675
1610111190.551970005 6.01237 7.02688 0.17323 -0.24741 0.68012 -0.64459 0.24643
1610111190.985029936 6.07776 6.95067 0.17499 -0.26212 0.67321 -0.64130 0.25850
1610111191.318160057 6.12904 6.89091 0.17859 -0.26568 0.67034 -0.63965 0.26628
1610111191.717930079 6.18971 6.81793 0.17892 -0.27124 0.66997 -0.63721 0.26744
1610111192.051049948 6.23938 6.76017 0.18586 -0.27679 0.66691 -0.63654 0.27100
1610111192.484110117 6.28921 6.69502 0.18723 -0.27103 0.66838 -0.63832 0.26902
1610111192.983809948 6.34924 6.62264 0.18764 -0.25290 0.67581 -0.64623 0.24840
1610111193.316930056 6.38940 6.56604 0.19186 -0.23844 0.68153 -0.64942 0.23857
1610111193.783309937 6.44327 6.48809 0.19357 -0.21189 0.69177 -0.65702 0.21186
1610111194.249700069 6.48807 6.41379 0.19470 -0.19348 0.69480 -0.66300 0.20062
1610111194.649450064 6.52821 6.34602 0.19305 -0.19392 0.69547 -0.66249 0.19956
1610111195.848720074 6.62723 6.21031 0.20488 -0.22414 0.68739 -0.65660 0.21478
1610111196.115240097 6.63675 6.20119 0.20719 -0.21736 0.68845 -0.66079 0.20533
1610111196.381730080 6.64170 6.19045 0.20899 -0.20501 0.69203 -0.66490 0.19230
1610111196.581609964 6.64578 6.17710 0.21209 -0.19174 0.69635 -0.66834 0.17794
1610111196.881419897 6.64362 6.14913 0.21620 -0.16900 0.70341 -0.67270 0.15536
1610111197.181230068 6.63924 6.11026 0.22115 -0.14623 0.70612 -0.68058 0.12972
1610111197.481050014 6.62414 6.05478 0.23541 -0.12021 0.71009 -0.68513 0.10912
1610111198.247250080 6.61743 5.97804 0.24645 -0.05351 0.72026 -0.68956 0.05357
1610111198.447129965 6.61591 5.96322 0.24772 -0.03572 0.71995 -0.69190 0.04094
1610111201.078850031 6.61029 5.71355 0.25189 0.00019 0.72299 -0.69082 0.00738
1610111203.777189970 6.60204 5.43477 0.25538 0.00377 0.72148 -0.69237 0.00900
1610111205.909219980 6.57904 5.20328 0.25655 0.02808 0.72246 -0.69070 -0.01443
1610111206.275670052 6.57677 5.16089 0.25982 0.02278 0.72009 -0.69337 -0.01380
1610111209.040630102 6.54723 4.85391 0.26633 0.02474 0.72293 -0.69031 -0.01541
1610111210.639650106 6.52980 4.67266 0.27111 0.02083 0.72094 -0.69260 -0.01097
1610111211.006089926 6.52527 4.62583 0.27374 0.02079 0.71943 -0.69409 -0.01478
1610111211.772289991 6.51705 4.53418 0.27460 0.02235 0.72292 -0.69046 -0.01265
1610111213.304689884 6.49034 4.37389 0.27640 0.05534 0.72070 -0.68977 -0.04178
1610111213.604510069 6.48732 4.34642 0.27730 0.04565 0.72100 -0.69075 -0.03075
1610111214.070889950 6.48151 4.28988 0.27879 0.03913 0.72339 -0.68890 -0.02428
1610111214.470639944 6.47676 4.24091 0.27968 0.03159 0.72126 -0.69165 -0.02011
1610111215.636590004 6.46177 4.09877 0.28176 0.02401 0.72064 -0.69282 -0.01019
1610111216.136290073 6.45721 4.03203 0.28203 0.02308 0.72409 -0.68926 -0.00952
1610111219.101130009 6.43766 3.71761 0.28730 0.01084 0.72303 -0.69073 0.00365
1610111221.899440050 6.42549 3.41290 0.29215 0.00594 0.72176 -0.69210 0.00605
1610111223.365190029 6.41881 3.23928 0.29490 0.00278 0.72259 -0.69125 0.00574
1610111223.764950037 6.41676 3.19293 0.29673 0.00239 0.71849 -0.69547 0.00927
1610111224.497829914 6.41451 3.10592 0.29936 0.00220 0.72210 -0.69174 0.00765
1610111225.730410099 6.40974 2.96599 0.30087 0.00117 0.72203 -0.69177 0.01143
1610111226.529910088 6.40826 2.87146 0.30092 -0.00131 0.72173 -0.69212 0.00825
1610111227.029609919 6.40516 2.81071 0.30396 0.00300 0.72218 -0.69165 0.00807
1610111227.495990038 6.40173 2.75515 0.30600 0.00932 0.72118 -0.69268 -0.00117
1610111228.928450108 6.38922 2.58549 0.30792 0.01693 0.72089 -0.69280 -0.00763
1610111229.161639929 6.38697 2.55482 0.30761 0.01858 0.72415 -0.68935 -0.00793
1610111231.993230104 6.36278 2.21347 0.31776 0.01396 0.72171 -0.69205 -0.00240
1610111234.225209951 6.34808 1.93631 0.32520 0.01143 0.72079 -0.69306 -0.00157
1610111234.658269882 6.34585 1.88251 0.32430 0.00518 0.72178 -0.69208 0.00557
1610111235.024709940 6.34571 1.84308 0.32347 -0.00030 0.72245 -0.69136 0.00977
1610111235.990789890 6.34606 1.71820 0.32747 -0.01123 0.72142 -0.69213 0.01987
1610111236.490499973 6.34596 1.64672 0.32977 -0.01437 0.72303 -0.69039 0.01941
1610111236.790290117 6.34569 1.60716 0.33115 -0.01658 0.72245 -0.69085 0.02263
1610111237.123430014 6.34433 1.55385 0.33371 -0.01523 0.72442 -0.68883 0.02215
1610111237.356610060 6.34629 1.52005 0.33300 -0.01131 0.72516 -0.68835 0.01382
1610111237.789690018 6.34001 1.47245 0.33241 0.00822 0.72277 -0.69104 -0.00066
1610111238.189440012 6.33235 1.41135 0.33474 0.02231 0.72236 -0.69105 -0.01251
1610111238.322690010 6.32940 1.38879 0.33645 0.02640 0.72438 -0.68868 -0.01737
1610111238.455950022 6.32610 1.36882 0.33588 0.03069 0.72368 -0.68906 -0.02318
1610111238.889009953 6.31312 1.30439 0.33632 0.04461 0.72140 -0.69032 -0.03234
1610111239.088890076 6.30383 1.27172 0.33931 0.05189 0.72133 -0.68933 -0.04262
1610111239.588589907 6.27709 1.18578 0.34306 0.07253 0.72127 -0.68573 -0.06552
1610111239.821769953 6.26395 1.14157 0.34404 0.08455 0.71862 -0.68612 -0.07538
1610111240.488029957 6.23680 1.08854 0.33617 0.14858 0.70863 -0.67673 -0.13342
1610111240.587970018 6.22937 1.07510 0.33620 0.15292 0.70824 -0.67491 -0.13970
1610111241.087670088 6.17152 0.97532 0.34794 0.16875 0.70602 -0.67135 -0.14952
1610111241.354170084 6.13491 0.91334 0.34999 0.18081 0.70530 -0.66694 -0.15825
1610111241.487420082 6.11393 0.88122 0.34993 0.18939 0.70532 -0.66294 -0.16481
1610111241.587349892 6.09741 0.85796 0.35031 0.19638 0.70370 -0.66105 -0.17105
1610111241.720609903 6.07883 0.82740 0.34381 0.20325 0.69832 -0.65964 -0.18950
1610111241.853859901 6.06157 0.80130 0.33585 0.21714 0.69226 -0.65495 -0.21134
1610111241.987109900 6.04183 0.79018 0.33585 0.23204 0.68565 -0.65078 -0.22920
1610111242.087049961 6.02620 0.79062 0.33893 0.24150 0.68030 -0.64854 -0.24137
1610111242.386869907 5.96221 0.78456 0.35019 0.27357 0.66577 -0.63840 -0.27268
1610111242.453490019 5.94671 0.78086 0.35350 0.28034 0.66170 -0.63716 -0.27855
1610111242.553430080 5.92207 0.77452 0.35710 0.29085 0.65591 -0.63423 -0.28799
1610111242.686690092 5.88488 0.76272 0.36551 0.30595 0.64805 -0.62854 -0.30227
1610111242.819930077 5.85242 0.74852 0.37097 0.32090 0.64229 -0.61972 -0.31693
1610111242.853250027 5.84657 0.74676 0.37223 0.32498 0.64027 -0.61761 -0.32094
1610111242.919869900 5.83720 0.74521 0.37521 0.33347 0.63557 -0.61396 -0.32847
1610111242.986500025 5.83000 0.74550 0.37767 0.34257 0.63076 -0.60927 -0.33702
1610111243.186369896 5.82267 0.75151 0.38447 0.36891 0.61526 -0.59506 -0.36231
1610111243.286309958 5.82380 0.75801 0.38772 0.38213 0.60655 -0.58841 -0.37397
1610111243.985889912 5.75152 0.75808 0.40186 0.43359 0.57412 -0.55361 -0.41941
1610111244.052510023 5.74101 0.75793 0.40204 0.43610 0.57209 -0.55222 -0.42141
1610111244.119139910 5.73016 0.75737 0.40342 0.43988 0.57007 -0.54986 -0.42331
1610111246.886379957 5.51041 0.76261 0.41985 -0.55652 -0.45906 0.45286 0.52389
1610111249.795700073 5.20288 0.79943 0.43619 0.52446 0.49665 -0.48415 -0.49384
1610111251.969340086 4.95255 0.81704 0.43987 0.52122 0.49939 -0.48752 -0.49118
1610111252.069659948 4.93798 0.81875 0.44044 0.52108 0.49895 -0.48889 -0.49041
1610111254.845230103 4.62155 0.83594 0.44695 0.51789 0.50233 -0.48834 -0.49091
1610111257.319829941 4.31550 0.85124 0.45147 0.51593 0.50173 -0.49284 -0.48907
1610111260.028520107 3.95965 0.87830 0.46107 0.52924 0.49272 -0.48151 -0.49526
1610111260.797650099 3.84640 0.88948 0.46293 0.52908 0.49138 -0.48334 -0.49497
1610111262.001509905 3.66559 0.90258 0.46535 0.52929 0.49372 -0.48170 -0.49402
1610111262.837519884 3.53706 0.91337 0.46671 0.52807 0.49398 -0.48231 -0.49448
1610111263.439450026 3.44233 0.92107 0.46691 0.52693 0.49393 -0.48517 -0.49294
1610111264.944279909 3.17756 0.94093 0.47184 0.52532 0.49565 -0.48404 -0.49403
1610111265.345560074 3.10523 0.94619 0.47429 0.52456 0.49633 -0.48558 -0.49266
1610111266.181580067 2.95455 0.95774 0.47856 0.52538 0.49793 -0.48502 -0.49072
1610111266.549420118 2.88028 0.96259 0.47813 0.52612 0.50040 -0.48222 -0.49017
1610111266.984149933 2.79586 0.96801 0.47918 0.52408 0.49936 -0.48360 -0.49205
1610111267.418879986 2.70603 0.97537 0.48035 0.52558 0.49867 -0.48442 -0.49033
1610111267.853600025 2.61528 0.98108 0.48103 0.52754 0.49537 -0.48059 -0.49532
1610111268.154570103 2.54613 0.98785 0.48147 0.52855 0.49239 -0.48267 -0.49520
1610111268.522419930 2.44875 0.98979 0.48490 0.53143 0.49403 -0.47760 -0.49539
1610111268.656179905 2.41299 0.99136 0.48530 0.53166 0.49353 -0.47765 -0.49560
1610111268.823379993 2.36998 0.99259 0.48641 0.53112 0.49287 -0.47857 -0.49594
1610111269.191230059 2.27391 0.99573 0.48956 0.52835 0.49515 -0.48389 -0.49145
1610111269.391870022 2.21649 0.99636 0.49009 0.52652 0.49714 -0.48444 -0.49087
1610111269.592519999 2.15131 0.99803 0.49023 0.52735 0.49935 -0.48259 -0.48955
1610111269.993799925 2.03052 0.99788 0.49229 0.52361 0.49964 -0.48511 -0.49078
1610111270.361639977 1.90920 0.99968 0.49336 0.52168 0.49971 -0.48809 -0.48980
1610111270.562289953 1.83506 1.00239 0.49338 0.52420 0.50162 -0.48563 -0.48760
1610111270.729490042 1.77620 1.00482 0.49112 0.52406 0.49902 -0.48605 -0.48999
1610111271.164220095 1.63231 1.01424 0.49260 0.52504 0.49502 -0.48716 -0.49190
1610111272.836250067 1.15036 1.06456 0.50222 0.52420 0.49510 -0.48389 -0.49592
1610111273.672260046 0.90626 1.08752 0.50505 0.52733 0.49533 -0.48154 -0.49466
1610111274.106990099 0.78783 1.10353 0.50602 -0.53494 -0.48491 0.47366 0.50433
1610111274.341089964 0.72396 1.11452 0.50834 -0.53822 -0.47707 0.47102 0.51075
1610111274.775799990 0.59912 1.13564 0.51396 -0.54706 -0.47377 0.46172 0.51293
1610111275.511490107 0.40058 1.17512 0.52097 -0.55116 -0.46790 0.45865 0.51665
1610111275.812459946 0.32306 1.18889 0.52365 -0.55189 -0.46777 0.45802 0.51655
1610111276.247179985 0.21540 1.20806 0.52472 -0.55139 -0.46732 0.45813 0.51740
1610111277.016319990 0.02035 1.24007 0.52685 -0.54626 -0.47191 0.46106 0.51608
1610111277.350719929 -0.05612 1.25261 0.52878 -0.54418 -0.47545 0.46608 0.51048
1610111277.584800005 -0.12322 1.26084 0.52673 -0.54384 -0.47841 0.46549 0.50861
1610111278.420819998 -0.33720 1.28839 0.53387 -0.53506 -0.48050 0.47361 0.50845
1610111278.855550051 -0.45744 1.30218 0.53466 -0.53793 -0.48253 0.47182 0.50516
1610111278.989310026 -0.48855 1.30517 0.53521 -0.53653 -0.48241 0.47222 0.50638
1610111279.457479954 -0.59759 1.31658 0.53690 -0.53060 -0.48830 0.47903 0.50056
1610111279.758440018 -0.67254 1.31715 0.53802 0.52711 0.49552 -0.48108 -0.49516
1610111280.159729958 -0.76784 1.32235 0.53914 0.51964 0.50132 -0.48664 -0.49176
1610111280.561019897 -0.86697 1.32909 0.54298 0.51617 0.50496 -0.49126 -0.48709
1610111280.895420074 -0.96122 1.33489 0.54596 0.51464 0.50841 -0.49088 -0.48549
1610111281.196379900 -1.03746 1.34235 0.55165 0.51248 0.51229 -0.49143 -0.48313
1610111281.631119967 -1.15730 1.35937 0.55544 0.50858 0.51639 -0.49617 -0.47802
1610111282.065840006 -1.26604 1.36411 0.55496 0.50715 0.51404 -0.49566 -0.48258
1610111282.467129946 -1.36556 1.37697 0.55640 0.51705 0.50403 -0.48811 -0.49027
1610111282.567450047 -1.39296 1.38130 0.55687 0.52170 0.50058 -0.48338 -0.49355
1610111282.868419886 -1.47827 1.39551 0.55879 -0.53612 -0.48783 0.46836 0.50521
1610111283.202820063 -1.57366 1.41322 0.56235 -0.54336 -0.47807 0.45992 0.51447
1610111283.403460026 -1.63237 1.42512 0.56543 -0.54794 -0.47411 0.45526 0.51743
1610111283.838190079 -1.76883 1.46051 0.56633 -0.54693 -0.47509 0.45128 0.52106
1610111284.306360006 -1.90214 1.48708 0.56302 -0.56287 -0.45421 0.43199 0.53875
1610111284.440119982 -1.91166 1.49404 0.56531 -0.57188 -0.44360 0.42111 0.54667
1610111284.908289909 -1.97122 1.52932 0.56979 -0.60244 -0.40156 0.37946 0.57605
1610111285.242700100 -2.05855 1.58074 0.57028 -0.61945 -0.37504 0.34861 0.59506
1610111285.343019962 -2.07233 1.59798 0.57406 -0.62431 -0.36541 0.34081 0.60047
1610111285.443340063 -2.08115 1.61271 0.57650 -0.63035 -0.35474 0.33116 0.60593
1610111285.543659925 -2.08446 1.62385 0.57906 -0.63618 -0.34299 0.32115 0.61197
1610111285.643980026 -2.08424 1.63214 0.58135 -0.64256 -0.33055 0.31000 0.61787
1610111285.744299889 -2.08119 1.63684 0.58383 -0.64889 -0.31715 0.29893 0.62370
1610111285.944940090 -2.07093 1.63826 0.58781 -0.66121 -0.28914 0.27594 0.63486
1610111286.413120031 -2.07246 1.64881 0.59219 -0.68658 -0.21693 0.21527 0.65970
1610111286.546880007 -2.07529 1.65807 0.59307 -0.69170 -0.20112 0.19911 0.66442
1610111286.948159933 -2.10609 1.72711 0.59187 -0.70369 -0.16103 0.15966 0.67335
1610111287.516649961 -2.13723 1.84095 0.59221 -0.71366 -0.10294 0.11147 0.68386
1610111287.917939901 -2.14050 1.91721 0.59336 -0.71939 -0.05638 0.06990 0.68878
1610111288.352659941 -2.15032 2.05036 0.59818 -0.72196 -0.02891 0.04289 0.69000
1610111288.519870043 -2.15431 2.10957 0.59945 -0.72221 -0.02404 0.03638 0.69030
1610111288.854279995 -2.15272 2.24182 0.60210 -0.72289 -0.01617 0.03408 0.68993
1610111289.255559921 -2.15681 2.40058 0.60935 -0.72687 -0.02220 0.03299 0.68563
1610111289.556519985 -2.15992 2.49959 0.61205 -0.72412 -0.03926 0.04509 0.68708
1610111289.757169962 -2.15979 2.56866 0.61636 -0.72453 -0.05247 0.05661 0.68491
1610111290.158459902 -2.14853 2.63204 0.62240 -0.72386 -0.05362 0.06672 0.68462
1610111290.626620054 -2.15032 2.61227 0.62622 -0.72557 -0.03134 0.04870 0.68571
1610111291.061350107 -2.15002 2.63446 0.63276 -0.72740 -0.03401 0.05109 0.68346
1610111291.496079922 -2.15295 2.72741 0.64219 -0.72879 -0.05459 0.06823 0.67914
1610111291.930799961 -2.16169 2.76718 0.64474 -0.72327 -0.10167 0.11462 0.67336
1610111292.332089901 -2.19278 2.75069 0.63693 -0.71159 -0.15581 0.16818 0.66414
1610111292.432420015 -2.20269 2.74306 0.63519 -0.70783 -0.17143 0.18336 0.66028
1610111292.532740116 -2.21134 2.73598 0.63334 -0.70463 -0.18617 0.19873 0.65524
1610111292.934020042 -2.23156 2.71251 0.63056 -0.68330 -0.24696 0.25866 0.63656
1610111293.201539993 -2.22890 2.69696 0.63176 -0.66464 -0.28636 0.29800 0.62246
1610111293.569390059 -2.26713 2.70383 0.63387 -0.64085 -0.33526 0.34133 0.60034
1610111293.736599922 -2.29989 2.71369 0.63476 -0.63048 -0.35685 0.35848 0.58877
1610111293.937239885 -2.32201 2.71839 0.63592 -0.61452 -0.38132 0.38166 0.57558
1610111294.371959925 -2.33411 2.69389 0.63791 -0.57412 -0.43441 0.43055 0.54433
1610111294.539170027 -2.35282 2.68745 0.63996 -0.55994 -0.45084 0.44731 0.53209
1610111294.773250103 -2.40142 2.69205 0.64368 -0.54588 -0.46483 0.46304 0.52110
1610111295.141099930 -2.50723 2.70464 0.64887 -0.53065 -0.48162 0.47779 0.50810
1610111295.408620119 -2.59882 2.70805 0.65542 0.51906 0.49149 -0.49085 -0.49807
1610111295.676140070 -2.71343 2.71186 0.65922 0.51529 0.50263 -0.49481 -0.48683
1610111295.943670034 -2.84145 2.71195 0.66143 0.51098 0.50990 -0.49710 -0.48144
1610111296.177759886 -2.95657 2.71092 0.66732 0.50597 0.51308 -0.50071 -0.47961
1610111296.344959974 -3.04761 2.71078 0.67025 0.50470 0.51666 -0.50321 -0.47445
1610111296.645920038 -3.16298 2.70863 0.67598 0.50129 0.51975 -0.50515 -0.47264
1610111297.047209978 -3.23940 2.70805 0.67665 0.49991 0.52054 -0.50626 -0.47204
1610111297.415060043 -3.27408 2.70634 0.67601 0.49973 0.51997 -0.50607 -0.47307
1610111297.615700006 -3.28525 2.70513 0.67587 0.49979 0.51991 -0.50566 -0.47351
1610111298.050420046 -3.29920 2.70382 0.67515 0.49969 0.52003 -0.50495 -0.47425
1610111298.418270111 -3.30393 2.70347 0.67456 0.49945 0.51987 -0.50477 -0.47485
1610111298.886440039 -3.30423 2.70346 0.67447 0.49926 0.51977 -0.50481 -0.47513
1610111299.321170092 -3.30404 2.70335 0.67444 0.49934 0.51969 -0.50476 -0.47519
1610111299.789340019 -3.30420 2.70331 0.67451 0.49939 0.51977 -0.50469 -0.47511
1610111300.190619946 -3.30410 2.70344 0.67448 0.49930 0.51975 -0.50472 -0.47520
1610111300.491580009 -3.30412 2.70337 0.67450 0.49946 0.51968 -0.50462 -0.47523
1610111300.959759951 -3.30411 2.70345 0.67447 0.49937 0.51975 -0.50466 -0.47519
1610111301.361040115 -3.30397 2.70345 0.67444 0.49928 0.51973 -0.50477 -0.47519
